patient,file,start_sec,end_sec,dose,scale,seed,value,reason,missing,events,intervals,clipped
chb01,chb01_01.edf,904.0,908.0,0.25,0.0,62,0.6171842911523988,ok,0,10,9,0.0
chb01,chb01_01.edf,904.0,908.0,0.25,0.0,63,2.043747370146671,ok,0,9,8,0.0
chb01,chb01_01.edf,904.0,908.0,0.25,0.0,64,0.8756532617719204,ok,0,9,8,0.0
chb01,chb01_01.edf,904.0,908.0,0.25,0.0,65,0.9667718123938864,ok,0,11,10,0.0
chb01,chb01_01.edf,904.0,908.0,0.25,0.0,66,0.3631787913269073,ok,0,11,9,0.0
chb01,chb01_01.edf,904.0,908.0,0.25,0.0,67,0.8092054221906116,ok,0,11,9,0.0
chb01,chb01_01.edf,904.0,908.0,0.25,0.0,68,0.9681035064574081,ok,0,9,8,0.0
chb01,chb01_01.edf,904.0,908.0,0.25,0.0,69,1.241548694349417,ok,0,10,8,0.0
chb01,chb01_01.edf,904.0,908.0,0.25,0.0,70,0.2793983295119334,ok,0,9,8,0.0
chb01,chb01_01.edf,904.0,908.0,0.25,0.0,71,1.5904417843670142,ok,0,12,11,0.0
chb01,chb01_01.edf,904.0,908.0,0.25,0.0,72,0.9990557900479503,ok,0,11,9,0.0
chb01,chb01_01.edf,904.0,908.0,0.25,0.0,73,0.4814093715175572,ok,0,8,7,0.0
chb01,chb01_01.edf,904.0,908.0,0.25,0.0,74,0.6162790697674418,ok,0,11,8,0.0
chb01,chb01_01.edf,904.0,908.0,0.25,0.0,75,0.35394981220923855,ok,0,12,11,0.0
chb01,chb01_01.edf,904.0,908.0,0.25,0.0,76,0.3909772130214703,ok,0,12,11,0.0
chb01,chb01_01.edf,904.0,908.0,0.25,0.0,77,0.9447730595988872,ok,0,6,4,0.0
chb01,chb01_01.edf,904.0,908.0,0.25,0.0,78,1.3483863463099397,ok,0,11,10,0.0
chb01,chb01_01.edf,904.0,908.0,0.25,0.0,79,0.1609368397508929,ok,0,7,6,0.0
chb01,chb01_01.edf,904.0,908.0,0.25,0.0,80,0.1797136108456547,ok,0,12,10,0.0
chb01,chb01_01.edf,904.0,908.0,0.25,0.0,81,1.4033891062507988,ok,0,10,7,0.0
chb01,chb01_01.edf,904.0,908.0,0.25,0.175,62,0.6577601667559823,ok,0,10,9,0.0
chb01,chb01_01.edf,904.0,908.0,0.25,0.175,63,2.043813729291342,ok,0,9,8,0.0
chb01,chb01_01.edf,904.0,908.0,0.25,0.175,64,0.8756532617719204,ok,0,9,8,0.0
chb01,chb01_01.edf,904.0,908.0,0.25,0.175,65,0.9667718123938864,ok,0,11,10,0.0
chb01,chb01_01.edf,904.0,908.0,0.25,0.175,66,0.3631787913269073,ok,0,11,9,0.0
chb01,chb01_01.edf,904.0,908.0,0.25,0.175,67,0.793177848124112,ok,0,11,9,0.0
chb01,chb01_01.edf,904.0,908.0,0.25,0.175,68,0.9681035064574081,ok,0,9,8,0.0
chb01,chb01_01.edf,904.0,908.0,0.25,0.175,69,1.3021781104089274,ok,0,9,7,0.0
chb01,chb01_01.edf,904.0,908.0,0.25,0.175,70,0.2793983295119334,ok,0,9,8,0.0
chb01,chb01_01.edf,904.0,908.0,0.25,0.175,71,1.5904417843670142,ok,0,12,11,0.0
chb01,chb01_01.edf,904.0,908.0,0.25,0.175,72,0.9990557900479503,ok,0,11,9,0.0
chb01,chb01_01.edf,904.0,908.0,0.25,0.175,73,0.5133812415611179,ok,0,7,5,0.0
chb01,chb01_01.edf,904.0,908.0,0.25,0.175,74,0.6162790697674418,ok,0,11,8,0.0
chb01,chb01_01.edf,904.0,908.0,0.25,0.175,75,0.5376264280321666,ok,0,11,10,0.0
chb01,chb01_01.edf,904.0,908.0,0.25,0.175,76,0.3909772130214703,ok,0,12,11,0.0
chb01,chb01_01.edf,904.0,908.0,0.25,0.175,77,0.9447730595988872,ok,0,6,4,0.0
chb01,chb01_01.edf,904.0,908.0,0.25,0.175,78,1.3407604740280588,ok,0,11,10,0.0
chb01,chb01_01.edf,904.0,908.0,0.25,0.175,79,0.1609368397508929,ok,0,7,6,0.0
chb01,chb01_01.edf,904.0,908.0,0.25,0.175,80,0.18934575045411953,ok,0,11,9,0.0
chb01,chb01_01.edf,904.0,908.0,0.25,0.175,81,1.3558611738243374,ok,0,10,9,0.0
chb01,chb01_01.edf,904.0,908.0,0.25,0.35,62,0.7273849360614434,ok,0,11,10,0.0
chb01,chb01_01.edf,904.0,908.0,0.25,0.35,63,2.0343025634694656,ok,0,9,8,0.0
chb01,chb01_01.edf,904.0,908.0,0.25,0.35,64,0.8756532617719204,ok,0,9,8,0.0
chb01,chb01_01.edf,904.0,908.0,0.25,0.35,65,0.9667718123938864,ok,0,11,10,0.0
chb01,chb01_01.edf,904.0,908.0,0.25,0.35,66,0.3631787913269073,ok,0,11,9,0.0
chb01,chb01_01.edf,904.0,908.0,0.25,0.35,67,0.793177848124112,ok,0,11,9,0.0
chb01,chb01_01.edf,904.0,908.0,0.25,0.35,68,1.0325289261124768,ok,0,10,9,0.0
chb01,chb01_01.edf,904.0,908.0,0.25,0.35,69,1.3682859336155115,ok,0,10,8,0.0
chb01,chb01_01.edf,904.0,908.0,0.25,0.35,70,0.2548092498320312,ok,0,9,8,0.0
chb01,chb01_01.edf,904.0,908.0,0.25,0.35,71,1.5045907243983458,ok,0,12,10,0.0
chb01,chb01_01.edf,904.0,908.0,0.25,0.35,72,1.0057549583930372,ok,0,10,9,0.0
chb01,chb01_01.edf,904.0,908.0,0.25,0.35,73,0.4602610076025563,ok,0,8,6,0.0
chb01,chb01_01.edf,904.0,908.0,0.25,0.35,74,0.6162790697674418,ok,0,11,8,0.0
chb01,chb01_01.edf,904.0,908.0,0.25,0.35,75,0.525235471944302,ok,0,11,10,0.0
chb01,chb01_01.edf,904.0,908.0,0.25,0.35,76,0.41416393787439987,ok,0,13,12,0.0
chb01,chb01_01.edf,904.0,908.0,0.25,0.35,77,0.8082721727422603,ok,0,5,3,0.0
chb01,chb01_01.edf,904.0,908.0,0.25,0.35,78,1.2302343800967892,ok,0,10,9,0.0
chb01,chb01_01.edf,904.0,908.0,0.25,0.35,79,0.1568870781527907,ok,0,8,5,0.0
chb01,chb01_01.edf,904.0,908.0,0.25,0.35,80,0.201122308468515,ok,0,10,8,0.0
chb01,chb01_01.edf,904.0,908.0,0.25,0.35,81,1.3560408846739733,ok,0,10,9,0.0
chb01,chb01_01.edf,904.0,908.0,0.25,0.7,62,0.7987387632975776,ok,0,12,11,0.0
chb01,chb01_01.edf,904.0,908.0,0.25,0.7,63,0.2452579491236117,ok,0,8,7,0.0
chb01,chb01_01.edf,904.0,908.0,0.25,0.7,64,0.8756532617719204,ok,0,9,8,0.0
chb01,chb01_01.edf,904.0,908.0,0.25,0.7,65,0.9667718123938864,ok,0,11,10,0.0
chb01,chb01_01.edf,904.0,908.0,0.25,0.7,66,0.17149574529335346,ok,0,12,10,0.0
chb01,chb01_01.edf,904.0,908.0,0.25,0.7,67,0.35790438831128385,ok,0,13,12,0.0
chb01,chb01_01.edf,904.0,908.0,0.25,0.7,68,1.0325289261124768,ok,0,10,9,0.0
chb01,chb01_01.edf,904.0,908.0,0.25,0.7,69,1.283075832957713,ok,0,11,9,0.0
chb01,chb01_01.edf,904.0,908.0,0.25,0.7,70,0.2548092498320312,ok,0,9,8,0.0
chb01,chb01_01.edf,904.0,908.0,0.25,0.7,71,1.4968239612468446,ok,0,12,10,0.0
chb01,chb01_01.edf,904.0,908.0,0.25,0.7,72,1.0553318992116902,ok,0,8,7,0.0
chb01,chb01_01.edf,904.0,908.0,0.25,0.7,73,0.5001585343938548,ok,0,9,8,0.0
chb01,chb01_01.edf,904.0,908.0,0.25,0.7,74,0.6112674682930557,ok,0,11,8,0.0
chb01,chb01_01.edf,904.0,908.0,0.25,0.7,75,0.4571592030580668,ok,0,10,9,0.0
chb01,chb01_01.edf,904.0,908.0,0.25,0.7,76,0.45386096280396393,ok,0,14,13,0.0
chb01,chb01_01.edf,904.0,908.0,0.25,0.7,77,0.4580997838008462,ok,0,6,4,0.0
chb01,chb01_01.edf,904.0,908.0,0.25,0.7,78,1.219520544413295,ok,0,10,9,0.0
chb01,chb01_01.edf,904.0,908.0,0.25,0.7,79,0.1568870781527907,ok,0,8,5,0.0
chb01,chb01_01.edf,904.0,908.0,0.25,0.7,80,0.24198728268834216,ok,0,11,8,0.0
chb01,chb01_01.edf,904.0,908.0,0.25,0.7,81,1.3258172830910167,ok,0,10,8,0.0
chb01,chb01_01.edf,904.0,908.0,0.5,0.0,62,0.5712931377579745,ok,0,12,11,0.0
chb01,chb01_01.edf,904.0,908.0,0.5,0.0,63,0.16726057798219393,ok,0,8,7,0.0
chb01,chb01_01.edf,904.0,908.0,0.5,0.0,64,0.19637001542360058,ok,0,9,8,0.0
chb01,chb01_01.edf,904.0,908.0,0.5,0.0,65,0.546024803519956,ok,0,10,8,0.0
chb01,chb01_01.edf,904.0,908.0,0.5,0.0,66,0.3428004452807938,ok,0,11,9,0.0
chb01,chb01_01.edf,904.0,908.0,0.5,0.0,67,0.9454773281444654,ok,0,7,6,0.0
chb01,chb01_01.edf,904.0,908.0,0.5,0.0,68,1.2291207868644798,ok,0,12,11,0.0
chb01,chb01_01.edf,904.0,908.0,0.5,0.0,69,1.1682562182790923,ok,0,9,7,0.0
chb01,chb01_01.edf,904.0,908.0,0.5,0.0,70,0.5111811702061327,ok,0,14,13,0.0
chb01,chb01_01.edf,904.0,908.0,0.5,0.0,71,1.8179982256514546,ok,0,11,9,0.0
chb01,chb01_01.edf,904.0,908.0,0.5,0.0,72,0.18642507739616473,ok,0,6,5,0.0
chb01,chb01_01.edf,904.0,908.0,0.5,0.0,73,0.6286253346157429,ok,0,10,9,0.0
chb01,chb01_01.edf,904.0,908.0,0.5,0.0,74,0.6476197533905482,ok,0,9,7,0.0
chb01,chb01_01.edf,904.0,908.0,0.5,0.0,75,0.9626906857352386,ok,0,12,10,0.0
chb01,chb01_01.edf,904.0,908.0,0.5,0.0,76,0.48840569686484475,ok,0,10,9,0.0
chb01,chb01_01.edf,904.0,908.0,0.5,0.0,77,1.4397992123948258,ok,0,10,9,0.0
chb01,chb01_01.edf,904.0,908.0,0.5,0.0,78,0.8783739115481473,ok,0,10,9,0.0
chb01,chb01_01.edf,904.0,908.0,0.5,0.0,79,0.6660998123404629,ok,0,8,7,0.0
chb01,chb01_01.edf,904.0,908.0,0.5,0.0,80,0.48943288169382493,ok,0,10,8,0.0
chb01,chb01_01.edf,904.0,908.0,0.5,0.0,81,1.3487816138931745,ok,0,10,9,0.0
chb01,chb01_01.edf,904.0,908.0,0.5,0.175,62,0.6559757885363878,ok,0,12,11,0.0
chb01,chb01_01.edf,904.0,908.0,0.5,0.175,63,0.16726057798219393,ok,0,8,7,0.0
chb01,chb01_01.edf,904.0,908.0,0.5,0.175,64,0.19637001542360058,ok,0,9,8,0.0
chb01,chb01_01.edf,904.0,908.0,0.5,0.175,65,0.546024803519956,ok,0,10,8,0.0
chb01,chb01_01.edf,904.0,908.0,0.5,0.175,66,0.3428004452807938,ok,0,11,9,0.0
chb01,chb01_01.edf,904.0,908.0,0.5,0.175,67,0.9454773281444654,ok,0,7,6,0.0
chb01,chb01_01.edf,904.0,908.0,0.5,0.175,68,1.2291207868644798,ok,0,12,11,0.0
chb01,chb01_01.edf,904.0,908.0,0.5,0.175,69,1.2023157860598088,ok,0,8,6,0.0
chb01,chb01_01.edf,904.0,908.0,0.5,0.175,70,0.5111811702061327,ok,0,14,13,0.0
chb01,chb01_01.edf,904.0,908.0,0.5,0.175,71,1.8179982256514546,ok,0,11,9,0.0
chb01,chb01_01.edf,904.0,908.0,0.5,0.175,72,1.669875967966309,ok,0,7,6,0.0
chb01,chb01_01.edf,904.0,908.0,0.5,0.175,73,0.6286253346157429,ok,0,10,9,0.0
chb01,chb01_01.edf,904.0,908.0,0.5,0.175,74,0.655280757217913,ok,0,10,8,0.0
chb01,chb01_01.edf,904.0,908.0,0.5,0.175,75,0.9304566943784026,ok,0,11,10,0.0
chb01,chb01_01.edf,904.0,908.0,0.5,0.175,76,0.48840569686484475,ok,0,10,9,0.0
chb01,chb01_01.edf,904.0,908.0,0.5,0.175,77,1.4397992123948258,ok,0,10,9,0.0
chb01,chb01_01.edf,904.0,908.0,0.5,0.175,78,0.8764622074007292,ok,0,10,9,0.0
chb01,chb01_01.edf,904.0,908.0,0.5,0.175,79,0.15218217883084012,ok,0,8,6,0.0
chb01,chb01_01.edf,904.0,908.0,0.5,0.175,80,0.5881380384128505,ok,0,9,7,0.0
chb01,chb01_01.edf,904.0,908.0,0.5,0.175,81,1.3090048744270146,ok,0,10,9,0.0
chb01,chb01_01.edf,904.0,908.0,0.5,0.35,62,0.6165905823878566,ok,0,12,10,0.0
chb01,chb01_01.edf,904.0,908.0,0.5,0.35,63,0.16726057798219393,ok,0,8,7,0.0
chb01,chb01_01.edf,904.0,908.0,0.5,0.35,64,0.19637001542360058,ok,0,9,8,0.0
chb01,chb01_01.edf,904.0,908.0,0.5,0.35,65,0.546024803519956,ok,0,10,8,0.0
chb01,chb01_01.edf,904.0,908.0,0.5,0.35,66,0.16626638086018392,ok,0,12,10,0.0
chb01,chb01_01.edf,904.0,908.0,0.5,0.35,67,0.9454773281444654,ok,0,7,6,0.0
chb01,chb01_01.edf,904.0,908.0,0.5,0.35,68,1.2291207868644798,ok,0,12,11,0.0
chb01,chb01_01.edf,904.0,908.0,0.5,0.35,69,1.0610836315798138,ok,0,8,5,0.0
chb01,chb01_01.edf,904.0,908.0,0.5,0.35,70,0.5111811702061327,ok,0,14,13,0.0
chb01,chb01_01.edf,904.0,908.0,0.5,0.35,71,1.8179982256514546,ok,0,11,9,0.0
chb01,chb01_01.edf,904.0,908.0,0.5,0.35,72,1.669875967966309,ok,0,7,6,0.0
chb01,chb01_01.edf,904.0,908.0,0.5,0.35,73,0.6291090070021625,ok,0,10,9,0.0
chb01,chb01_01.edf,904.0,908.0,0.5,0.35,74,0.655280757217913,ok,0,10,8,0.0
chb01,chb01_01.edf,904.0,908.0,0.5,0.35,75,0.9304566943784026,ok,0,11,10,0.0
chb01,chb01_01.edf,904.0,908.0,0.5,0.35,76,0.3297550339148682,ok,0,11,10,0.0
chb01,chb01_01.edf,904.0,908.0,0.5,0.35,77,1.4397992123948258,ok,0,10,9,0.0
chb01,chb01_01.edf,904.0,908.0,0.5,0.35,78,0.8779361803529375,ok,0,10,9,0.0
chb01,chb01_01.edf,904.0,908.0,0.5,0.35,79,0.15218217883084012,ok,0,8,6,0.0
chb01,chb01_01.edf,904.0,908.0,0.5,0.35,80,0.644942214270818,ok,0,8,6,0.0
chb01,chb01_01.edf,904.0,908.0,0.5,0.35,81,1.284285628115185,ok,0,10,8,0.0
chb01,chb01_01.edf,904.0,908.0,0.5,0.7,62,0.6165905823878566,ok,0,12,10,0.0
chb01,chb01_01.edf,904.0,908.0,0.5,0.7,63,0.17433069093348424,ok,0,8,7,0.0
chb01,chb01_01.edf,904.0,908.0,0.5,0.7,64,0.2026525423725464,ok,0,9,7,0.0
chb01,chb01_01.edf,904.0,908.0,0.5,0.7,65,0.546024803519956,ok,0,10,8,0.0
chb01,chb01_01.edf,904.0,908.0,0.5,0.7,66,0.16626638086018392,ok,0,12,10,0.0
chb01,chb01_01.edf,904.0,908.0,0.5,0.7,67,0.7622950727839145,ok,0,6,5,0.0
chb01,chb01_01.edf,904.0,908.0,0.5,0.7,68,1.2563716415680837,ok,0,11,10,0.0
chb01,chb01_01.edf,904.0,908.0,0.5,0.7,69,1.1223549707223526,ok,0,10,7,0.0
chb01,chb01_01.edf,904.0,908.0,0.5,0.7,70,0.4997975687782662,ok,0,14,13,0.0
chb01,chb01_01.edf,904.0,908.0,0.5,0.7,71,1.5045907243983458,ok,0,12,10,0.0
chb01,chb01_01.edf,904.0,908.0,0.5,0.7,72,1.669875967966309,ok,0,7,6,0.0
chb01,chb01_01.edf,904.0,908.0,0.5,0.7,73,0.6323083252510742,ok,0,12,11,0.0
chb01,chb01_01.edf,904.0,908.0,0.5,0.7,74,0.6438873094192759,ok,0,10,8,0.0
chb01,chb01_01.edf,904.0,908.0,0.5,0.7,75,0.8179502626058576,ok,0,10,9,0.0
chb01,chb01_01.edf,904.0,908.0,0.5,0.7,76,0.3297550339148682,ok,0,11,10,0.0
chb01,chb01_01.edf,904.0,908.0,0.5,0.7,77,1.4397992123948258,ok,0,10,9,0.0
chb01,chb01_01.edf,904.0,908.0,0.5,0.7,78,0.9408652433893946,ok,0,10,9,0.0
chb01,chb01_01.edf,904.0,908.0,0.5,0.7,79,0.15218217883084012,ok,0,8,6,0.0
chb01,chb01_01.edf,904.0,908.0,0.5,0.7,80,0.5323464629494118,ok,0,7,5,0.0
chb01,chb01_01.edf,904.0,908.0,0.5,0.7,81,1.3062033658233947,ok,0,9,7,0.0
chb01,chb01_01.edf,904.0,908.0,1.0,0.0,62,0.7743914046997703,ok,0,11,10,0.0
chb01,chb01_01.edf,904.0,908.0,1.0,0.0,63,0.21488489744161204,ok,0,8,7,0.0
chb01,chb01_01.edf,904.0,908.0,1.0,0.0,64,0.17192047651837583,ok,0,10,9,0.0
chb01,chb01_01.edf,904.0,908.0,1.0,0.0,65,0.48620003231413916,ok,0,12,9,0.0
chb01,chb01_01.edf,904.0,908.0,1.0,0.0,66,1.3756822323974554,ok,0,13,11,0.0
chb01,chb01_01.edf,904.0,908.0,1.0,0.0,67,1.0067830609804835,ok,0,9,8,0.0
chb01,chb01_01.edf,904.0,908.0,1.0,0.0,68,1.5176810316646947,ok,0,13,11,0.0
chb01,chb01_01.edf,904.0,908.0,1.0,0.0,69,1.0610836315798138,ok,0,8,5,0.0
chb01,chb01_01.edf,904.0,908.0,1.0,0.0,70,0.981919803246944,ok,0,12,11,0.0
chb01,chb01_01.edf,904.0,908.0,1.0,0.0,71,1.7937447317653397,ok,0,10,8,0.0
chb01,chb01_01.edf,904.0,908.0,1.0,0.0,72,0.18642507739616473,ok,0,6,5,0.0
chb01,chb01_01.edf,904.0,908.0,1.0,0.0,73,0.5987516059102022,ok,0,9,8,0.0
chb01,chb01_01.edf,904.0,908.0,1.0,0.0,74,0.6443582292066723,ok,0,11,10,0.0
chb01,chb01_01.edf,904.0,908.0,1.0,0.0,75,1.65888681246551,ok,0,10,7,0.0
chb01,chb01_01.edf,904.0,908.0,1.0,0.0,76,0.22553402254439306,ok,0,12,11,0.0
chb01,chb01_01.edf,904.0,908.0,1.0,0.0,77,1.261454559020981,ok,0,10,9,0.0
chb01,chb01_01.edf,904.0,908.0,1.0,0.0,78,1.9856992051961986,ok,0,12,11,0.0
chb01,chb01_01.edf,904.0,908.0,1.0,0.0,79,0.1609368397508929,ok,0,7,6,0.0
chb01,chb01_01.edf,904.0,908.0,1.0,0.0,80,0.8375512923759941,ok,0,11,9,0.0
chb01,chb01_01.edf,904.0,908.0,1.0,0.0,81,1.3218647883394035,ok,0,10,8,0.0
chb01,chb01_01.edf,904.0,908.0,1.0,0.175,62,0.7796306885747217,ok,0,12,10,0.0
chb01,chb01_01.edf,904.0,908.0,1.0,0.175,63,0.2173990092096237,ok,0,9,8,0.0
chb01,chb01_01.edf,904.0,908.0,1.0,0.175,64,0.17599259780918877,ok,0,10,8,0.0
chb01,chb01_01.edf,904.0,908.0,1.0,0.175,65,0.48620003231413916,ok,0,12,9,0.0
chb01,chb01_01.edf,904.0,908.0,1.0,0.175,66,1.5167540848237777,ok,0,12,10,0.0
chb01,chb01_01.edf,904.0,908.0,1.0,0.175,67,1.0067830609804835,ok,0,9,8,0.0
chb01,chb01_01.edf,904.0,908.0,1.0,0.175,68,1.5176810316646947,ok,0,13,11,0.0
chb01,chb01_01.edf,904.0,908.0,1.0,0.175,69,1.0610836315798138,ok,0,8,5,0.0
chb01,chb01_01.edf,904.0,908.0,1.0,0.175,70,1.0713161689866328,ok,0,12,9,0.0
chb01,chb01_01.edf,904.0,908.0,1.0,0.175,71,1.7937447317653397,ok,0,10,8,0.0
chb01,chb01_01.edf,904.0,908.0,1.0,0.175,72,0.18642507739616473,ok,0,6,5,0.0
chb01,chb01_01.edf,904.0,908.0,1.0,0.175,73,0.5987516059102022,ok,0,9,8,0.0
chb01,chb01_01.edf,904.0,908.0,1.0,0.175,74,0.6443582292066723,ok,0,11,10,0.0
chb01,chb01_01.edf,904.0,908.0,1.0,0.175,75,1.65888681246551,ok,0,10,7,0.0
chb01,chb01_01.edf,904.0,908.0,1.0,0.175,76,0.22553402254439306,ok,0,12,11,0.0
chb01,chb01_01.edf,904.0,908.0,1.0,0.175,77,1.261454559020981,ok,0,10,9,0.0
chb01,chb01_01.edf,904.0,908.0,1.0,0.175,78,2.0008167178077203,ok,0,11,10,0.0
chb01,chb01_01.edf,904.0,908.0,1.0,0.175,79,0.1609368397508929,ok,0,7,6,0.0
chb01,chb01_01.edf,904.0,908.0,1.0,0.175,80,0.9244954663863411,ok,0,10,8,0.0
chb01,chb01_01.edf,904.0,908.0,1.0,0.175,81,1.3218647883394035,ok,0,10,8,0.0
chb01,chb01_01.edf,904.0,908.0,1.0,0.35,62,0.7796306885747217,ok,0,12,10,0.0
chb01,chb01_01.edf,904.0,908.0,1.0,0.35,63,0.16726057798219393,ok,0,8,7,0.0
chb01,chb01_01.edf,904.0,908.0,1.0,0.35,64,0.17599259780918877,ok,0,10,8,0.0
chb01,chb01_01.edf,904.0,908.0,1.0,0.35,65,0.49292157435773215,ok,0,12,10,0.0
chb01,chb01_01.edf,904.0,908.0,1.0,0.35,66,1.5167540848237777,ok,0,12,10,0.0
chb01,chb01_01.edf,904.0,908.0,1.0,0.35,67,1.0067830609804835,ok,0,9,8,0.0
chb01,chb01_01.edf,904.0,908.0,1.0,0.35,68,1.5176810316646947,ok,0,13,11,0.0
chb01,chb01_01.edf,904.0,908.0,1.0,0.35,69,1.0610836315798138,ok,0,8,5,0.0
chb01,chb01_01.edf,904.0,908.0,1.0,0.35,70,1.02561670668018,ok,0,11,8,0.0
chb01,chb01_01.edf,904.0,908.0,1.0,0.35,71,1.7937447317653397,ok,0,10,8,0.0
chb01,chb01_01.edf,904.0,908.0,1.0,0.35,72,0.18642507739616473,ok,0,6,5,0.0
chb01,chb01_01.edf,904.0,908.0,1.0,0.35,73,0.5987516059102022,ok,0,9,8,0.0
chb01,chb01_01.edf,904.0,908.0,1.0,0.35,74,0.6443582292066723,ok,0,11,10,0.0
chb01,chb01_01.edf,904.0,908.0,1.0,0.35,75,1.590513747280279,ok,0,9,7,0.0
chb01,chb01_01.edf,904.0,908.0,1.0,0.35,76,0.22553402254439306,ok,0,12,11,0.0
chb01,chb01_01.edf,904.0,908.0,1.0,0.35,77,1.1823574475580834,ok,0,9,8,0.0
chb01,chb01_01.edf,904.0,908.0,1.0,0.35,78,2.0008167178077203,ok,0,11,10,0.0
chb01,chb01_01.edf,904.0,908.0,1.0,0.35,79,0.1609368397508929,ok,0,7,6,0.0
chb01,chb01_01.edf,904.0,908.0,1.0,0.35,80,0.7755806492065128,ok,0,10,8,0.0
chb01,chb01_01.edf,904.0,908.0,1.0,0.35,81,1.3218647883394035,ok,0,10,8,0.0
chb01,chb01_01.edf,904.0,908.0,1.0,0.7,62,0.7796306885747217,ok,0,12,10,0.0
chb01,chb01_01.edf,904.0,908.0,1.0,0.7,63,0.17433069093348424,ok,0,8,7,0.0
chb01,chb01_01.edf,904.0,908.0,1.0,0.7,64,0.19077999981191643,ok,0,10,8,0.0
chb01,chb01_01.edf,904.0,908.0,1.0,0.7,65,0.49292157435773215,ok,0,12,10,0.0
chb01,chb01_01.edf,904.0,908.0,1.0,0.7,66,1.5167540848237777,ok,0,12,10,0.0
chb01,chb01_01.edf,904.0,908.0,1.0,0.7,67,1.0276695755361174,ok,0,9,8,0.0
chb01,chb01_01.edf,904.0,908.0,1.0,0.7,68,1.5176810316646947,ok,0,13,11,0.0
chb01,chb01_01.edf,904.0,908.0,1.0,0.7,69,1.0577240820781741,ok,0,7,5,0.0
chb01,chb01_01.edf,904.0,908.0,1.0,0.7,70,1.02561670668018,ok,0,11,8,0.0
chb01,chb01_01.edf,904.0,908.0,1.0,0.7,71,1.8179982256514546,ok,0,11,9,0.0
chb01,chb01_01.edf,904.0,908.0,1.0,0.7,72,1.669875967966309,ok,0,7,6,0.0
chb01,chb01_01.edf,904.0,908.0,1.0,0.7,73,0.6620346424297201,ok,0,10,9,0.0
chb01,chb01_01.edf,904.0,908.0,1.0,0.7,74,0.6374499047614289,ok,0,11,10,0.0
chb01,chb01_01.edf,904.0,908.0,1.0,0.7,75,1.590513747280279,ok,0,9,7,0.0
chb01,chb01_01.edf,904.0,908.0,1.0,0.7,76,0.22553402254439306,ok,0,12,11,0.0
chb01,chb01_01.edf,904.0,908.0,1.0,0.7,77,1.2364709602534274,ok,0,10,9,0.0
chb01,chb01_01.edf,904.0,908.0,1.0,0.7,78,2.0008167178077203,ok,0,11,10,0.0
chb01,chb01_01.edf,904.0,908.0,1.0,0.7,79,0.1609368397508929,ok,0,7,6,0.0
chb01,chb01_01.edf,904.0,908.0,1.0,0.7,80,0.6579991847547874,ok,0,9,7,0.0
chb01,chb01_01.edf,904.0,908.0,1.0,0.7,81,1.2766330584683692,ok,0,11,9,0.0
chb01,chb01_01.edf,2700.0,2704.0,0.25,0.0,62,0.6171842911523988,ok,0,10,9,0.0
chb01,chb01_01.edf,2700.0,2704.0,0.25,0.0,63,2.043747370146671,ok,0,9,8,0.0
chb01,chb01_01.edf,2700.0,2704.0,0.25,0.0,64,0.8756532617719204,ok,0,9,8,0.0
chb01,chb01_01.edf,2700.0,2704.0,0.25,0.0,65,0.9667718123938864,ok,0,11,10,0.0
chb01,chb01_01.edf,2700.0,2704.0,0.25,0.0,66,0.3631787913269073,ok,0,11,9,0.0
chb01,chb01_01.edf,2700.0,2704.0,0.25,0.0,67,0.8092054221906116,ok,0,11,9,0.0
chb01,chb01_01.edf,2700.0,2704.0,0.25,0.0,68,0.9681035064574081,ok,0,9,8,0.0
chb01,chb01_01.edf,2700.0,2704.0,0.25,0.0,69,1.241548694349417,ok,0,10,8,0.0
chb01,chb01_01.edf,2700.0,2704.0,0.25,0.0,70,0.2793983295119334,ok,0,9,8,0.0
chb01,chb01_01.edf,2700.0,2704.0,0.25,0.0,71,1.5904417843670142,ok,0,12,11,0.0
chb01,chb01_01.edf,2700.0,2704.0,0.25,0.0,72,0.9990557900479503,ok,0,11,9,0.0
chb01,chb01_01.edf,2700.0,2704.0,0.25,0.0,73,0.4814093715175572,ok,0,8,7,0.0
chb01,chb01_01.edf,2700.0,2704.0,0.25,0.0,74,0.6162790697674418,ok,0,11,8,0.0
chb01,chb01_01.edf,2700.0,2704.0,0.25,0.0,75,0.35394981220923855,ok,0,12,11,0.0
chb01,chb01_01.edf,2700.0,2704.0,0.25,0.0,76,0.3909772130214703,ok,0,12,11,0.0
chb01,chb01_01.edf,2700.0,2704.0,0.25,0.0,77,0.9447730595988872,ok,0,6,4,0.0
chb01,chb01_01.edf,2700.0,2704.0,0.25,0.0,78,1.3483863463099397,ok,0,11,10,0.0
chb01,chb01_01.edf,2700.0,2704.0,0.25,0.0,79,0.1609368397508929,ok,0,7,6,0.0
chb01,chb01_01.edf,2700.0,2704.0,0.25,0.0,80,0.1797136108456547,ok,0,12,10,0.0
chb01,chb01_01.edf,2700.0,2704.0,0.25,0.0,81,1.4033891062507988,ok,0,10,7,0.0
chb01,chb01_01.edf,2700.0,2704.0,0.25,0.175,62,0.6497547527538127,ok,0,11,10,0.0
chb01,chb01_01.edf,2700.0,2704.0,0.25,0.175,63,2.043747370146671,ok,0,9,8,0.0
chb01,chb01_01.edf,2700.0,2704.0,0.25,0.175,64,0.8756532617719204,ok,0,9,8,0.0
chb01,chb01_01.edf,2700.0,2704.0,0.25,0.175,65,0.9667718123938864,ok,0,11,10,0.0
chb01,chb01_01.edf,2700.0,2704.0,0.25,0.175,66,0.3428004452807938,ok,0,11,9,0.0
chb01,chb01_01.edf,2700.0,2704.0,0.25,0.175,67,0.589515634014297,ok,0,11,9,0.0
chb01,chb01_01.edf,2700.0,2704.0,0.25,0.175,68,0.8724944411563244,ok,0,8,7,0.0
chb01,chb01_01.edf,2700.0,2704.0,0.25,0.175,69,1.241548694349417,ok,0,10,8,0.0
chb01,chb01_01.edf,2700.0,2704.0,0.25,0.175,70,0.2793983295119334,ok,0,9,8,0.0
chb01,chb01_01.edf,2700.0,2704.0,0.25,0.175,71,1.5450415179488939,ok,0,12,10,0.0
chb01,chb01_01.edf,2700.0,2704.0,0.25,0.175,72,1.1787618621107052,ok,0,8,7,0.0
chb01,chb01_01.edf,2700.0,2704.0,0.25,0.175,73,0.528535438097711,ok,0,8,6,0.0
chb01,chb01_01.edf,2700.0,2704.0,0.25,0.175,74,0.6162790697674418,ok,0,11,8,0.0
chb01,chb01_01.edf,2700.0,2704.0,0.25,0.175,75,0.35394981220923855,ok,0,12,11,0.0
chb01,chb01_01.edf,2700.0,2704.0,0.25,0.175,76,0.3909772130214703,ok,0,12,11,0.0
chb01,chb01_01.edf,2700.0,2704.0,0.25,0.175,77,0.9447730595988872,ok,0,6,4,0.0
chb01,chb01_01.edf,2700.0,2704.0,0.25,0.175,78,1.3483863463099397,ok,0,11,10,0.0
chb01,chb01_01.edf,2700.0,2704.0,0.25,0.175,79,0.1609368397508929,ok,0,7,6,0.0
chb01,chb01_01.edf,2700.0,2704.0,0.25,0.175,80,0.21406832300309636,ok,0,11,8,0.0
chb01,chb01_01.edf,2700.0,2704.0,0.25,0.175,81,1.391697303472564,ok,0,9,8,0.0
chb01,chb01_01.edf,2700.0,2704.0,0.25,0.35,62,0.6571540226148345,ok,0,11,10,0.0
chb01,chb01_01.edf,2700.0,2704.0,0.25,0.35,63,1.8974852433835454,ok,0,9,7,0.0
chb01,chb01_01.edf,2700.0,2704.0,0.25,0.35,64,0.8374454816418183,ok,0,9,8,0.0
chb01,chb01_01.edf,2700.0,2704.0,0.25,0.35,65,1.364930930293556,ok,0,9,8,0.0
chb01,chb01_01.edf,2700.0,2704.0,0.25,0.35,66,0.3428004452807938,ok,0,11,9,0.0
chb01,chb01_01.edf,2700.0,2704.0,0.25,0.35,67,0.4953441275120524,ok,0,11,10,0.0
chb01,chb01_01.edf,2700.0,2704.0,0.25,0.35,68,0.8724944411563244,ok,0,8,7,0.0
chb01,chb01_01.edf,2700.0,2704.0,0.25,0.35,69,1.133030991562399,ok,0,10,7,0.0
chb01,chb01_01.edf,2700.0,2704.0,0.25,0.35,70,0.2793983295119334,ok,0,9,8,0.0
chb01,chb01_01.edf,2700.0,2704.0,0.25,0.35,71,1.5450415179488939,ok,0,12,10,0.0
chb01,chb01_01.edf,2700.0,2704.0,0.25,0.35,72,1.1813662459389123,ok,0,8,7,0.0
chb01,chb01_01.edf,2700.0,2704.0,0.25,0.35,73,0.5301986688849947,ok,0,8,7,0.0
chb01,chb01_01.edf,2700.0,2704.0,0.25,0.35,74,0.3715847515252647,ok,0,11,8,0.0
chb01,chb01_01.edf,2700.0,2704.0,0.25,0.35,75,0.6545792903973429,ok,0,11,10,0.0
chb01,chb01_01.edf,2700.0,2704.0,0.25,0.35,76,0.4175653128148249,ok,0,13,12,0.0
chb01,chb01_01.edf,2700.0,2704.0,0.25,0.35,77,0.8585052603311499,ok,0,7,5,0.0
chb01,chb01_01.edf,2700.0,2704.0,0.25,0.35,78,1.3475272288530968,ok,0,11,10,0.0
chb01,chb01_01.edf,2700.0,2704.0,0.25,0.35,79,1.6645984136381196,ok,0,8,7,0.0
chb01,chb01_01.edf,2700.0,2704.0,0.25,0.35,80,0.20805602846257226,ok,0,12,9,0.0
chb01,chb01_01.edf,2700.0,2704.0,0.25,0.35,81,1.3558611738243374,ok,0,10,9,0.0
chb01,chb01_01.edf,2700.0,2704.0,0.25,0.7,62,0.7183557711448497,ok,0,10,9,0.0
chb01,chb01_01.edf,2700.0,2704.0,0.25,0.7,63,2.0306356621716013,ok,0,9,8,0.0
chb01,chb01_01.edf,2700.0,2704.0,0.25,0.7,64,0.9185342791544104,ok,0,10,9,0.0
chb01,chb01_01.edf,2700.0,2704.0,0.25,0.7,65,0.6922654900829943,ok,0,11,10,0.0
chb01,chb01_01.edf,2700.0,2704.0,0.25,0.7,66,0.15847811710046017,ok,0,12,10,0.0
chb01,chb01_01.edf,2700.0,2704.0,0.25,0.7,67,0.5706208483145612,ok,0,11,10,0.0
chb01,chb01_01.edf,2700.0,2704.0,0.25,0.7,68,0.5684429053180796,ok,0,9,8,0.0
chb01,chb01_01.edf,2700.0,2704.0,0.25,0.7,69,1.1286155707354644,ok,0,10,7,0.0
chb01,chb01_01.edf,2700.0,2704.0,0.25,0.7,70,0.4380318473144032,ok,0,10,9,0.0
chb01,chb01_01.edf,2700.0,2704.0,0.25,0.7,71,1.3164821160709432,ok,0,12,10,0.0
chb01,chb01_01.edf,2700.0,2704.0,0.25,0.7,72,0.2722182963391763,ok,0,6,4,0.0
chb01,chb01_01.edf,2700.0,2704.0,0.25,0.7,73,0.5095394575029304,ok,0,8,7,0.0
chb01,chb01_01.edf,2700.0,2704.0,0.25,0.7,74,0.34138541269362993,ok,0,12,9,0.0
chb01,chb01_01.edf,2700.0,2704.0,0.25,0.7,75,0.5779579272851181,ok,0,10,9,0.0
chb01,chb01_01.edf,2700.0,2704.0,0.25,0.7,76,0.4289671074359988,ok,0,13,12,0.0
chb01,chb01_01.edf,2700.0,2704.0,0.25,0.7,77,0.8585798431358242,ok,0,7,5,0.0
chb01,chb01_01.edf,2700.0,2704.0,0.25,0.7,78,1.2499223309001797,ok,0,10,9,0.0
chb01,chb01_01.edf,2700.0,2704.0,0.25,0.7,79,1.6648920430495686,ok,0,8,7,0.0
chb01,chb01_01.edf,2700.0,2704.0,0.25,0.7,80,0.21863495779710468,ok,0,12,9,0.0
chb01,chb01_01.edf,2700.0,2704.0,0.25,0.7,81,1.3558611738243374,ok,0,10,9,0.0
chb01,chb01_01.edf,2700.0,2704.0,0.5,0.0,62,0.5712931377579745,ok,0,12,11,0.0
chb01,chb01_01.edf,2700.0,2704.0,0.5,0.0,63,0.16726057798219393,ok,0,8,7,0.0
chb01,chb01_01.edf,2700.0,2704.0,0.5,0.0,64,0.19637001542360058,ok,0,9,8,0.0
chb01,chb01_01.edf,2700.0,2704.0,0.5,0.0,65,0.546024803519956,ok,0,10,8,0.0
chb01,chb01_01.edf,2700.0,2704.0,0.5,0.0,66,0.3428004452807938,ok,0,11,9,0.0
chb01,chb01_01.edf,2700.0,2704.0,0.5,0.0,67,0.9454773281444654,ok,0,7,6,0.0
chb01,chb01_01.edf,2700.0,2704.0,0.5,0.0,68,1.2291207868644798,ok,0,12,11,0.0
chb01,chb01_01.edf,2700.0,2704.0,0.5,0.0,69,1.1682562182790923,ok,0,9,7,0.0
chb01,chb01_01.edf,2700.0,2704.0,0.5,0.0,70,0.5111811702061327,ok,0,14,13,0.0
chb01,chb01_01.edf,2700.0,2704.0,0.5,0.0,71,1.8179982256514546,ok,0,11,9,0.0
chb01,chb01_01.edf,2700.0,2704.0,0.5,0.0,72,0.18642507739616473,ok,0,6,5,0.0
chb01,chb01_01.edf,2700.0,2704.0,0.5,0.0,73,0.6286253346157429,ok,0,10,9,0.0
chb01,chb01_01.edf,2700.0,2704.0,0.5,0.0,74,0.6476197533905482,ok,0,9,7,0.0
chb01,chb01_01.edf,2700.0,2704.0,0.5,0.0,75,0.9626906857352386,ok,0,12,10,0.0
chb01,chb01_01.edf,2700.0,2704.0,0.5,0.0,76,0.48840569686484475,ok,0,10,9,0.0
chb01,chb01_01.edf,2700.0,2704.0,0.5,0.0,77,1.4397992123948258,ok,0,10,9,0.0
chb01,chb01_01.edf,2700.0,2704.0,0.5,0.0,78,0.8783739115481473,ok,0,10,9,0.0
chb01,chb01_01.edf,2700.0,2704.0,0.5,0.0,79,0.6660998123404629,ok,0,8,7,0.0
chb01,chb01_01.edf,2700.0,2704.0,0.5,0.0,80,0.48943288169382493,ok,0,10,8,0.0
chb01,chb01_01.edf,2700.0,2704.0,0.5,0.0,81,1.3487816138931745,ok,0,10,9,0.0
chb01,chb01_01.edf,2700.0,2704.0,0.5,0.175,62,0.5712931377579745,ok,0,12,11,0.0
chb01,chb01_01.edf,2700.0,2704.0,0.5,0.175,63,0.16726057798219393,ok,0,8,7,0.0
chb01,chb01_01.edf,2700.0,2704.0,0.5,0.175,64,0.19637001542360058,ok,0,9,8,0.0
chb01,chb01_01.edf,2700.0,2704.0,0.5,0.175,65,0.546024803519956,ok,0,10,8,0.0
chb01,chb01_01.edf,2700.0,2704.0,0.5,0.175,66,0.3428004452807938,ok,0,11,9,0.0
chb01,chb01_01.edf,2700.0,2704.0,0.5,0.175,67,0.8377672197615914,ok,0,6,5,0.0
chb01,chb01_01.edf,2700.0,2704.0,0.5,0.175,68,1.2291207868644798,ok,0,12,11,0.0
chb01,chb01_01.edf,2700.0,2704.0,0.5,0.175,69,1.1682562182790923,ok,0,9,7,0.0
chb01,chb01_01.edf,2700.0,2704.0,0.5,0.175,70,0.509154547108042,ok,0,14,13,0.0
chb01,chb01_01.edf,2700.0,2704.0,0.5,0.175,71,1.8386018855277186,ok,0,11,9,0.0
chb01,chb01_01.edf,2700.0,2704.0,0.5,0.175,72,0.15866375950049613,ok,0,6,5,0.0
chb01,chb01_01.edf,2700.0,2704.0,0.5,0.175,73,0.6055742018279381,ok,0,9,8,0.0
chb01,chb01_01.edf,2700.0,2704.0,0.5,0.175,74,0.6476197533905482,ok,0,9,7,0.0
chb01,chb01_01.edf,2700.0,2704.0,0.5,0.175,75,0.9626906857352386,ok,0,12,10,0.0
chb01,chb01_01.edf,2700.0,2704.0,0.5,0.175,76,0.49210873425856594,ok,0,10,9,0.0
chb01,chb01_01.edf,2700.0,2704.0,0.5,0.175,77,1.4397992123948258,ok,0,10,9,0.0
chb01,chb01_01.edf,2700.0,2704.0,0.5,0.175,78,0.8783739115481473,ok,0,10,9,0.0
chb01,chb01_01.edf,2700.0,2704.0,0.5,0.175,79,0.1568870781527907,ok,0,8,5,0.0
chb01,chb01_01.edf,2700.0,2704.0,0.5,0.175,80,0.48943288169382493,ok,0,10,8,0.0
chb01,chb01_01.edf,2700.0,2704.0,0.5,0.175,81,1.3487816138931745,ok,0,10,9,0.0
chb01,chb01_01.edf,2700.0,2704.0,0.5,0.35,62,0.5269164141233313,ok,0,12,10,0.0
chb01,chb01_01.edf,2700.0,2704.0,0.5,0.35,63,0.19759201224112374,ok,0,9,8,0.0
chb01,chb01_01.edf,2700.0,2704.0,0.5,0.35,64,0.19637001542360058,ok,0,9,8,0.0
chb01,chb01_01.edf,2700.0,2704.0,0.5,0.35,65,0.546024803519956,ok,0,10,8,0.0
chb01,chb01_01.edf,2700.0,2704.0,0.5,0.35,66,0.3428004452807938,ok,0,11,9,0.0
chb01,chb01_01.edf,2700.0,2704.0,0.5,0.35,67,0.5218379236299683,ok,0,6,5,0.0
chb01,chb01_01.edf,2700.0,2704.0,0.5,0.35,68,1.2291207868644798,ok,0,12,11,0.0
chb01,chb01_01.edf,2700.0,2704.0,0.5,0.35,69,1.2192157557534467,ok,0,10,8,0.0
chb01,chb01_01.edf,2700.0,2704.0,0.5,0.35,70,0.509154547108042,ok,0,14,13,0.0
chb01,chb01_01.edf,2700.0,2704.0,0.5,0.35,71,1.8386018855277186,ok,0,11,9,0.0
chb01,chb01_01.edf,2700.0,2704.0,0.5,0.35,72,0.15927485905071012,ok,0,6,5,0.0
chb01,chb01_01.edf,2700.0,2704.0,0.5,0.35,73,0.7239561420072474,ok,0,11,10,0.0
chb01,chb01_01.edf,2700.0,2704.0,0.5,0.35,74,0.6476197533905482,ok,0,9,7,0.0
chb01,chb01_01.edf,2700.0,2704.0,0.5,0.35,75,0.6059447758655025,ok,0,13,12,0.0
chb01,chb01_01.edf,2700.0,2704.0,0.5,0.35,76,0.5469671996773401,ok,0,10,9,0.0
chb01,chb01_01.edf,2700.0,2704.0,0.5,0.35,77,1.4397992123948258,ok,0,10,9,0.0
chb01,chb01_01.edf,2700.0,2704.0,0.5,0.35,78,1.0031807676349949,ok,0,10,9,0.0
chb01,chb01_01.edf,2700.0,2704.0,0.5,0.35,79,0.1568870781527907,ok,0,8,5,0.0
chb01,chb01_01.edf,2700.0,2704.0,0.5,0.35,80,0.5002869379635629,ok,0,9,7,0.0
chb01,chb01_01.edf,2700.0,2704.0,0.5,0.35,81,1.3951320693161031,ok,0,9,8,0.0
chb01,chb01_01.edf,2700.0,2704.0,0.5,0.7,62,0.550217999158307,ok,0,11,9,0.0
chb01,chb01_01.edf,2700.0,2704.0,0.5,0.7,63,0.2128598479433978,ok,0,8,7,0.0
chb01,chb01_01.edf,2700.0,2704.0,0.5,0.7,64,0.19637001542360058,ok,0,9,8,0.0
chb01,chb01_01.edf,2700.0,2704.0,0.5,0.7,65,0.5816266869948237,ok,0,10,8,0.0
chb01,chb01_01.edf,2700.0,2704.0,0.5,0.7,66,0.47873267628337846,ok,0,11,8,0.0
chb01,chb01_01.edf,2700.0,2704.0,0.5,0.7,67,0.3900245552882001,ok,0,7,6,0.0
chb01,chb01_01.edf,2700.0,2704.0,0.5,0.7,68,1.249200275680096,ok,0,12,11,0.0
chb01,chb01_01.edf,2700.0,2704.0,0.5,0.7,69,1.2192157557534467,ok,0,10,8,0.0
chb01,chb01_01.edf,2700.0,2704.0,0.5,0.7,70,0.5062509477338263,ok,0,14,13,0.0
chb01,chb01_01.edf,2700.0,2704.0,0.5,0.7,71,1.7937447317653397,ok,0,10,8,0.0
chb01,chb01_01.edf,2700.0,2704.0,0.5,0.7,72,0.09612920523817406,ok,0,6,5,0.0
chb01,chb01_01.edf,2700.0,2704.0,0.5,0.7,73,0.5996348716945026,ok,0,10,9,0.0
chb01,chb01_01.edf,2700.0,2704.0,0.5,0.7,74,0.5808317530102927,ok,0,8,6,0.0
chb01,chb01_01.edf,2700.0,2704.0,0.5,0.7,75,0.5642571273678368,ok,0,11,10,0.0
chb01,chb01_01.edf,2700.0,2704.0,0.5,0.7,76,0.546483157898534,ok,0,9,8,0.0
chb01,chb01_01.edf,2700.0,2704.0,0.5,0.7,77,1.3364370691690863,ok,0,9,8,0.0
chb01,chb01_01.edf,2700.0,2704.0,0.5,0.7,78,1.0142435156442036,ok,0,10,9,0.0
chb01,chb01_01.edf,2700.0,2704.0,0.5,0.7,79,1.6487699165309757,ok,0,9,6,0.0
chb01,chb01_01.edf,2700.0,2704.0,0.5,0.7,80,0.4857557301741797,ok,0,8,7,0.0
chb01,chb01_01.edf,2700.0,2704.0,0.5,0.7,81,1.391697303472564,ok,0,9,8,0.0
chb01,chb01_01.edf,2700.0,2704.0,1.0,0.0,62,0.7743914046997703,ok,0,11,10,0.0
chb01,chb01_01.edf,2700.0,2704.0,1.0,0.0,63,0.21488489744161204,ok,0,8,7,0.0
chb01,chb01_01.edf,2700.0,2704.0,1.0,0.0,64,0.17192047651837583,ok,0,10,9,0.0
chb01,chb01_01.edf,2700.0,2704.0,1.0,0.0,65,0.48620003231413916,ok,0,12,9,0.0
chb01,chb01_01.edf,2700.0,2704.0,1.0,0.0,66,1.3756822323974554,ok,0,13,11,0.0
chb01,chb01_01.edf,2700.0,2704.0,1.0,0.0,67,1.0067830609804835,ok,0,9,8,0.0
chb01,chb01_01.edf,2700.0,2704.0,1.0,0.0,68,1.5176810316646947,ok,0,13,11,0.0
chb01,chb01_01.edf,2700.0,2704.0,1.0,0.0,69,1.0610836315798138,ok,0,8,5,0.0
chb01,chb01_01.edf,2700.0,2704.0,1.0,0.0,70,0.981919803246944,ok,0,12,11,0.0
chb01,chb01_01.edf,2700.0,2704.0,1.0,0.0,71,1.7937447317653397,ok,0,10,8,0.0
chb01,chb01_01.edf,2700.0,2704.0,1.0,0.0,72,0.18642507739616473,ok,0,6,5,0.0
chb01,chb01_01.edf,2700.0,2704.0,1.0,0.0,73,0.5987516059102022,ok,0,9,8,0.0
chb01,chb01_01.edf,2700.0,2704.0,1.0,0.0,74,0.6443582292066723,ok,0,11,10,0.0
chb01,chb01_01.edf,2700.0,2704.0,1.0,0.0,75,1.65888681246551,ok,0,10,7,0.0
chb01,chb01_01.edf,2700.0,2704.0,1.0,0.0,76,0.22553402254439306,ok,0,12,11,0.0
chb01,chb01_01.edf,2700.0,2704.0,1.0,0.0,77,1.261454559020981,ok,0,10,9,0.0
chb01,chb01_01.edf,2700.0,2704.0,1.0,0.0,78,1.9856992051961986,ok,0,12,11,0.0
chb01,chb01_01.edf,2700.0,2704.0,1.0,0.0,79,0.1609368397508929,ok,0,7,6,0.0
chb01,chb01_01.edf,2700.0,2704.0,1.0,0.0,80,0.8375512923759941,ok,0,11,9,0.0
chb01,chb01_01.edf,2700.0,2704.0,1.0,0.0,81,1.3218647883394035,ok,0,10,8,0.0
chb01,chb01_01.edf,2700.0,2704.0,1.0,0.175,62,0.7743914046997703,ok,0,11,10,0.0
chb01,chb01_01.edf,2700.0,2704.0,1.0,0.175,63,0.16726057798219393,ok,0,8,7,0.0
chb01,chb01_01.edf,2700.0,2704.0,1.0,0.175,64,0.17192047651837583,ok,0,10,9,0.0
chb01,chb01_01.edf,2700.0,2704.0,1.0,0.175,65,0.49292157435773215,ok,0,12,10,0.0
chb01,chb01_01.edf,2700.0,2704.0,1.0,0.175,66,1.3756822323974554,ok,0,13,11,0.0
chb01,chb01_01.edf,2700.0,2704.0,1.0,0.175,67,1.0346292392189875,ok,0,10,9,0.0
chb01,chb01_01.edf,2700.0,2704.0,1.0,0.175,68,1.5176810316646947,ok,0,13,11,0.0
chb01,chb01_01.edf,2700.0,2704.0,1.0,0.175,69,1.062607072954729,ok,0,9,6,0.0
chb01,chb01_01.edf,2700.0,2704.0,1.0,0.175,70,0.981919803246944,ok,0,12,11,0.0
chb01,chb01_01.edf,2700.0,2704.0,1.0,0.175,71,1.7937447317653397,ok,0,10,8,0.0
chb01,chb01_01.edf,2700.0,2704.0,1.0,0.175,72,0.15927485905071012,ok,0,6,5,0.0
chb01,chb01_01.edf,2700.0,2704.0,1.0,0.175,73,0.5987516059102022,ok,0,9,8,0.0
chb01,chb01_01.edf,2700.0,2704.0,1.0,0.175,74,0.6443582292066723,ok,0,11,10,0.0
chb01,chb01_01.edf,2700.0,2704.0,1.0,0.175,75,1.6701884111809937,ok,0,9,6,0.0
chb01,chb01_01.edf,2700.0,2704.0,1.0,0.175,76,0.22553402254439306,ok,0,12,11,0.0
chb01,chb01_01.edf,2700.0,2704.0,1.0,0.175,77,1.261454559020981,ok,0,10,9,0.0
chb01,chb01_01.edf,2700.0,2704.0,1.0,0.175,78,1.9856992051961986,ok,0,12,11,0.0
chb01,chb01_01.edf,2700.0,2704.0,1.0,0.175,79,0.1609368397508929,ok,0,7,6,0.0
chb01,chb01_01.edf,2700.0,2704.0,1.0,0.175,80,0.9244954663863411,ok,0,10,8,0.0
chb01,chb01_01.edf,2700.0,2704.0,1.0,0.175,81,1.3218647883394035,ok,0,10,8,0.0
chb01,chb01_01.edf,2700.0,2704.0,1.0,0.35,62,0.6951761120421585,ok,0,10,8,0.0
chb01,chb01_01.edf,2700.0,2704.0,1.0,0.35,63,0.16726057798219393,ok,0,8,7,0.0
chb01,chb01_01.edf,2700.0,2704.0,1.0,0.35,64,0.17192047651837583,ok,0,10,9,0.0
chb01,chb01_01.edf,2700.0,2704.0,1.0,0.35,65,0.49292157435773215,ok,0,12,10,0.0
chb01,chb01_01.edf,2700.0,2704.0,1.0,0.35,66,1.5167540848237777,ok,0,12,10,0.0
chb01,chb01_01.edf,2700.0,2704.0,1.0,0.35,67,1.0415983018471413,ok,0,10,9,0.0
chb01,chb01_01.edf,2700.0,2704.0,1.0,0.35,68,1.4668332538640976,ok,0,12,10,0.0
chb01,chb01_01.edf,2700.0,2704.0,1.0,0.35,69,1.062607072954729,ok,0,9,6,0.0
chb01,chb01_01.edf,2700.0,2704.0,1.0,0.35,70,0.9299906530883366,ok,0,11,10,0.0
chb01,chb01_01.edf,2700.0,2704.0,1.0,0.35,71,1.7937447317653397,ok,0,10,8,0.0
chb01,chb01_01.edf,2700.0,2704.0,1.0,0.35,72,0.22848925854368135,ok,0,6,5,0.0
chb01,chb01_01.edf,2700.0,2704.0,1.0,0.35,73,0.5987516059102022,ok,0,9,8,0.0
chb01,chb01_01.edf,2700.0,2704.0,1.0,0.35,74,0.6265503624779104,ok,0,10,9,0.0
chb01,chb01_01.edf,2700.0,2704.0,1.0,0.35,75,1.4408368789851915,ok,0,10,7,0.0
chb01,chb01_01.edf,2700.0,2704.0,1.0,0.35,76,0.22652733919178974,ok,0,12,11,0.0
chb01,chb01_01.edf,2700.0,2704.0,1.0,0.35,77,1.261454559020981,ok,0,10,9,0.0
chb01,chb01_01.edf,2700.0,2704.0,1.0,0.35,78,1.9856992051961986,ok,0,12,11,0.0
chb01,chb01_01.edf,2700.0,2704.0,1.0,0.35,79,0.1609368397508929,ok,0,7,6,0.0
chb01,chb01_01.edf,2700.0,2704.0,1.0,0.35,80,0.9468459815585395,ok,0,10,8,0.0
chb01,chb01_01.edf,2700.0,2704.0,1.0,0.35,81,1.3218647883394035,ok,0,10,8,0.0
chb01,chb01_01.edf,2700.0,2704.0,1.0,0.7,62,0.9668318217289962,ok,0,11,9,0.0
chb01,chb01_01.edf,2700.0,2704.0,1.0,0.7,63,0.16726057798219393,ok,0,8,7,0.0
chb01,chb01_01.edf,2700.0,2704.0,1.0,0.7,64,0.18593135984721057,ok,0,10,8,0.0
chb01,chb01_01.edf,2700.0,2704.0,1.0,0.7,65,0.49183117746034816,ok,0,12,10,0.0
chb01,chb01_01.edf,2700.0,2704.0,1.0,0.7,66,1.6121896523707628,ok,0,13,11,0.0
chb01,chb01_01.edf,2700.0,2704.0,1.0,0.7,67,1.0324038674173541,ok,0,10,9,0.0
chb01,chb01_01.edf,2700.0,2704.0,1.0,0.7,68,1.4668332538640976,ok,0,12,10,0.0
chb01,chb01_01.edf,2700.0,2704.0,1.0,0.7,69,1.062607072954729,ok,0,9,6,0.0
chb01,chb01_01.edf,2700.0,2704.0,1.0,0.7,70,0.8597769953199362,ok,0,10,9,0.0
chb01,chb01_01.edf,2700.0,2704.0,1.0,0.7,71,1.7937447317653397,ok,0,10,8,0.0
chb01,chb01_01.edf,2700.0,2704.0,1.0,0.7,72,0.20390706110667425,ok,0,6,5,0.0
chb01,chb01_01.edf,2700.0,2704.0,1.0,0.7,73,0.6509225070618303,ok,0,9,8,0.0
chb01,chb01_01.edf,2700.0,2704.0,1.0,0.7,74,0.5466759979658299,ok,0,11,9,0.0
chb01,chb01_01.edf,2700.0,2704.0,1.0,0.7,75,0.6711152423179422,ok,0,9,6,0.0
chb01,chb01_01.edf,2700.0,2704.0,1.0,0.7,76,0.22652733919178974,ok,0,12,11,0.0
chb01,chb01_01.edf,2700.0,2704.0,1.0,0.7,77,1.3031918968858116,ok,0,9,8,0.0
chb01,chb01_01.edf,2700.0,2704.0,1.0,0.7,78,1.9858068615153706,ok,0,12,11,0.0
chb01,chb01_01.edf,2700.0,2704.0,1.0,0.7,79,1.6645984136381196,ok,0,8,7,0.0
chb01,chb01_01.edf,2700.0,2704.0,1.0,0.7,80,0.9011504462758098,ok,0,7,6,0.0
chb01,chb01_01.edf,2700.0,2704.0,1.0,0.7,81,1.3218647883394035,ok,0,10,8,0.0
chb01,chb01_02.edf,904.0,908.0,0.25,0.0,62,0.6171842911523988,ok,0,10,9,0.0
chb01,chb01_02.edf,904.0,908.0,0.25,0.0,63,2.043747370146671,ok,0,9,8,0.0
chb01,chb01_02.edf,904.0,908.0,0.25,0.0,64,0.8756532617719204,ok,0,9,8,0.0
chb01,chb01_02.edf,904.0,908.0,0.25,0.0,65,0.9667718123938864,ok,0,11,10,0.0
chb01,chb01_02.edf,904.0,908.0,0.25,0.0,66,0.3631787913269073,ok,0,11,9,0.0
chb01,chb01_02.edf,904.0,908.0,0.25,0.0,67,0.8092054221906116,ok,0,11,9,0.0
chb01,chb01_02.edf,904.0,908.0,0.25,0.0,68,0.9681035064574081,ok,0,9,8,0.0
chb01,chb01_02.edf,904.0,908.0,0.25,0.0,69,1.241548694349417,ok,0,10,8,0.0
chb01,chb01_02.edf,904.0,908.0,0.25,0.0,70,0.2793983295119334,ok,0,9,8,0.0
chb01,chb01_02.edf,904.0,908.0,0.25,0.0,71,1.5904417843670142,ok,0,12,11,0.0
chb01,chb01_02.edf,904.0,908.0,0.25,0.0,72,0.9990557900479503,ok,0,11,9,0.0
chb01,chb01_02.edf,904.0,908.0,0.25,0.0,73,0.4814093715175572,ok,0,8,7,0.0
chb01,chb01_02.edf,904.0,908.0,0.25,0.0,74,0.6162790697674418,ok,0,11,8,0.0
chb01,chb01_02.edf,904.0,908.0,0.25,0.0,75,0.35394981220923855,ok,0,12,11,0.0
chb01,chb01_02.edf,904.0,908.0,0.25,0.0,76,0.3909772130214703,ok,0,12,11,0.0
chb01,chb01_02.edf,904.0,908.0,0.25,0.0,77,0.9447730595988872,ok,0,6,4,0.0
chb01,chb01_02.edf,904.0,908.0,0.25,0.0,78,1.3483863463099397,ok,0,11,10,0.0
chb01,chb01_02.edf,904.0,908.0,0.25,0.0,79,0.1609368397508929,ok,0,7,6,0.0
chb01,chb01_02.edf,904.0,908.0,0.25,0.0,80,0.1797136108456547,ok,0,12,10,0.0
chb01,chb01_02.edf,904.0,908.0,0.25,0.0,81,1.4033891062507988,ok,0,10,7,0.0
chb01,chb01_02.edf,904.0,908.0,0.25,0.175,62,0.8111940988145886,ok,0,10,9,0.0
chb01,chb01_02.edf,904.0,908.0,0.25,0.175,63,2.0341077992701977,ok,0,9,8,0.0
chb01,chb01_02.edf,904.0,908.0,0.25,0.175,64,0.8756532617719204,ok,0,9,8,0.0
chb01,chb01_02.edf,904.0,908.0,0.25,0.175,65,0.9667718123938864,ok,0,11,10,0.0
chb01,chb01_02.edf,904.0,908.0,0.25,0.175,66,0.3428004452807938,ok,0,11,9,0.0
chb01,chb01_02.edf,904.0,908.0,0.25,0.175,67,0.7405857757584552,ok,0,10,9,0.0
chb01,chb01_02.edf,904.0,908.0,0.25,0.175,68,0.9681035064574081,ok,0,9,8,0.0
chb01,chb01_02.edf,904.0,908.0,0.25,0.175,69,1.062607072954729,ok,0,9,6,0.0
chb01,chb01_02.edf,904.0,908.0,0.25,0.175,70,0.2793983295119334,ok,0,9,8,0.0
chb01,chb01_02.edf,904.0,908.0,0.25,0.175,71,1.6064083802046423,ok,0,12,11,0.0
chb01,chb01_02.edf,904.0,908.0,0.25,0.175,72,1.0189295409461563,ok,0,10,8,0.0
chb01,chb01_02.edf,904.0,908.0,0.25,0.175,73,0.5041167926385979,ok,0,9,7,0.0
chb01,chb01_02.edf,904.0,908.0,0.25,0.175,74,0.6162790697674418,ok,0,11,8,0.0
chb01,chb01_02.edf,904.0,908.0,0.25,0.175,75,0.3191220844546496,ok,0,11,10,0.0
chb01,chb01_02.edf,904.0,908.0,0.25,0.175,76,0.3909772130214703,ok,0,12,11,0.0
chb01,chb01_02.edf,904.0,908.0,0.25,0.175,77,0.8472260305815239,ok,0,6,5,0.0
chb01,chb01_02.edf,904.0,908.0,0.25,0.175,78,1.3513144017973209,ok,0,10,9,0.0
chb01,chb01_02.edf,904.0,908.0,0.25,0.175,79,0.1609368397508929,ok,0,7,6,0.0
chb01,chb01_02.edf,904.0,908.0,0.25,0.175,80,0.18508067986596996,ok,0,11,9,0.0
chb01,chb01_02.edf,904.0,908.0,0.25,0.175,81,1.3951320693161031,ok,0,9,8,0.0
chb01,chb01_02.edf,904.0,908.0,0.25,0.35,62,0.8199931984143265,ok,0,10,9,0.0
chb01,chb01_02.edf,904.0,908.0,0.25,0.35,63,2.0341077992701977,ok,0,9,8,0.0
chb01,chb01_02.edf,904.0,908.0,0.25,0.35,64,0.8188259878606116,ok,0,8,7,0.0
chb01,chb01_02.edf,904.0,908.0,0.25,0.35,65,0.9667718123938864,ok,0,11,10,0.0
chb01,chb01_02.edf,904.0,908.0,0.25,0.35,66,0.3461295645341959,ok,0,11,9,0.0
chb01,chb01_02.edf,904.0,908.0,0.25,0.35,67,0.5794145316638605,ok,0,11,10,0.0
chb01,chb01_02.edf,904.0,908.0,0.25,0.35,68,0.895157178062396,ok,0,8,7,0.0
chb01,chb01_02.edf,904.0,908.0,0.25,0.35,69,1.1409701947525248,ok,0,10,7,0.0
chb01,chb01_02.edf,904.0,908.0,0.25,0.35,70,0.25565934391560335,ok,0,10,9,0.0
chb01,chb01_02.edf,904.0,908.0,0.25,0.35,71,1.4995763645016464,ok,0,11,10,0.0
chb01,chb01_02.edf,904.0,908.0,0.25,0.35,72,1.0191071575166437,ok,0,10,8,0.0
chb01,chb01_02.edf,904.0,908.0,0.25,0.35,73,0.49687721402687124,ok,0,9,8,0.0
chb01,chb01_02.edf,904.0,908.0,0.25,0.35,74,0.6162790697674418,ok,0,11,8,0.0
chb01,chb01_02.edf,904.0,908.0,0.25,0.35,75,0.5786714904850823,ok,0,9,8,0.0
chb01,chb01_02.edf,904.0,908.0,0.25,0.35,76,0.3664090987191406,ok,0,12,11,0.0
chb01,chb01_02.edf,904.0,908.0,0.25,0.35,77,0.7204219413681691,ok,0,7,6,0.0
chb01,chb01_02.edf,904.0,908.0,0.25,0.35,78,1.2411764918422932,ok,0,9,8,0.0
chb01,chb01_02.edf,904.0,908.0,0.25,0.35,79,0.19232731454051805,ok,0,7,6,0.0
chb01,chb01_02.edf,904.0,908.0,0.25,0.35,80,0.18508067986596996,ok,0,11,9,0.0
chb01,chb01_02.edf,904.0,908.0,0.25,0.35,81,1.3951320693161031,ok,0,9,8,0.0
chb01,chb01_02.edf,904.0,908.0,0.25,0.7,62,0.6650198396696412,ok,0,8,7,0.0
chb01,chb01_02.edf,904.0,908.0,0.25,0.7,63,1.8880010346495526,ok,0,9,7,0.0
chb01,chb01_02.edf,904.0,908.0,0.25,0.7,64,0.8374454816418183,ok,0,9,8,0.0
chb01,chb01_02.edf,904.0,908.0,0.25,0.7,65,0.8396399857957947,ok,0,12,11,0.0
chb01,chb01_02.edf,904.0,908.0,0.25,0.7,66,0.171265006287195,ok,0,12,10,0.0
chb01,chb01_02.edf,904.0,908.0,0.25,0.7,67,0.5775333842182362,ok,0,10,9,0.0
chb01,chb01_02.edf,904.0,908.0,0.25,0.7,68,0.895157178062396,ok,0,8,7,0.0
chb01,chb01_02.edf,904.0,908.0,0.25,0.7,69,1.0670314682970627,ok,0,9,6,0.0
chb01,chb01_02.edf,904.0,908.0,0.25,0.7,70,0.25565934391560335,ok,0,10,9,0.0
chb01,chb01_02.edf,904.0,908.0,0.25,0.7,71,1.6550274439883073,ok,0,9,8,0.0
chb01,chb01_02.edf,904.0,908.0,0.25,0.7,72,1.3599838961618798,ok,0,9,7,0.0
chb01,chb01_02.edf,904.0,908.0,0.25,0.7,73,0.49687721402687124,ok,0,9,8,0.0
chb01,chb01_02.edf,904.0,908.0,0.25,0.7,74,0.6162790697674418,ok,0,11,8,0.0
chb01,chb01_02.edf,904.0,908.0,0.25,0.7,75,0.505734763987561,ok,0,11,10,0.0
chb01,chb01_02.edf,904.0,908.0,0.25,0.7,76,0.4101434697640122,ok,0,12,11,0.0
chb01,chb01_02.edf,904.0,908.0,0.25,0.7,77,0.48940562095463636,ok,0,8,7,0.0
chb01,chb01_02.edf,904.0,908.0,0.25,0.7,78,1.675955565612957,ok,0,8,7,0.0
chb01,chb01_02.edf,904.0,908.0,0.25,0.7,79,1.6342387599466242,ok,0,9,6,0.0
chb01,chb01_02.edf,904.0,908.0,0.25,0.7,80,0.1797136108456547,ok,0,12,10,0.0
chb01,chb01_02.edf,904.0,908.0,0.25,0.7,81,1.3952388687365513,ok,0,9,8,0.0
chb01,chb01_02.edf,904.0,908.0,0.5,0.0,62,0.5712931377579745,ok,0,12,11,0.0
chb01,chb01_02.edf,904.0,908.0,0.5,0.0,63,0.16726057798219393,ok,0,8,7,0.0
chb01,chb01_02.edf,904.0,908.0,0.5,0.0,64,0.19637001542360058,ok,0,9,8,0.0
chb01,chb01_02.edf,904.0,908.0,0.5,0.0,65,0.546024803519956,ok,0,10,8,0.0
chb01,chb01_02.edf,904.0,908.0,0.5,0.0,66,0.3428004452807938,ok,0,11,9,0.0
chb01,chb01_02.edf,904.0,908.0,0.5,0.0,67,0.9454773281444654,ok,0,7,6,0.0
chb01,chb01_02.edf,904.0,908.0,0.5,0.0,68,1.2291207868644798,ok,0,12,11,0.0
chb01,chb01_02.edf,904.0,908.0,0.5,0.0,69,1.1682562182790923,ok,0,9,7,0.0
chb01,chb01_02.edf,904.0,908.0,0.5,0.0,70,0.5111811702061327,ok,0,14,13,0.0
chb01,chb01_02.edf,904.0,908.0,0.5,0.0,71,1.8179982256514546,ok,0,11,9,0.0
chb01,chb01_02.edf,904.0,908.0,0.5,0.0,72,0.18642507739616473,ok,0,6,5,0.0
chb01,chb01_02.edf,904.0,908.0,0.5,0.0,73,0.6286253346157429,ok,0,10,9,0.0
chb01,chb01_02.edf,904.0,908.0,0.5,0.0,74,0.6476197533905482,ok,0,9,7,0.0
chb01,chb01_02.edf,904.0,908.0,0.5,0.0,75,0.9626906857352386,ok,0,12,10,0.0
chb01,chb01_02.edf,904.0,908.0,0.5,0.0,76,0.48840569686484475,ok,0,10,9,0.0
chb01,chb01_02.edf,904.0,908.0,0.5,0.0,77,1.4397992123948258,ok,0,10,9,0.0
chb01,chb01_02.edf,904.0,908.0,0.5,0.0,78,0.8783739115481473,ok,0,10,9,0.0
chb01,chb01_02.edf,904.0,908.0,0.5,0.0,79,0.6660998123404629,ok,0,8,7,0.0
chb01,chb01_02.edf,904.0,908.0,0.5,0.0,80,0.48943288169382493,ok,0,10,8,0.0
chb01,chb01_02.edf,904.0,908.0,0.5,0.0,81,1.3487816138931745,ok,0,10,9,0.0
chb01,chb01_02.edf,904.0,908.0,0.5,0.175,62,0.5687028088741318,ok,0,12,11,0.0
chb01,chb01_02.edf,904.0,908.0,0.5,0.175,63,0.14655956456718455,ok,0,8,7,0.0
chb01,chb01_02.edf,904.0,908.0,0.5,0.175,64,0.19637001542360058,ok,0,9,8,0.0
chb01,chb01_02.edf,904.0,908.0,0.5,0.175,65,0.546024803519956,ok,0,10,8,0.0
chb01,chb01_02.edf,904.0,908.0,0.5,0.175,66,0.3428004452807938,ok,0,11,9,0.0
chb01,chb01_02.edf,904.0,908.0,0.5,0.175,67,0.8377672197615914,ok,0,6,5,0.0
chb01,chb01_02.edf,904.0,908.0,0.5,0.175,68,1.2291207868644798,ok,0,12,11,0.0
chb01,chb01_02.edf,904.0,908.0,0.5,0.175,69,1.1682562182790923,ok,0,9,7,0.0
chb01,chb01_02.edf,904.0,908.0,0.5,0.175,70,0.509154547108042,ok,0,14,13,0.0
chb01,chb01_02.edf,904.0,908.0,0.5,0.175,71,1.8814282450408817,ok,0,11,10,0.0
chb01,chb01_02.edf,904.0,908.0,0.5,0.175,72,0.18642507739616473,ok,0,6,5,0.0
chb01,chb01_02.edf,904.0,908.0,0.5,0.175,73,0.6562848932899151,ok,0,11,10,0.0
chb01,chb01_02.edf,904.0,908.0,0.5,0.175,74,0.655280757217913,ok,0,10,8,0.0
chb01,chb01_02.edf,904.0,908.0,0.5,0.175,75,0.9605316794705087,ok,0,12,10,0.0
chb01,chb01_02.edf,904.0,908.0,0.5,0.175,76,0.30624689083330364,ok,0,12,11,0.0
chb01,chb01_02.edf,904.0,908.0,0.5,0.175,77,1.4397992123948258,ok,0,10,9,0.0
chb01,chb01_02.edf,904.0,908.0,0.5,0.175,78,0.8783739115481473,ok,0,10,9,0.0
chb01,chb01_02.edf,904.0,908.0,0.5,0.175,79,0.754250604692566,ok,0,9,6,0.0
chb01,chb01_02.edf,904.0,908.0,0.5,0.175,80,0.48943288169382493,ok,0,10,8,0.0
chb01,chb01_02.edf,904.0,908.0,0.5,0.175,81,1.3487816138931745,ok,0,10,9,0.0
chb01,chb01_02.edf,904.0,908.0,0.5,0.35,62,0.5687028088741318,ok,0,12,11,0.0
chb01,chb01_02.edf,904.0,908.0,0.5,0.35,63,0.16249560886504982,ok,0,8,7,0.0
chb01,chb01_02.edf,904.0,908.0,0.5,0.35,64,0.19637001542360058,ok,0,9,8,0.0
chb01,chb01_02.edf,904.0,908.0,0.5,0.35,65,1.0208455305553716,ok,0,11,9,0.0
chb01,chb01_02.edf,904.0,908.0,0.5,0.35,66,0.3428004452807938,ok,0,11,9,0.0
chb01,chb01_02.edf,904.0,908.0,0.5,0.35,67,0.8377672197615914,ok,0,6,5,0.0
chb01,chb01_02.edf,904.0,908.0,0.5,0.35,68,1.2291207868644798,ok,0,12,11,0.0
chb01,chb01_02.edf,904.0,908.0,0.5,0.35,69,1.1682562182790923,ok,0,9,7,0.0
chb01,chb01_02.edf,904.0,908.0,0.5,0.35,70,0.509154547108042,ok,0,14,13,0.0
chb01,chb01_02.edf,904.0,908.0,0.5,0.35,71,1.9023929873762566,ok,0,11,10,0.0
chb01,chb01_02.edf,904.0,908.0,0.5,0.35,72,0.18642507739616473,ok,0,6,5,0.0
chb01,chb01_02.edf,904.0,908.0,0.5,0.35,73,0.629247970348707,ok,0,11,10,0.0
chb01,chb01_02.edf,904.0,908.0,0.5,0.35,74,0.655280757217913,ok,0,10,8,0.0
chb01,chb01_02.edf,904.0,908.0,0.5,0.35,75,0.9549274887690311,ok,0,10,9,0.0
chb01,chb01_02.edf,904.0,908.0,0.5,0.35,76,0.4154391959666186,ok,0,11,10,0.0
chb01,chb01_02.edf,904.0,908.0,0.5,0.35,77,0.14113296980235743,ok,0,9,8,0.0
chb01,chb01_02.edf,904.0,908.0,0.5,0.35,78,0.8783739115481473,ok,0,10,9,0.0
chb01,chb01_02.edf,904.0,908.0,0.5,0.35,79,0.754250604692566,ok,0,9,6,0.0
chb01,chb01_02.edf,904.0,908.0,0.5,0.35,80,0.48943288169382493,ok,0,10,8,0.0
chb01,chb01_02.edf,904.0,908.0,0.5,0.35,81,1.3951320693161031,ok,0,9,8,0.0
chb01,chb01_02.edf,904.0,908.0,0.5,0.7,62,0.5867717967199474,ok,0,12,11,0.0
chb01,chb01_02.edf,904.0,908.0,0.5,0.7,63,0.1612916025862014,ok,0,8,7,0.0
chb01,chb01_02.edf,904.0,908.0,0.5,0.7,64,0.19637001542360058,ok,0,9,8,0.0
chb01,chb01_02.edf,904.0,908.0,0.5,0.7,65,1.0774251476950496,ok,0,11,9,0.0
chb01,chb01_02.edf,904.0,908.0,0.5,0.7,66,0.15847811710046017,ok,0,12,10,0.0
chb01,chb01_02.edf,904.0,908.0,0.5,0.7,67,0.8460156208545392,ok,0,8,7,0.0
chb01,chb01_02.edf,904.0,908.0,0.5,0.7,68,1.2291207868644798,ok,0,12,11,0.0
chb01,chb01_02.edf,904.0,908.0,0.5,0.7,69,1.1769983662032366,ok,0,9,7,0.0
chb01,chb01_02.edf,904.0,908.0,0.5,0.7,70,0.5402995317043877,ok,0,13,12,0.0
chb01,chb01_02.edf,904.0,908.0,0.5,0.7,71,1.7389924501718383,ok,0,9,8,0.0
chb01,chb01_02.edf,904.0,908.0,0.5,0.7,72,1.6663308919078004,ok,0,7,6,0.0
chb01,chb01_02.edf,904.0,908.0,0.5,0.7,73,0.5707686433495295,ok,0,12,11,0.0
chb01,chb01_02.edf,904.0,908.0,0.5,0.7,74,0.655280757217913,ok,0,10,8,0.0
chb01,chb01_02.edf,904.0,908.0,0.5,0.7,75,0.832365479328499,ok,0,10,9,0.0
chb01,chb01_02.edf,904.0,908.0,0.5,0.7,76,0.1893022713354319,ok,0,11,10,0.0
chb01,chb01_02.edf,904.0,908.0,0.5,0.7,77,0.437130550784183,ok,0,9,7,0.0
chb01,chb01_02.edf,904.0,908.0,0.5,0.7,78,0.8645993471463567,ok,0,10,8,0.0
chb01,chb01_02.edf,904.0,908.0,0.5,0.7,79,0.19232731454051805,ok,0,7,6,0.0
chb01,chb01_02.edf,904.0,908.0,0.5,0.7,80,0.6075387783314724,ok,0,10,8,0.0
chb01,chb01_02.edf,904.0,908.0,0.5,0.7,81,1.3952388687365513,ok,0,9,8,0.0
chb01,chb01_02.edf,904.0,908.0,1.0,0.0,62,0.7743914046997703,ok,0,11,10,0.0
chb01,chb01_02.edf,904.0,908.0,1.0,0.0,63,0.21488489744161204,ok,0,8,7,0.0
chb01,chb01_02.edf,904.0,908.0,1.0,0.0,64,0.17192047651837583,ok,0,10,9,0.0
chb01,chb01_02.edf,904.0,908.0,1.0,0.0,65,0.48620003231413916,ok,0,12,9,0.0
chb01,chb01_02.edf,904.0,908.0,1.0,0.0,66,1.3756822323974554,ok,0,13,11,0.0
chb01,chb01_02.edf,904.0,908.0,1.0,0.0,67,1.0067830609804835,ok,0,9,8,0.0
chb01,chb01_02.edf,904.0,908.0,1.0,0.0,68,1.5176810316646947,ok,0,13,11,0.0
chb01,chb01_02.edf,904.0,908.0,1.0,0.0,69,1.0610836315798138,ok,0,8,5,0.0
chb01,chb01_02.edf,904.0,908.0,1.0,0.0,70,0.981919803246944,ok,0,12,11,0.0
chb01,chb01_02.edf,904.0,908.0,1.0,0.0,71,1.7937447317653397,ok,0,10,8,0.0
chb01,chb01_02.edf,904.0,908.0,1.0,0.0,72,0.18642507739616473,ok,0,6,5,0.0
chb01,chb01_02.edf,904.0,908.0,1.0,0.0,73,0.5987516059102022,ok,0,9,8,0.0
chb01,chb01_02.edf,904.0,908.0,1.0,0.0,74,0.6443582292066723,ok,0,11,10,0.0
chb01,chb01_02.edf,904.0,908.0,1.0,0.0,75,1.65888681246551,ok,0,10,7,0.0
chb01,chb01_02.edf,904.0,908.0,1.0,0.0,76,0.22553402254439306,ok,0,12,11,0.0
chb01,chb01_02.edf,904.0,908.0,1.0,0.0,77,1.261454559020981,ok,0,10,9,0.0
chb01,chb01_02.edf,904.0,908.0,1.0,0.0,78,1.9856992051961986,ok,0,12,11,0.0
chb01,chb01_02.edf,904.0,908.0,1.0,0.0,79,0.1609368397508929,ok,0,7,6,0.0
chb01,chb01_02.edf,904.0,908.0,1.0,0.0,80,0.8375512923759941,ok,0,11,9,0.0
chb01,chb01_02.edf,904.0,908.0,1.0,0.0,81,1.3218647883394035,ok,0,10,8,0.0
chb01,chb01_02.edf,904.0,908.0,1.0,0.175,62,0.7718735348950996,ok,0,11,10,0.0
chb01,chb01_02.edf,904.0,908.0,1.0,0.175,63,0.16726057798219393,ok,0,8,7,0.0
chb01,chb01_02.edf,904.0,908.0,1.0,0.175,64,0.17192047651837583,ok,0,10,9,0.0
chb01,chb01_02.edf,904.0,908.0,1.0,0.175,65,0.48620003231413916,ok,0,12,9,0.0
chb01,chb01_02.edf,904.0,908.0,1.0,0.175,66,1.5167540848237777,ok,0,12,10,0.0
chb01,chb01_02.edf,904.0,908.0,1.0,0.175,67,1.0067830609804835,ok,0,9,8,0.0
chb01,chb01_02.edf,904.0,908.0,1.0,0.175,68,1.5176810316646947,ok,0,13,11,0.0
chb01,chb01_02.edf,904.0,908.0,1.0,0.175,69,1.0610836315798138,ok,0,8,5,0.0
chb01,chb01_02.edf,904.0,908.0,1.0,0.175,70,0.9500376521528104,ok,0,11,10,0.0
chb01,chb01_02.edf,904.0,908.0,1.0,0.175,71,1.7937447317653397,ok,0,10,8,0.0
chb01,chb01_02.edf,904.0,908.0,1.0,0.175,72,0.18642507739616473,ok,0,6,5,0.0
chb01,chb01_02.edf,904.0,908.0,1.0,0.175,73,0.5823203888824564,ok,0,8,7,0.0
chb01,chb01_02.edf,904.0,908.0,1.0,0.175,74,0.6443582292066723,ok,0,11,10,0.0
chb01,chb01_02.edf,904.0,908.0,1.0,0.175,75,1.65888681246551,ok,0,10,7,0.0
chb01,chb01_02.edf,904.0,908.0,1.0,0.175,76,0.22553402254439306,ok,0,12,11,0.0
chb01,chb01_02.edf,904.0,908.0,1.0,0.175,77,1.261454559020981,ok,0,10,9,0.0
chb01,chb01_02.edf,904.0,908.0,1.0,0.175,78,1.9866592065374562,ok,0,12,11,0.0
chb01,chb01_02.edf,904.0,908.0,1.0,0.175,79,0.1609368397508929,ok,0,7,6,0.0
chb01,chb01_02.edf,904.0,908.0,1.0,0.175,80,0.9244954663863411,ok,0,10,8,0.0
chb01,chb01_02.edf,904.0,908.0,1.0,0.175,81,1.3218647883394035,ok,0,10,8,0.0
chb01,chb01_02.edf,904.0,908.0,1.0,0.35,62,0.7498642839704829,ok,0,10,9,0.0
chb01,chb01_02.edf,904.0,908.0,1.0,0.35,63,0.14655956456718455,ok,0,8,7,0.0
chb01,chb01_02.edf,904.0,908.0,1.0,0.35,64,0.18593135984721057,ok,0,10,8,0.0
chb01,chb01_02.edf,904.0,908.0,1.0,0.35,65,0.48620003231413916,ok,0,12,9,0.0
chb01,chb01_02.edf,904.0,908.0,1.0,0.35,66,1.5167540848237777,ok,0,12,10,0.0
chb01,chb01_02.edf,904.0,908.0,1.0,0.35,67,1.0346292392189875,ok,0,10,9,0.0
chb01,chb01_02.edf,904.0,908.0,1.0,0.35,68,1.4912089150286119,ok,0,12,10,0.0
chb01,chb01_02.edf,904.0,908.0,1.0,0.35,69,1.062607072954729,ok,0,9,6,0.0
chb01,chb01_02.edf,904.0,908.0,1.0,0.35,70,0.9500376521528104,ok,0,11,10,0.0
chb01,chb01_02.edf,904.0,908.0,1.0,0.35,71,1.8713182836167332,ok,0,10,9,0.0
chb01,chb01_02.edf,904.0,908.0,1.0,0.35,72,0.18642507739616473,ok,0,6,5,0.0
chb01,chb01_02.edf,904.0,908.0,1.0,0.35,73,0.6459001231076539,ok,0,9,8,0.0
chb01,chb01_02.edf,904.0,908.0,1.0,0.35,74,0.6459406006850896,ok,0,11,10,0.0
chb01,chb01_02.edf,904.0,908.0,1.0,0.35,75,1.65888681246551,ok,0,10,7,0.0
chb01,chb01_02.edf,904.0,908.0,1.0,0.35,76,0.22652733919178974,ok,0,12,11,0.0
chb01,chb01_02.edf,904.0,908.0,1.0,0.35,77,1.261454559020981,ok,0,10,9,0.0
chb01,chb01_02.edf,904.0,908.0,1.0,0.35,78,1.9866592065374562,ok,0,12,11,0.0
chb01,chb01_02.edf,904.0,908.0,1.0,0.35,79,0.1609368397508929,ok,0,7,6,0.0
chb01,chb01_02.edf,904.0,908.0,1.0,0.35,80,0.9244954663863411,ok,0,10,8,0.0
chb01,chb01_02.edf,904.0,908.0,1.0,0.35,81,1.3218647883394035,ok,0,10,8,0.0
chb01,chb01_02.edf,904.0,908.0,1.0,0.7,62,0.8206430245896302,ok,0,11,10,0.0
chb01,chb01_02.edf,904.0,908.0,1.0,0.7,63,0.15255102400950155,ok,0,8,7,0.0
chb01,chb01_02.edf,904.0,908.0,1.0,0.7,64,0.18593135984721057,ok,0,10,8,0.0
chb01,chb01_02.edf,904.0,908.0,1.0,0.7,65,0.4850617704483031,ok,0,12,9,0.0
chb01,chb01_02.edf,904.0,908.0,1.0,0.7,66,1.5167540848237777,ok,0,12,10,0.0
chb01,chb01_02.edf,904.0,908.0,1.0,0.7,67,1.007098242149066,ok,0,10,8,0.0
chb01,chb01_02.edf,904.0,908.0,1.0,0.7,68,0.20581290039620914,ok,0,11,9,0.0
chb01,chb01_02.edf,904.0,908.0,1.0,0.7,69,1.062607072954729,ok,0,9,6,0.0
chb01,chb01_02.edf,904.0,908.0,1.0,0.7,70,0.8792818176159996,ok,0,10,9,0.0
chb01,chb01_02.edf,904.0,908.0,1.0,0.7,71,1.7385565289573395,ok,0,9,8,0.0
chb01,chb01_02.edf,904.0,908.0,1.0,0.7,72,0.18642507739616473,ok,0,6,5,0.0
chb01,chb01_02.edf,904.0,908.0,1.0,0.7,73,0.6459001231076539,ok,0,9,8,0.0
chb01,chb01_02.edf,904.0,908.0,1.0,0.7,74,0.6459406006850896,ok,0,11,10,0.0
chb01,chb01_02.edf,904.0,908.0,1.0,0.7,75,1.6701884111809937,ok,0,9,6,0.0
chb01,chb01_02.edf,904.0,908.0,1.0,0.7,76,0.22652733919178974,ok,0,12,11,0.0
chb01,chb01_02.edf,904.0,908.0,1.0,0.7,77,1.2616991574767868,ok,0,10,9,0.0
chb01,chb01_02.edf,904.0,908.0,1.0,0.7,78,1.9876372132073012,ok,0,12,11,0.0
chb01,chb01_02.edf,904.0,908.0,1.0,0.7,79,0.1609368397508929,ok,0,7,6,0.0
chb01,chb01_02.edf,904.0,908.0,1.0,0.7,80,0.9468459815585395,ok,0,10,8,0.0
chb01,chb01_02.edf,904.0,908.0,1.0,0.7,81,1.215686175817603,ok,0,9,7,0.0
chb01,chb01_02.edf,2700.0,2704.0,0.25,0.0,62,0.6171842911523988,ok,0,10,9,0.0
chb01,chb01_02.edf,2700.0,2704.0,0.25,0.0,63,2.043747370146671,ok,0,9,8,0.0
chb01,chb01_02.edf,2700.0,2704.0,0.25,0.0,64,0.8756532617719204,ok,0,9,8,0.0
chb01,chb01_02.edf,2700.0,2704.0,0.25,0.0,65,0.9667718123938864,ok,0,11,10,0.0
chb01,chb01_02.edf,2700.0,2704.0,0.25,0.0,66,0.3631787913269073,ok,0,11,9,0.0
chb01,chb01_02.edf,2700.0,2704.0,0.25,0.0,67,0.8092054221906116,ok,0,11,9,0.0
chb01,chb01_02.edf,2700.0,2704.0,0.25,0.0,68,0.9681035064574081,ok,0,9,8,0.0
chb01,chb01_02.edf,2700.0,2704.0,0.25,0.0,69,1.241548694349417,ok,0,10,8,0.0
chb01,chb01_02.edf,2700.0,2704.0,0.25,0.0,70,0.2793983295119334,ok,0,9,8,0.0
chb01,chb01_02.edf,2700.0,2704.0,0.25,0.0,71,1.5904417843670142,ok,0,12,11,0.0
chb01,chb01_02.edf,2700.0,2704.0,0.25,0.0,72,0.9990557900479503,ok,0,11,9,0.0
chb01,chb01_02.edf,2700.0,2704.0,0.25,0.0,73,0.4814093715175572,ok,0,8,7,0.0
chb01,chb01_02.edf,2700.0,2704.0,0.25,0.0,74,0.6162790697674418,ok,0,11,8,0.0
chb01,chb01_02.edf,2700.0,2704.0,0.25,0.0,75,0.35394981220923855,ok,0,12,11,0.0
chb01,chb01_02.edf,2700.0,2704.0,0.25,0.0,76,0.3909772130214703,ok,0,12,11,0.0
chb01,chb01_02.edf,2700.0,2704.0,0.25,0.0,77,0.9447730595988872,ok,0,6,4,0.0
chb01,chb01_02.edf,2700.0,2704.0,0.25,0.0,78,1.3483863463099397,ok,0,11,10,0.0
chb01,chb01_02.edf,2700.0,2704.0,0.25,0.0,79,0.1609368397508929,ok,0,7,6,0.0
chb01,chb01_02.edf,2700.0,2704.0,0.25,0.0,80,0.1797136108456547,ok,0,12,10,0.0
chb01,chb01_02.edf,2700.0,2704.0,0.25,0.0,81,1.4033891062507988,ok,0,10,7,0.0
chb01,chb01_02.edf,2700.0,2704.0,0.25,0.175,62,0.9251634247023445,ok,0,10,9,0.0
chb01,chb01_02.edf,2700.0,2704.0,0.25,0.175,63,0.227675812532863,ok,0,9,8,0.0
chb01,chb01_02.edf,2700.0,2704.0,0.25,0.175,64,0.8756532617719204,ok,0,9,8,0.0
chb01,chb01_02.edf,2700.0,2704.0,0.25,0.175,65,0.9298094740999439,ok,0,10,9,0.0
chb01,chb01_02.edf,2700.0,2704.0,0.25,0.175,66,0.36581014159579417,ok,0,11,9,0.0
chb01,chb01_02.edf,2700.0,2704.0,0.25,0.175,67,0.316281909332361,ok,0,10,8,0.0
chb01,chb01_02.edf,2700.0,2704.0,0.25,0.175,68,1.0325289261124768,ok,0,10,9,0.0
chb01,chb01_02.edf,2700.0,2704.0,0.25,0.175,69,1.1960008588144968,ok,0,11,8,0.0
chb01,chb01_02.edf,2700.0,2704.0,0.25,0.175,70,0.2793983295119334,ok,0,9,8,0.0
chb01,chb01_02.edf,2700.0,2704.0,0.25,0.175,71,1.5904417843670142,ok,0,12,11,0.0
chb01,chb01_02.edf,2700.0,2704.0,0.25,0.175,72,0.9995291818824235,ok,0,11,9,0.0
chb01,chb01_02.edf,2700.0,2704.0,0.25,0.175,73,0.5287708345231928,ok,0,9,7,0.0
chb01,chb01_02.edf,2700.0,2704.0,0.25,0.175,74,0.5941065346526214,ok,0,12,9,0.0
chb01,chb01_02.edf,2700.0,2704.0,0.25,0.175,75,0.35394981220923855,ok,0,12,11,0.0
chb01,chb01_02.edf,2700.0,2704.0,0.25,0.175,76,1.0790275755315364,ok,0,11,9,0.0
chb01,chb01_02.edf,2700.0,2704.0,0.25,0.175,77,0.9447730595988872,ok,0,6,4,0.0
chb01,chb01_02.edf,2700.0,2704.0,0.25,0.175,78,1.3483863463099397,ok,0,11,10,0.0
chb01,chb01_02.edf,2700.0,2704.0,0.25,0.175,79,0.1609368397508929,ok,0,7,6,0.0
chb01,chb01_02.edf,2700.0,2704.0,0.25,0.175,80,0.1553054214720489,ok,0,12,11,0.0
chb01,chb01_02.edf,2700.0,2704.0,0.25,0.175,81,1.3309912145228553,ok,0,9,8,0.0
chb01,chb01_02.edf,2700.0,2704.0,0.25,0.35,62,0.37178750709320746,ok,0,9,7,0.0
chb01,chb01_02.edf,2700.0,2704.0,0.25,0.35,63,0.20805116380691183,ok,0,8,7,0.0
chb01,chb01_02.edf,2700.0,2704.0,0.25,0.35,64,0.8763414757819065,ok,0,9,8,0.0
chb01,chb01_02.edf,2700.0,2704.0,0.25,0.35,65,0.8180838617431592,ok,0,13,11,0.0
chb01,chb01_02.edf,2700.0,2704.0,0.25,0.35,66,0.36581014159579417,ok,0,11,9,0.0
chb01,chb01_02.edf,2700.0,2704.0,0.25,0.35,67,0.3742715228873277,ok,0,11,10,0.0
chb01,chb01_02.edf,2700.0,2704.0,0.25,0.35,68,1.1544674193295807,ok,0,9,8,0.0
chb01,chb01_02.edf,2700.0,2704.0,0.25,0.35,69,1.117019322643363,ok,0,10,7,0.0
chb01,chb01_02.edf,2700.0,2704.0,0.25,0.35,70,0.2581928332187776,ok,0,9,8,0.0
chb01,chb01_02.edf,2700.0,2704.0,0.25,0.35,71,1.5904417843670142,ok,0,12,11,0.0
chb01,chb01_02.edf,2700.0,2704.0,0.25,0.35,72,1.3482787225431894,ok,0,9,8,0.0
chb01,chb01_02.edf,2700.0,2704.0,0.25,0.35,73,0.555092238253267,ok,0,8,6,0.0
chb01,chb01_02.edf,2700.0,2704.0,0.25,0.35,74,0.5941065346526214,ok,0,12,9,0.0
chb01,chb01_02.edf,2700.0,2704.0,0.25,0.35,75,0.5249388626546515,ok,0,11,10,0.0
chb01,chb01_02.edf,2700.0,2704.0,0.25,0.35,76,0.8219300414447148,ok,0,9,8,0.0
chb01,chb01_02.edf,2700.0,2704.0,0.25,0.35,77,0.5526000164907082,ok,0,7,5,0.0
chb01,chb01_02.edf,2700.0,2704.0,0.25,0.35,78,1.3732879652717136,ok,0,10,9,0.0
chb01,chb01_02.edf,2700.0,2704.0,0.25,0.35,79,0.1568870781527907,ok,0,8,5,0.0
chb01,chb01_02.edf,2700.0,2704.0,0.25,0.35,80,0.21968769346561778,ok,0,13,11,0.0
chb01,chb01_02.edf,2700.0,2704.0,0.25,0.35,81,1.3309912145228553,ok,0,9,8,0.0
chb01,chb01_02.edf,2700.0,2704.0,0.25,0.7,62,0.5309794661253436,ok,0,8,6,0.0
chb01,chb01_02.edf,2700.0,2704.0,0.25,0.7,63,0.19759201224112374,ok,0,9,8,0.0
chb01,chb01_02.edf,2700.0,2704.0,0.25,0.7,64,1.4379309543100047,ok,0,7,6,0.0
chb01,chb01_02.edf,2700.0,2704.0,0.25,0.7,65,0.8159055390218151,ok,0,12,10,0.0
chb01,chb01_02.edf,2700.0,2704.0,0.25,0.7,66,0.36581014159579417,ok,0,11,9,0.0
chb01,chb01_02.edf,2700.0,2704.0,0.25,0.7,67,0.6234770066116068,ok,0,11,10,0.0
chb01,chb01_02.edf,2700.0,2704.0,0.25,0.7,68,1.2416349886536158,ok,0,11,10,0.0
chb01,chb01_02.edf,2700.0,2704.0,0.25,0.7,69,1.2069870881632745,ok,0,11,8,0.0
chb01,chb01_02.edf,2700.0,2704.0,0.25,0.7,70,0.2581928332187776,ok,0,9,8,0.0
chb01,chb01_02.edf,2700.0,2704.0,0.25,0.7,71,1.1111405442610194,ok,0,12,11,0.0
chb01,chb01_02.edf,2700.0,2704.0,0.25,0.7,72,1.605917122675132,ok,0,8,5,0.0
chb01,chb01_02.edf,2700.0,2704.0,0.25,0.7,73,0.58597641134663,ok,0,10,8,0.0
chb01,chb01_02.edf,2700.0,2704.0,0.25,0.7,74,0.5614544677877261,ok,0,11,8,0.0
chb01,chb01_02.edf,2700.0,2704.0,0.25,0.7,75,0.6402001973136537,ok,0,13,12,0.0
chb01,chb01_02.edf,2700.0,2704.0,0.25,0.7,76,0.1092603367560097,ok,0,11,9,0.0
chb01,chb01_02.edf,2700.0,2704.0,0.25,0.7,77,1.1939281059356188,ok,0,7,6,0.0
chb01,chb01_02.edf,2700.0,2704.0,0.25,0.7,78,1.684465469026717,ok,0,8,6,0.0
chb01,chb01_02.edf,2700.0,2704.0,0.25,0.7,79,0.1568870781527907,ok,0,8,5,0.0
chb01,chb01_02.edf,2700.0,2704.0,0.25,0.7,80,0.5631830531003174,ok,0,10,9,0.0
chb01,chb01_02.edf,2700.0,2704.0,0.25,0.7,81,1.240117713351108,ok,0,11,9,0.0
chb01,chb01_02.edf,2700.0,2704.0,0.5,0.0,62,0.5712931377579745,ok,0,12,11,0.0
chb01,chb01_02.edf,2700.0,2704.0,0.5,0.0,63,0.16726057798219393,ok,0,8,7,0.0
chb01,chb01_02.edf,2700.0,2704.0,0.5,0.0,64,0.19637001542360058,ok,0,9,8,0.0
chb01,chb01_02.edf,2700.0,2704.0,0.5,0.0,65,0.546024803519956,ok,0,10,8,0.0
chb01,chb01_02.edf,2700.0,2704.0,0.5,0.0,66,0.3428004452807938,ok,0,11,9,0.0
chb01,chb01_02.edf,2700.0,2704.0,0.5,0.0,67,0.9454773281444654,ok,0,7,6,0.0
chb01,chb01_02.edf,2700.0,2704.0,0.5,0.0,68,1.2291207868644798,ok,0,12,11,0.0
chb01,chb01_02.edf,2700.0,2704.0,0.5,0.0,69,1.1682562182790923,ok,0,9,7,0.0
chb01,chb01_02.edf,2700.0,2704.0,0.5,0.0,70,0.5111811702061327,ok,0,14,13,0.0
chb01,chb01_02.edf,2700.0,2704.0,0.5,0.0,71,1.8179982256514546,ok,0,11,9,0.0
chb01,chb01_02.edf,2700.0,2704.0,0.5,0.0,72,0.18642507739616473,ok,0,6,5,0.0
chb01,chb01_02.edf,2700.0,2704.0,0.5,0.0,73,0.6286253346157429,ok,0,10,9,0.0
chb01,chb01_02.edf,2700.0,2704.0,0.5,0.0,74,0.6476197533905482,ok,0,9,7,0.0
chb01,chb01_02.edf,2700.0,2704.0,0.5,0.0,75,0.9626906857352386,ok,0,12,10,0.0
chb01,chb01_02.edf,2700.0,2704.0,0.5,0.0,76,0.48840569686484475,ok,0,10,9,0.0
chb01,chb01_02.edf,2700.0,2704.0,0.5,0.0,77,1.4397992123948258,ok,0,10,9,0.0
chb01,chb01_02.edf,2700.0,2704.0,0.5,0.0,78,0.8783739115481473,ok,0,10,9,0.0
chb01,chb01_02.edf,2700.0,2704.0,0.5,0.0,79,0.6660998123404629,ok,0,8,7,0.0
chb01,chb01_02.edf,2700.0,2704.0,0.5,0.0,80,0.48943288169382493,ok,0,10,8,0.0
chb01,chb01_02.edf,2700.0,2704.0,0.5,0.0,81,1.3487816138931745,ok,0,10,9,0.0
chb01,chb01_02.edf,2700.0,2704.0,0.5,0.175,62,0.6559757885363878,ok,0,12,11,0.0
chb01,chb01_02.edf,2700.0,2704.0,0.5,0.175,63,0.16726057798219393,ok,0,8,7,0.0
chb01,chb01_02.edf,2700.0,2704.0,0.5,0.175,64,0.33066737835270793,ok,0,10,9,0.0
chb01,chb01_02.edf,2700.0,2704.0,0.5,0.175,65,0.546024803519956,ok,0,10,8,0.0
chb01,chb01_02.edf,2700.0,2704.0,0.5,0.175,66,0.3428004452807938,ok,0,11,9,0.0
chb01,chb01_02.edf,2700.0,2704.0,0.5,0.175,67,1.0119476364224187,ok,0,8,7,0.0
chb01,chb01_02.edf,2700.0,2704.0,0.5,0.175,68,1.4147498679112749,ok,0,10,9,0.0
chb01,chb01_02.edf,2700.0,2704.0,0.5,0.175,69,1.2192157557534467,ok,0,10,8,0.0
chb01,chb01_02.edf,2700.0,2704.0,0.5,0.175,70,0.5111811702061327,ok,0,14,13,0.0
chb01,chb01_02.edf,2700.0,2704.0,0.5,0.175,71,1.8814282450408817,ok,0,11,10,0.0
chb01,chb01_02.edf,2700.0,2704.0,0.5,0.175,72,0.1586900018443984,ok,0,6,5,0.0
chb01,chb01_02.edf,2700.0,2704.0,0.5,0.175,73,0.6777627426693346,ok,0,10,9,0.0
chb01,chb01_02.edf,2700.0,2704.0,0.5,0.175,74,0.6438873094192759,ok,0,10,8,0.0
chb01,chb01_02.edf,2700.0,2704.0,0.5,0.175,75,0.9304566943784026,ok,0,11,10,0.0
chb01,chb01_02.edf,2700.0,2704.0,0.5,0.175,76,0.48840569686484475,ok,0,10,9,0.0
chb01,chb01_02.edf,2700.0,2704.0,0.5,0.175,77,1.487661106245009,ok,0,9,8,0.0
chb01,chb01_02.edf,2700.0,2704.0,0.5,0.175,78,0.8783739115481473,ok,0,10,9,0.0
chb01,chb01_02.edf,2700.0,2704.0,0.5,0.175,79,0.6660998123404629,ok,0,8,7,0.0
chb01,chb01_02.edf,2700.0,2704.0,0.5,0.175,80,0.8667296522251868,ok,0,9,7,0.0
chb01,chb01_02.edf,2700.0,2704.0,0.5,0.175,81,1.3487816138931745,ok,0,10,9,0.0
chb01,chb01_02.edf,2700.0,2704.0,0.5,0.35,62,0.7189204686686522,ok,0,10,9,0.0
chb01,chb01_02.edf,2700.0,2704.0,0.5,0.35,63,0.5946050294951504,ok,0,9,8,0.0
chb01,chb01_02.edf,2700.0,2704.0,0.5,0.35,64,0.3392508459009907,ok,0,10,9,0.0
chb01,chb01_02.edf,2700.0,2704.0,0.5,0.35,65,0.546024803519956,ok,0,10,8,0.0
chb01,chb01_02.edf,2700.0,2704.0,0.5,0.35,66,0.3455869941264749,ok,0,11,9,0.0
chb01,chb01_02.edf,2700.0,2704.0,0.5,0.35,67,1.0187324946452565,ok,0,8,7,0.0
chb01,chb01_02.edf,2700.0,2704.0,0.5,0.35,68,1.4147498679112749,ok,0,10,9,0.0
chb01,chb01_02.edf,2700.0,2704.0,0.5,0.35,69,1.2193460735415613,ok,0,10,8,0.0
chb01,chb01_02.edf,2700.0,2704.0,0.5,0.35,70,0.5111811702061327,ok,0,14,13,0.0
chb01,chb01_02.edf,2700.0,2704.0,0.5,0.35,71,1.8814282450408817,ok,0,11,10,0.0
chb01,chb01_02.edf,2700.0,2704.0,0.5,0.35,72,0.1586900018443984,ok,0,6,5,0.0
chb01,chb01_02.edf,2700.0,2704.0,0.5,0.35,73,0.6379827589457235,ok,0,10,9,0.0
chb01,chb01_02.edf,2700.0,2704.0,0.5,0.35,74,0.6949352627612398,ok,0,11,9,0.0
chb01,chb01_02.edf,2700.0,2704.0,0.5,0.35,75,0.7612242848895032,ok,0,11,10,0.0
chb01,chb01_02.edf,2700.0,2704.0,0.5,0.35,76,0.4917726859794421,ok,0,11,10,0.0
chb01,chb01_02.edf,2700.0,2704.0,0.5,0.35,77,1.487661106245009,ok,0,9,8,0.0
chb01,chb01_02.edf,2700.0,2704.0,0.5,0.35,78,1.106218056833675,ok,0,9,8,0.0
chb01,chb01_02.edf,2700.0,2704.0,0.5,0.35,79,0.1568870781527907,ok,0,8,5,0.0
chb01,chb01_02.edf,2700.0,2704.0,0.5,0.35,80,0.822565229374394,ok,0,8,7,0.0
chb01,chb01_02.edf,2700.0,2704.0,0.5,0.35,81,1.3282457340076834,ok,0,10,8,0.0
chb01,chb01_02.edf,2700.0,2704.0,0.5,0.7,62,0.7111932430444985,ok,0,10,9,0.0
chb01,chb01_02.edf,2700.0,2704.0,0.5,0.7,63,0.5748948410982928,ok,0,10,9,0.0
chb01,chb01_02.edf,2700.0,2704.0,0.5,0.7,64,0.33261264678610436,ok,0,9,8,0.0
chb01,chb01_02.edf,2700.0,2704.0,0.5,0.7,65,0.546024803519956,ok,0,10,8,0.0
chb01,chb01_02.edf,2700.0,2704.0,0.5,0.7,66,0.3455869941264749,ok,0,11,9,0.0
chb01,chb01_02.edf,2700.0,2704.0,0.5,0.7,67,0.5946954539367785,ok,0,7,6,0.0
chb01,chb01_02.edf,2700.0,2704.0,0.5,0.7,68,1.4203831321427507,ok,0,9,8,0.0
chb01,chb01_02.edf,2700.0,2704.0,0.5,0.7,69,1.202386542835371,ok,0,10,8,0.0
chb01,chb01_02.edf,2700.0,2704.0,0.5,0.7,70,0.45948931076466576,ok,0,13,12,0.0
chb01,chb01_02.edf,2700.0,2704.0,0.5,0.7,71,1.2809226777256393,ok,0,11,10,0.0
chb01,chb01_02.edf,2700.0,2704.0,0.5,0.7,72,0.21603995265040948,ok,0,7,6,0.0
chb01,chb01_02.edf,2700.0,2704.0,0.5,0.7,73,0.6254018674488955,ok,0,9,8,0.0
chb01,chb01_02.edf,2700.0,2704.0,0.5,0.7,74,0.5537448749124168,ok,0,9,7,0.0
chb01,chb01_02.edf,2700.0,2704.0,0.5,0.7,75,0.8299315428234088,ok,0,12,11,0.0
chb01,chb01_02.edf,2700.0,2704.0,0.5,0.7,76,0.6489190197519852,ok,0,12,11,0.0
chb01,chb01_02.edf,2700.0,2704.0,0.5,0.7,77,1.4285411119869236,ok,0,9,7,0.0
chb01,chb01_02.edf,2700.0,2704.0,0.5,0.7,78,1.106218056833675,ok,0,9,8,0.0
chb01,chb01_02.edf,2700.0,2704.0,0.5,0.7,79,0.20876781361119823,ok,0,9,6,0.0
chb01,chb01_02.edf,2700.0,2704.0,0.5,0.7,80,0.9398472895902565,ok,0,7,6,0.0
chb01,chb01_02.edf,2700.0,2704.0,0.5,0.7,81,1.3282457340076834,ok,0,10,8,0.0
chb01,chb01_02.edf,2700.0,2704.0,1.0,0.0,62,0.7743914046997703,ok,0,11,10,0.0
chb01,chb01_02.edf,2700.0,2704.0,1.0,0.0,63,0.21488489744161204,ok,0,8,7,0.0
chb01,chb01_02.edf,2700.0,2704.0,1.0,0.0,64,0.17192047651837583,ok,0,10,9,0.0
chb01,chb01_02.edf,2700.0,2704.0,1.0,0.0,65,0.48620003231413916,ok,0,12,9,0.0
chb01,chb01_02.edf,2700.0,2704.0,1.0,0.0,66,1.3756822323974554,ok,0,13,11,0.0
chb01,chb01_02.edf,2700.0,2704.0,1.0,0.0,67,1.0067830609804835,ok,0,9,8,0.0
chb01,chb01_02.edf,2700.0,2704.0,1.0,0.0,68,1.5176810316646947,ok,0,13,11,0.0
chb01,chb01_02.edf,2700.0,2704.0,1.0,0.0,69,1.0610836315798138,ok,0,8,5,0.0
chb01,chb01_02.edf,2700.0,2704.0,1.0,0.0,70,0.981919803246944,ok,0,12,11,0.0
chb01,chb01_02.edf,2700.0,2704.0,1.0,0.0,71,1.7937447317653397,ok,0,10,8,0.0
chb01,chb01_02.edf,2700.0,2704.0,1.0,0.0,72,0.18642507739616473,ok,0,6,5,0.0
chb01,chb01_02.edf,2700.0,2704.0,1.0,0.0,73,0.5987516059102022,ok,0,9,8,0.0
chb01,chb01_02.edf,2700.0,2704.0,1.0,0.0,74,0.6443582292066723,ok,0,11,10,0.0
chb01,chb01_02.edf,2700.0,2704.0,1.0,0.0,75,1.65888681246551,ok,0,10,7,0.0
chb01,chb01_02.edf,2700.0,2704.0,1.0,0.0,76,0.22553402254439306,ok,0,12,11,0.0
chb01,chb01_02.edf,2700.0,2704.0,1.0,0.0,77,1.261454559020981,ok,0,10,9,0.0
chb01,chb01_02.edf,2700.0,2704.0,1.0,0.0,78,1.9856992051961986,ok,0,12,11,0.0
chb01,chb01_02.edf,2700.0,2704.0,1.0,0.0,79,0.1609368397508929,ok,0,7,6,0.0
chb01,chb01_02.edf,2700.0,2704.0,1.0,0.0,80,0.8375512923759941,ok,0,11,9,0.0
chb01,chb01_02.edf,2700.0,2704.0,1.0,0.0,81,1.3218647883394035,ok,0,10,8,0.0
chb01,chb01_02.edf,2700.0,2704.0,1.0,0.175,62,0.8207228509784782,ok,0,12,11,0.0
chb01,chb01_02.edf,2700.0,2704.0,1.0,0.175,63,0.16726057798219393,ok,0,8,7,0.0
chb01,chb01_02.edf,2700.0,2704.0,1.0,0.175,64,0.17192047651837583,ok,0,10,9,0.0
chb01,chb01_02.edf,2700.0,2704.0,1.0,0.175,65,0.48620003231413916,ok,0,12,9,0.0
chb01,chb01_02.edf,2700.0,2704.0,1.0,0.175,66,1.5167540848237777,ok,0,12,10,0.0
chb01,chb01_02.edf,2700.0,2704.0,1.0,0.175,67,1.0346292392189875,ok,0,10,9,0.0
chb01,chb01_02.edf,2700.0,2704.0,1.0,0.175,68,0.2073097915140307,ok,0,12,10,0.0
chb01,chb01_02.edf,2700.0,2704.0,1.0,0.175,69,1.0610836315798138,ok,0,8,5,0.0
chb01,chb01_02.edf,2700.0,2704.0,1.0,0.175,70,0.9966917017973413,ok,0,11,9,0.0
chb01,chb01_02.edf,2700.0,2704.0,1.0,0.175,71,1.7937447317653397,ok,0,10,8,0.0
chb01,chb01_02.edf,2700.0,2704.0,1.0,0.175,72,0.1586900018443984,ok,0,6,5,0.0
chb01,chb01_02.edf,2700.0,2704.0,1.0,0.175,73,0.6191720810400293,ok,0,9,8,0.0
chb01,chb01_02.edf,2700.0,2704.0,1.0,0.175,74,0.6373761215671587,ok,0,11,10,0.0
chb01,chb01_02.edf,2700.0,2704.0,1.0,0.175,75,1.6701884111809937,ok,0,9,6,0.0
chb01,chb01_02.edf,2700.0,2704.0,1.0,0.175,76,0.2313081498944913,ok,0,11,10,0.0
chb01,chb01_02.edf,2700.0,2704.0,1.0,0.175,77,1.261454559020981,ok,0,10,9,0.0
chb01,chb01_02.edf,2700.0,2704.0,1.0,0.175,78,1.9856992051961986,ok,0,12,11,0.0
chb01,chb01_02.edf,2700.0,2704.0,1.0,0.175,79,0.1609368397508929,ok,0,7,6,0.0
chb01,chb01_02.edf,2700.0,2704.0,1.0,0.175,80,0.8355892494014844,ok,0,11,9,0.0
chb01,chb01_02.edf,2700.0,2704.0,1.0,0.175,81,1.3218647883394035,ok,0,10,8,0.0
chb01,chb01_02.edf,2700.0,2704.0,1.0,0.35,62,0.8025463047177279,ok,0,11,10,0.0
chb01,chb01_02.edf,2700.0,2704.0,1.0,0.35,63,0.16726057798219393,ok,0,8,7,0.0
chb01,chb01_02.edf,2700.0,2704.0,1.0,0.35,64,0.17192047651837583,ok,0,10,9,0.0
chb01,chb01_02.edf,2700.0,2704.0,1.0,0.35,65,0.48620003231413916,ok,0,12,9,0.0
chb01,chb01_02.edf,2700.0,2704.0,1.0,0.35,66,1.5167540848237777,ok,0,12,10,0.0
chb01,chb01_02.edf,2700.0,2704.0,1.0,0.35,67,1.0415983018471413,ok,0,10,9,0.0
chb01,chb01_02.edf,2700.0,2704.0,1.0,0.35,68,0.2073097915140307,ok,0,12,10,0.0
chb01,chb01_02.edf,2700.0,2704.0,1.0,0.35,69,1.174500866722712,ok,0,9,6,0.0
chb01,chb01_02.edf,2700.0,2704.0,1.0,0.35,70,1.0554160098849015,ok,0,13,10,0.0
chb01,chb01_02.edf,2700.0,2704.0,1.0,0.35,71,1.7937447317653397,ok,0,10,8,0.0
chb01,chb01_02.edf,2700.0,2704.0,1.0,0.35,72,0.1586900018443984,ok,0,6,5,0.0
chb01,chb01_02.edf,2700.0,2704.0,1.0,0.35,73,0.5743545611111537,ok,0,9,8,0.0
chb01,chb01_02.edf,2700.0,2704.0,1.0,0.35,74,0.6374499047614289,ok,0,11,10,0.0
chb01,chb01_02.edf,2700.0,2704.0,1.0,0.35,75,0.6711152423179422,ok,0,9,6,0.0
chb01,chb01_02.edf,2700.0,2704.0,1.0,0.35,76,0.22001449343180626,ok,0,12,11,0.0
chb01,chb01_02.edf,2700.0,2704.0,1.0,0.35,77,1.3815368022591525,ok,0,10,9,0.0
chb01,chb01_02.edf,2700.0,2704.0,1.0,0.35,78,1.9856992051961986,ok,0,12,11,0.0
chb01,chb01_02.edf,2700.0,2704.0,1.0,0.35,79,0.1609368397508929,ok,0,7,6,0.0
chb01,chb01_02.edf,2700.0,2704.0,1.0,0.35,80,0.7438676386322165,ok,0,11,10,0.0
chb01,chb01_02.edf,2700.0,2704.0,1.0,0.35,81,1.3218647883394035,ok,0,10,8,0.0
chb01,chb01_02.edf,2700.0,2704.0,1.0,0.7,62,0.7827513174029901,ok,0,10,9,0.0
chb01,chb01_02.edf,2700.0,2704.0,1.0,0.7,63,0.16726057798219393,ok,0,8,7,0.0
chb01,chb01_02.edf,2700.0,2704.0,1.0,0.7,64,0.19536516236432463,ok,0,10,8,0.0
chb01,chb01_02.edf,2700.0,2704.0,1.0,0.7,65,0.49292157435773215,ok,0,12,10,0.0
chb01,chb01_02.edf,2700.0,2704.0,1.0,0.7,66,1.5167540848237777,ok,0,12,10,0.0
chb01,chb01_02.edf,2700.0,2704.0,1.0,0.7,67,1.0642984661700254,ok,0,10,9,0.0
chb01,chb01_02.edf,2700.0,2704.0,1.0,0.7,68,0.2073097915140307,ok,0,12,10,0.0
chb01,chb01_02.edf,2700.0,2704.0,1.0,0.7,69,1.032302772765962,ok,0,9,6,0.0
chb01,chb01_02.edf,2700.0,2704.0,1.0,0.7,70,1.3959920589564205,ok,0,11,8,0.0
chb01,chb01_02.edf,2700.0,2704.0,1.0,0.7,71,1.5108212398460805,ok,0,11,9,0.0
chb01,chb01_02.edf,2700.0,2704.0,1.0,0.7,72,0.21603995265040948,ok,0,7,6,0.0
chb01,chb01_02.edf,2700.0,2704.0,1.0,0.7,73,0.6299095344642077,ok,0,8,7,0.0
chb01,chb01_02.edf,2700.0,2704.0,1.0,0.7,74,0.5535912899538966,ok,0,10,9,0.0
chb01,chb01_02.edf,2700.0,2704.0,1.0,0.7,75,0.6269968101992227,ok,0,10,7,0.0
chb01,chb01_02.edf,2700.0,2704.0,1.0,0.7,76,0.22001449343180626,ok,0,12,11,0.0
chb01,chb01_02.edf,2700.0,2704.0,1.0,0.7,77,1.1697944604271446,ok,0,8,7,0.0
chb01,chb01_02.edf,2700.0,2704.0,1.0,0.7,78,1.8733825129804953,ok,0,11,10,0.0
chb01,chb01_02.edf,2700.0,2704.0,1.0,0.7,79,0.1609368397508929,ok,0,7,6,0.0
chb01,chb01_02.edf,2700.0,2704.0,1.0,0.7,80,0.6899700264763114,ok,0,10,9,0.0
chb01,chb01_02.edf,2700.0,2704.0,1.0,0.7,81,1.215686175817603,ok,0,9,7,0.0
chb01,chb01_03.edf,904.0,908.0,0.25,0.0,62,0.6171842911523988,ok,0,10,9,0.0
chb01,chb01_03.edf,904.0,908.0,0.25,0.0,63,2.043747370146671,ok,0,9,8,0.0
chb01,chb01_03.edf,904.0,908.0,0.25,0.0,64,0.8756532617719204,ok,0,9,8,0.0
chb01,chb01_03.edf,904.0,908.0,0.25,0.0,65,0.9667718123938864,ok,0,11,10,0.0
chb01,chb01_03.edf,904.0,908.0,0.25,0.0,66,0.3631787913269073,ok,0,11,9,0.0
chb01,chb01_03.edf,904.0,908.0,0.25,0.0,67,0.8092054221906116,ok,0,11,9,0.0
chb01,chb01_03.edf,904.0,908.0,0.25,0.0,68,0.9681035064574081,ok,0,9,8,0.0
chb01,chb01_03.edf,904.0,908.0,0.25,0.0,69,1.241548694349417,ok,0,10,8,0.0
chb01,chb01_03.edf,904.0,908.0,0.25,0.0,70,0.2793983295119334,ok,0,9,8,0.0
chb01,chb01_03.edf,904.0,908.0,0.25,0.0,71,1.5904417843670142,ok,0,12,11,0.0
chb01,chb01_03.edf,904.0,908.0,0.25,0.0,72,0.9990557900479503,ok,0,11,9,0.0
chb01,chb01_03.edf,904.0,908.0,0.25,0.0,73,0.4814093715175572,ok,0,8,7,0.0
chb01,chb01_03.edf,904.0,908.0,0.25,0.0,74,0.6162790697674418,ok,0,11,8,0.0
chb01,chb01_03.edf,904.0,908.0,0.25,0.0,75,0.35394981220923855,ok,0,12,11,0.0
chb01,chb01_03.edf,904.0,908.0,0.25,0.0,76,0.3909772130214703,ok,0,12,11,0.0
chb01,chb01_03.edf,904.0,908.0,0.25,0.0,77,0.9447730595988872,ok,0,6,4,0.0
chb01,chb01_03.edf,904.0,908.0,0.25,0.0,78,1.3483863463099397,ok,0,11,10,0.0
chb01,chb01_03.edf,904.0,908.0,0.25,0.0,79,0.1609368397508929,ok,0,7,6,0.0
chb01,chb01_03.edf,904.0,908.0,0.25,0.0,80,0.1797136108456547,ok,0,12,10,0.0
chb01,chb01_03.edf,904.0,908.0,0.25,0.0,81,1.4033891062507988,ok,0,10,7,0.0
chb01,chb01_03.edf,904.0,908.0,0.25,0.175,62,0.6500852277387171,ok,0,10,9,0.0
chb01,chb01_03.edf,904.0,908.0,0.25,0.175,63,2.0341077992701977,ok,0,9,8,0.0
chb01,chb01_03.edf,904.0,908.0,0.25,0.175,64,0.8756532617719204,ok,0,9,8,0.0
chb01,chb01_03.edf,904.0,908.0,0.25,0.175,65,0.9667718123938864,ok,0,11,10,0.0
chb01,chb01_03.edf,904.0,908.0,0.25,0.175,66,0.3428004452807938,ok,0,11,9,0.0
chb01,chb01_03.edf,904.0,908.0,0.25,0.175,67,0.793177848124112,ok,0,11,9,0.0
chb01,chb01_03.edf,904.0,908.0,0.25,0.175,68,0.8821717639524773,ok,0,8,7,0.0
chb01,chb01_03.edf,904.0,908.0,0.25,0.175,69,1.1475643884109248,ok,0,10,7,0.0
chb01,chb01_03.edf,904.0,908.0,0.25,0.175,70,0.2793983295119334,ok,0,9,8,0.0
chb01,chb01_03.edf,904.0,908.0,0.25,0.175,71,1.5450415179488939,ok,0,12,10,0.0
chb01,chb01_03.edf,904.0,908.0,0.25,0.175,72,1.0189295409461563,ok,0,10,8,0.0
chb01,chb01_03.edf,904.0,908.0,0.25,0.175,73,0.497330237465406,ok,0,8,7,0.0
chb01,chb01_03.edf,904.0,908.0,0.25,0.175,74,0.360793174048842,ok,0,12,9,0.0
chb01,chb01_03.edf,904.0,908.0,0.25,0.175,75,0.31416375525267726,ok,0,12,11,0.0
chb01,chb01_03.edf,904.0,908.0,0.25,0.175,76,0.3909772130214703,ok,0,12,11,0.0
chb01,chb01_03.edf,904.0,908.0,0.25,0.175,77,0.9447730595988872,ok,0,6,4,0.0
chb01,chb01_03.edf,904.0,908.0,0.25,0.175,78,1.3475272288530968,ok,0,11,10,0.0
chb01,chb01_03.edf,904.0,908.0,0.25,0.175,79,0.1609368397508929,ok,0,7,6,0.0
chb01,chb01_03.edf,904.0,908.0,0.25,0.175,80,0.16139070270625072,ok,0,11,10,0.0
chb01,chb01_03.edf,904.0,908.0,0.25,0.175,81,1.391697303472564,ok,0,9,8,0.0
chb01,chb01_03.edf,904.0,908.0,0.25,0.35,62,0.735210246560941,ok,0,11,10,0.0
chb01,chb01_03.edf,904.0,908.0,0.25,0.35,63,2.0341077992701977,ok,0,9,8,0.0
chb01,chb01_03.edf,904.0,908.0,0.25,0.35,64,0.8188259878606116,ok,0,8,7,0.0
chb01,chb01_03.edf,904.0,908.0,0.25,0.35,65,0.9667718123938864,ok,0,11,10,0.0
chb01,chb01_03.edf,904.0,908.0,0.25,0.35,66,0.3455869941264749,ok,0,11,9,0.0
chb01,chb01_03.edf,904.0,908.0,0.25,0.35,67,0.7451091058575259,ok,0,10,9,0.0
chb01,chb01_03.edf,904.0,908.0,0.25,0.35,68,0.9740440327478616,ok,0,9,8,0.0
chb01,chb01_03.edf,904.0,908.0,0.25,0.35,69,1.1449465947559458,ok,0,10,7,0.0
chb01,chb01_03.edf,904.0,908.0,0.25,0.35,70,0.22757873597035821,ok,0,9,8,0.0
chb01,chb01_03.edf,904.0,908.0,0.25,0.35,71,1.5370605617415218,ok,0,12,10,0.0
chb01,chb01_03.edf,904.0,908.0,0.25,0.35,72,1.005273398762614,ok,0,10,8,0.0
chb01,chb01_03.edf,904.0,908.0,0.25,0.35,73,0.4269687595449905,ok,0,9,8,0.0
chb01,chb01_03.edf,904.0,908.0,0.25,0.35,74,0.3614250159922039,ok,0,12,9,0.0
chb01,chb01_03.edf,904.0,908.0,0.25,0.35,75,0.27870021498647385,ok,0,11,10,0.0
chb01,chb01_03.edf,904.0,908.0,0.25,0.35,76,0.3909772130214703,ok,0,12,11,0.0
chb01,chb01_03.edf,904.0,908.0,0.25,0.35,77,0.9447730595988872,ok,0,6,4,0.0
chb01,chb01_03.edf,904.0,908.0,0.25,0.35,78,1.3398964670083215,ok,0,11,10,0.0
chb01,chb01_03.edf,904.0,908.0,0.25,0.35,79,0.1609368397508929,ok,0,7,6,0.0
chb01,chb01_03.edf,904.0,908.0,0.25,0.35,80,0.16800102129378722,ok,0,11,10,0.0
chb01,chb01_03.edf,904.0,908.0,0.25,0.35,81,1.391697303472564,ok,0,9,8,0.0
chb01,chb01_03.edf,904.0,908.0,0.25,0.7,62,0.6981728654702585,ok,0,7,6,0.0
chb01,chb01_03.edf,904.0,908.0,0.25,0.7,63,2.0341077992701977,ok,0,9,8,0.0
chb01,chb01_03.edf,904.0,908.0,0.25,0.7,64,0.8754576693253315,ok,0,9,8,0.0
chb01,chb01_03.edf,904.0,908.0,0.25,0.7,65,0.7780365871607453,ok,0,13,12,0.0
chb01,chb01_03.edf,904.0,908.0,0.25,0.7,66,0.3510343578773072,ok,0,11,9,0.0
chb01,chb01_03.edf,904.0,908.0,0.25,0.7,67,0.46833283212708604,ok,0,10,9,0.0
chb01,chb01_03.edf,904.0,908.0,0.25,0.7,68,0.9643925735298011,ok,0,9,8,0.0
chb01,chb01_03.edf,904.0,908.0,0.25,0.7,69,1.241683201649292,ok,0,11,8,0.0
chb01,chb01_03.edf,904.0,908.0,0.25,0.7,70,0.22757873597035821,ok,0,9,8,0.0
chb01,chb01_03.edf,904.0,908.0,0.25,0.7,71,1.4974768036141128,ok,0,12,10,0.0
chb01,chb01_03.edf,904.0,908.0,0.25,0.7,72,1.005273398762614,ok,0,10,8,0.0
chb01,chb01_03.edf,904.0,908.0,0.25,0.7,73,0.41220235295458907,ok,0,9,7,0.0
chb01,chb01_03.edf,904.0,908.0,0.25,0.7,74,0.2688992771554663,ok,0,10,7,0.0
chb01,chb01_03.edf,904.0,908.0,0.25,0.7,75,0.269543709134966,ok,0,11,10,0.0
chb01,chb01_03.edf,904.0,908.0,0.25,0.7,76,0.3242652415228981,ok,0,12,11,0.0
chb01,chb01_03.edf,904.0,908.0,0.25,0.7,77,0.6642296885575497,ok,0,7,5,0.0
chb01,chb01_03.edf,904.0,908.0,0.25,0.7,78,1.330290941734095,ok,0,11,10,0.0
chb01,chb01_03.edf,904.0,908.0,0.25,0.7,79,0.2272301539919122,ok,0,7,5,0.0
chb01,chb01_03.edf,904.0,908.0,0.25,0.7,80,0.17160746425595316,ok,0,11,10,0.0
chb01,chb01_03.edf,904.0,908.0,0.25,0.7,81,1.1826114186317112,ok,0,8,6,0.0
chb01,chb01_03.edf,904.0,908.0,0.5,0.0,62,0.5712931377579745,ok,0,12,11,0.0
chb01,chb01_03.edf,904.0,908.0,0.5,0.0,63,0.16726057798219393,ok,0,8,7,0.0
chb01,chb01_03.edf,904.0,908.0,0.5,0.0,64,0.19637001542360058,ok,0,9,8,0.0
chb01,chb01_03.edf,904.0,908.0,0.5,0.0,65,0.546024803519956,ok,0,10,8,0.0
chb01,chb01_03.edf,904.0,908.0,0.5,0.0,66,0.3428004452807938,ok,0,11,9,0.0
chb01,chb01_03.edf,904.0,908.0,0.5,0.0,67,0.9454773281444654,ok,0,7,6,0.0
chb01,chb01_03.edf,904.0,908.0,0.5,0.0,68,1.2291207868644798,ok,0,12,11,0.0
chb01,chb01_03.edf,904.0,908.0,0.5,0.0,69,1.1682562182790923,ok,0,9,7,0.0
chb01,chb01_03.edf,904.0,908.0,0.5,0.0,70,0.5111811702061327,ok,0,14,13,0.0
chb01,chb01_03.edf,904.0,908.0,0.5,0.0,71,1.8179982256514546,ok,0,11,9,0.0
chb01,chb01_03.edf,904.0,908.0,0.5,0.0,72,0.18642507739616473,ok,0,6,5,0.0
chb01,chb01_03.edf,904.0,908.0,0.5,0.0,73,0.6286253346157429,ok,0,10,9,0.0
chb01,chb01_03.edf,904.0,908.0,0.5,0.0,74,0.6476197533905482,ok,0,9,7,0.0
chb01,chb01_03.edf,904.0,908.0,0.5,0.0,75,0.9626906857352386,ok,0,12,10,0.0
chb01,chb01_03.edf,904.0,908.0,0.5,0.0,76,0.48840569686484475,ok,0,10,9,0.0
chb01,chb01_03.edf,904.0,908.0,0.5,0.0,77,1.4397992123948258,ok,0,10,9,0.0
chb01,chb01_03.edf,904.0,908.0,0.5,0.0,78,0.8783739115481473,ok,0,10,9,0.0
chb01,chb01_03.edf,904.0,908.0,0.5,0.0,79,0.6660998123404629,ok,0,8,7,0.0
chb01,chb01_03.edf,904.0,908.0,0.5,0.0,80,0.48943288169382493,ok,0,10,8,0.0
chb01,chb01_03.edf,904.0,908.0,0.5,0.0,81,1.3487816138931745,ok,0,10,9,0.0
chb01,chb01_03.edf,904.0,908.0,0.5,0.175,62,0.5712931377579745,ok,0,12,11,0.0
chb01,chb01_03.edf,904.0,908.0,0.5,0.175,63,0.16726057798219393,ok,0,8,7,0.0
chb01,chb01_03.edf,904.0,908.0,0.5,0.175,64,0.19637001542360058,ok,0,9,8,0.0
chb01,chb01_03.edf,904.0,908.0,0.5,0.175,65,0.546024803519956,ok,0,10,8,0.0
chb01,chb01_03.edf,904.0,908.0,0.5,0.175,66,0.3428004452807938,ok,0,11,9,0.0
chb01,chb01_03.edf,904.0,908.0,0.5,0.175,67,0.9454773281444654,ok,0,7,6,0.0
chb01,chb01_03.edf,904.0,908.0,0.5,0.175,68,1.2291207868644798,ok,0,12,11,0.0
chb01,chb01_03.edf,904.0,908.0,0.5,0.175,69,1.1682562182790923,ok,0,9,7,0.0
chb01,chb01_03.edf,904.0,908.0,0.5,0.175,70,0.5111811702061327,ok,0,14,13,0.0
chb01,chb01_03.edf,904.0,908.0,0.5,0.175,71,1.8386018855277186,ok,0,11,9,0.0
chb01,chb01_03.edf,904.0,908.0,0.5,0.175,72,0.18642507739616473,ok,0,6,5,0.0
chb01,chb01_03.edf,904.0,908.0,0.5,0.175,73,0.6543988134530593,ok,0,11,10,0.0
chb01,chb01_03.edf,904.0,908.0,0.5,0.175,74,0.655280757217913,ok,0,10,8,0.0
chb01,chb01_03.edf,904.0,908.0,0.5,0.175,75,0.9626906857352386,ok,0,12,10,0.0
chb01,chb01_03.edf,904.0,908.0,0.5,0.175,76,0.30531938635746625,ok,0,12,11,0.0
chb01,chb01_03.edf,904.0,908.0,0.5,0.175,77,1.4397992123948258,ok,0,10,9,0.0
chb01,chb01_03.edf,904.0,908.0,0.5,0.175,78,0.8409859228438307,ok,0,10,9,0.0
chb01,chb01_03.edf,904.0,908.0,0.5,0.175,79,0.1609368397508929,ok,0,7,6,0.0
chb01,chb01_03.edf,904.0,908.0,0.5,0.175,80,0.48943288169382493,ok,0,10,8,0.0
chb01,chb01_03.edf,904.0,908.0,0.5,0.175,81,1.3487816138931745,ok,0,10,9,0.0
chb01,chb01_03.edf,904.0,908.0,0.5,0.35,62,0.6557931889216831,ok,0,12,11,0.0
chb01,chb01_03.edf,904.0,908.0,0.5,0.35,63,0.1662459575070725,ok,0,9,8,0.0
chb01,chb01_03.edf,904.0,908.0,0.5,0.35,64,0.19637001542360058,ok,0,9,8,0.0
chb01,chb01_03.edf,904.0,908.0,0.5,0.35,65,0.546024803519956,ok,0,10,8,0.0
chb01,chb01_03.edf,904.0,908.0,0.5,0.35,66,0.3428004452807938,ok,0,11,9,0.0
chb01,chb01_03.edf,904.0,908.0,0.5,0.35,67,0.9220659889498258,ok,0,7,6,0.0
chb01,chb01_03.edf,904.0,908.0,0.5,0.35,68,1.2280564920118564,ok,0,12,11,0.0
chb01,chb01_03.edf,904.0,908.0,0.5,0.35,69,1.2023157860598088,ok,0,8,6,0.0
chb01,chb01_03.edf,904.0,908.0,0.5,0.35,70,0.5007056837946776,ok,0,14,13,0.0
chb01,chb01_03.edf,904.0,908.0,0.5,0.35,71,1.8386018855277186,ok,0,11,9,0.0
chb01,chb01_03.edf,904.0,908.0,0.5,0.35,72,0.1411264794352152,ok,0,6,5,0.0
chb01,chb01_03.edf,904.0,908.0,0.5,0.35,73,0.6134252153588249,ok,0,11,10,0.0
chb01,chb01_03.edf,904.0,908.0,0.5,0.35,74,0.655280757217913,ok,0,10,8,0.0
chb01,chb01_03.edf,904.0,908.0,0.5,0.35,75,0.9605316794705087,ok,0,12,10,0.0
chb01,chb01_03.edf,904.0,908.0,0.5,0.35,76,0.41481810651347145,ok,0,11,10,0.0
chb01,chb01_03.edf,904.0,908.0,0.5,0.35,77,1.4402492009604646,ok,0,10,9,0.0
chb01,chb01_03.edf,904.0,908.0,0.5,0.35,78,0.8424382520242342,ok,0,10,9,0.0
chb01,chb01_03.edf,904.0,908.0,0.5,0.35,79,0.1609368397508929,ok,0,7,6,0.0
chb01,chb01_03.edf,904.0,908.0,0.5,0.35,80,0.5881380384128505,ok,0,9,7,0.0
chb01,chb01_03.edf,904.0,908.0,0.5,0.35,81,1.3455109473415157,ok,0,10,9,0.0
chb01,chb01_03.edf,904.0,908.0,0.5,0.7,62,0.6557931889216831,ok,0,12,11,0.0
chb01,chb01_03.edf,904.0,908.0,0.5,0.7,63,0.20210743577364415,ok,0,9,8,0.0
chb01,chb01_03.edf,904.0,908.0,0.5,0.7,64,0.19269613344196232,ok,0,9,8,0.0
chb01,chb01_03.edf,904.0,908.0,0.5,0.7,65,0.546024803519956,ok,0,10,8,0.0
chb01,chb01_03.edf,904.0,908.0,0.5,0.7,66,0.3514498886738604,ok,0,11,9,0.0
chb01,chb01_03.edf,904.0,908.0,0.5,0.7,67,0.9220659889498258,ok,0,7,6,0.0
chb01,chb01_03.edf,904.0,908.0,0.5,0.7,68,1.2786026648680127,ok,0,13,12,0.0
chb01,chb01_03.edf,904.0,908.0,0.5,0.7,69,1.2307846075348443,ok,0,10,8,0.0
chb01,chb01_03.edf,904.0,908.0,0.5,0.7,70,0.5007056837946776,ok,0,14,13,0.0
chb01,chb01_03.edf,904.0,908.0,0.5,0.7,71,1.8386018855277186,ok,0,11,9,0.0
chb01,chb01_03.edf,904.0,908.0,0.5,0.7,72,0.1411264794352152,ok,0,6,5,0.0
chb01,chb01_03.edf,904.0,908.0,0.5,0.7,73,0.6098374432372252,ok,0,11,10,0.0
chb01,chb01_03.edf,904.0,908.0,0.5,0.7,74,0.6332115379734763,ok,0,10,8,0.0
chb01,chb01_03.edf,904.0,908.0,0.5,0.7,75,0.9605316794705087,ok,0,12,10,0.0
chb01,chb01_03.edf,904.0,908.0,0.5,0.7,76,0.17985440886654705,ok,0,11,10,0.0
chb01,chb01_03.edf,904.0,908.0,0.5,0.7,77,0.1625026842182922,ok,0,9,8,0.0
chb01,chb01_03.edf,904.0,908.0,0.5,0.7,78,0.8426604597829634,ok,0,10,9,0.0
chb01,chb01_03.edf,904.0,908.0,0.5,0.7,79,0.1609368397508929,ok,0,7,6,0.0
chb01,chb01_03.edf,904.0,908.0,0.5,0.7,80,0.6053660440517245,ok,0,9,7,0.0
chb01,chb01_03.edf,904.0,908.0,0.5,0.7,81,1.3549993431102936,ok,0,9,7,0.0
chb01,chb01_03.edf,904.0,908.0,1.0,0.0,62,0.7743914046997703,ok,0,11,10,0.0
chb01,chb01_03.edf,904.0,908.0,1.0,0.0,63,0.21488489744161204,ok,0,8,7,0.0
chb01,chb01_03.edf,904.0,908.0,1.0,0.0,64,0.17192047651837583,ok,0,10,9,0.0
chb01,chb01_03.edf,904.0,908.0,1.0,0.0,65,0.48620003231413916,ok,0,12,9,0.0
chb01,chb01_03.edf,904.0,908.0,1.0,0.0,66,1.3756822323974554,ok,0,13,11,0.0
chb01,chb01_03.edf,904.0,908.0,1.0,0.0,67,1.0067830609804835,ok,0,9,8,0.0
chb01,chb01_03.edf,904.0,908.0,1.0,0.0,68,1.5176810316646947,ok,0,13,11,0.0
chb01,chb01_03.edf,904.0,908.0,1.0,0.0,69,1.0610836315798138,ok,0,8,5,0.0
chb01,chb01_03.edf,904.0,908.0,1.0,0.0,70,0.981919803246944,ok,0,12,11,0.0
chb01,chb01_03.edf,904.0,908.0,1.0,0.0,71,1.7937447317653397,ok,0,10,8,0.0
chb01,chb01_03.edf,904.0,908.0,1.0,0.0,72,0.18642507739616473,ok,0,6,5,0.0
chb01,chb01_03.edf,904.0,908.0,1.0,0.0,73,0.5987516059102022,ok,0,9,8,0.0
chb01,chb01_03.edf,904.0,908.0,1.0,0.0,74,0.6443582292066723,ok,0,11,10,0.0
chb01,chb01_03.edf,904.0,908.0,1.0,0.0,75,1.65888681246551,ok,0,10,7,0.0
chb01,chb01_03.edf,904.0,908.0,1.0,0.0,76,0.22553402254439306,ok,0,12,11,0.0
chb01,chb01_03.edf,904.0,908.0,1.0,0.0,77,1.261454559020981,ok,0,10,9,0.0
chb01,chb01_03.edf,904.0,908.0,1.0,0.0,78,1.9856992051961986,ok,0,12,11,0.0
chb01,chb01_03.edf,904.0,908.0,1.0,0.0,79,0.1609368397508929,ok,0,7,6,0.0
chb01,chb01_03.edf,904.0,908.0,1.0,0.0,80,0.8375512923759941,ok,0,11,9,0.0
chb01,chb01_03.edf,904.0,908.0,1.0,0.0,81,1.3218647883394035,ok,0,10,8,0.0
chb01,chb01_03.edf,904.0,908.0,1.0,0.175,62,0.7743914046997703,ok,0,11,10,0.0
chb01,chb01_03.edf,904.0,908.0,1.0,0.175,63,0.21488489744161204,ok,0,8,7,0.0
chb01,chb01_03.edf,904.0,908.0,1.0,0.175,64,0.17599259780918877,ok,0,10,8,0.0
chb01,chb01_03.edf,904.0,908.0,1.0,0.175,65,0.48620003231413916,ok,0,12,9,0.0
chb01,chb01_03.edf,904.0,908.0,1.0,0.175,66,1.3756822323974554,ok,0,13,11,0.0
chb01,chb01_03.edf,904.0,908.0,1.0,0.175,67,1.0067830609804835,ok,0,9,8,0.0
chb01,chb01_03.edf,904.0,908.0,1.0,0.175,68,1.4921200874339864,ok,0,13,11,0.0
chb01,chb01_03.edf,904.0,908.0,1.0,0.175,69,1.0610836315798138,ok,0,8,5,0.0
chb01,chb01_03.edf,904.0,908.0,1.0,0.175,70,0.981919803246944,ok,0,12,11,0.0
chb01,chb01_03.edf,904.0,908.0,1.0,0.175,71,1.7937447317653397,ok,0,10,8,0.0
chb01,chb01_03.edf,904.0,908.0,1.0,0.175,72,0.1692486635019696,ok,0,6,5,0.0
chb01,chb01_03.edf,904.0,908.0,1.0,0.175,73,0.5987516059102022,ok,0,9,8,0.0
chb01,chb01_03.edf,904.0,908.0,1.0,0.175,74,0.6443582292066723,ok,0,11,10,0.0
chb01,chb01_03.edf,904.0,908.0,1.0,0.175,75,1.65888681246551,ok,0,10,7,0.0
chb01,chb01_03.edf,904.0,908.0,1.0,0.175,76,0.22553402254439306,ok,0,12,11,0.0
chb01,chb01_03.edf,904.0,908.0,1.0,0.175,77,1.261454559020981,ok,0,10,9,0.0
chb01,chb01_03.edf,904.0,908.0,1.0,0.175,78,2.0008167178077203,ok,0,11,10,0.0
chb01,chb01_03.edf,904.0,908.0,1.0,0.175,79,0.1609368397508929,ok,0,7,6,0.0
chb01,chb01_03.edf,904.0,908.0,1.0,0.175,80,0.9244954663863411,ok,0,10,8,0.0
chb01,chb01_03.edf,904.0,908.0,1.0,0.175,81,1.3218647883394035,ok,0,10,8,0.0
chb01,chb01_03.edf,904.0,908.0,1.0,0.35,62,0.7718735348950996,ok,0,11,10,0.0
chb01,chb01_03.edf,904.0,908.0,1.0,0.35,63,0.21488489744161204,ok,0,8,7,0.0
chb01,chb01_03.edf,904.0,908.0,1.0,0.35,64,0.17599259780918877,ok,0,10,8,0.0
chb01,chb01_03.edf,904.0,908.0,1.0,0.35,65,0.49292157435773215,ok,0,12,10,0.0
chb01,chb01_03.edf,904.0,908.0,1.0,0.35,66,1.3756822323974554,ok,0,13,11,0.0
chb01,chb01_03.edf,904.0,908.0,1.0,0.35,67,1.0067830609804835,ok,0,9,8,0.0
chb01,chb01_03.edf,904.0,908.0,1.0,0.35,68,1.4921200874339864,ok,0,13,11,0.0
chb01,chb01_03.edf,904.0,908.0,1.0,0.35,69,1.0610836315798138,ok,0,8,5,0.0
chb01,chb01_03.edf,904.0,908.0,1.0,0.35,70,0.981919803246944,ok,0,12,11,0.0
chb01,chb01_03.edf,904.0,908.0,1.0,0.35,71,1.7937447317653397,ok,0,10,8,0.0
chb01,chb01_03.edf,904.0,908.0,1.0,0.35,72,0.1411264794352152,ok,0,6,5,0.0
chb01,chb01_03.edf,904.0,908.0,1.0,0.35,73,0.5987516059102022,ok,0,9,8,0.0
chb01,chb01_03.edf,904.0,908.0,1.0,0.35,74,0.6459406006850896,ok,0,11,10,0.0
chb01,chb01_03.edf,904.0,908.0,1.0,0.35,75,1.65888681246551,ok,0,10,7,0.0
chb01,chb01_03.edf,904.0,908.0,1.0,0.35,76,0.22553402254439306,ok,0,12,11,0.0
chb01,chb01_03.edf,904.0,908.0,1.0,0.35,77,1.261454559020981,ok,0,10,9,0.0
chb01,chb01_03.edf,904.0,908.0,1.0,0.35,78,2.0009138479953363,ok,0,11,10,0.0
chb01,chb01_03.edf,904.0,908.0,1.0,0.35,79,0.1609368397508929,ok,0,7,6,0.0
chb01,chb01_03.edf,904.0,908.0,1.0,0.35,80,0.7001723173641382,ok,0,11,9,0.0
chb01,chb01_03.edf,904.0,908.0,1.0,0.35,81,1.3218647883394035,ok,0,10,8,0.0
chb01,chb01_03.edf,904.0,908.0,1.0,0.7,62,0.7718735348950996,ok,0,11,10,0.0
chb01,chb01_03.edf,904.0,908.0,1.0,0.7,63,0.20696925512259617,ok,0,8,7,0.0
chb01,chb01_03.edf,904.0,908.0,1.0,0.7,64,0.18593135984721057,ok,0,10,8,0.0
chb01,chb01_03.edf,904.0,908.0,1.0,0.7,65,0.49292157435773215,ok,0,12,10,0.0
chb01,chb01_03.edf,904.0,908.0,1.0,0.7,66,1.3756822323974554,ok,0,13,11,0.0
chb01,chb01_03.edf,904.0,908.0,1.0,0.7,67,0.9872642761673924,ok,0,9,8,0.0
chb01,chb01_03.edf,904.0,908.0,1.0,0.7,68,1.468285937156321,ok,0,12,10,0.0
chb01,chb01_03.edf,904.0,908.0,1.0,0.7,69,1.0610836315798138,ok,0,8,5,0.0
chb01,chb01_03.edf,904.0,908.0,1.0,0.7,70,0.9779540002225692,ok,0,12,11,0.0
chb01,chb01_03.edf,904.0,908.0,1.0,0.7,71,1.7937447317653397,ok,0,10,8,0.0
chb01,chb01_03.edf,904.0,908.0,1.0,0.7,72,0.1411264794352152,ok,0,6,5,0.0
chb01,chb01_03.edf,904.0,908.0,1.0,0.7,73,0.6562223817390919,ok,0,10,9,0.0
chb01,chb01_03.edf,904.0,908.0,1.0,0.7,74,0.6245331567024902,ok,0,11,10,0.0
chb01,chb01_03.edf,904.0,908.0,1.0,0.7,75,1.6444774009019008,ok,0,11,8,0.0
chb01,chb01_03.edf,904.0,908.0,1.0,0.7,76,0.22553402254439306,ok,0,12,11,0.0
chb01,chb01_03.edf,904.0,908.0,1.0,0.7,77,1.2725604417092498,ok,0,10,9,0.0
chb01,chb01_03.edf,904.0,908.0,1.0,0.7,78,2.0009138479953363,ok,0,11,10,0.0
chb01,chb01_03.edf,904.0,908.0,1.0,0.7,79,0.1609368397508929,ok,0,7,6,0.0
chb01,chb01_03.edf,904.0,908.0,1.0,0.7,80,0.6383015059581932,ok,0,11,9,0.0
chb01,chb01_03.edf,904.0,908.0,1.0,0.7,81,1.3182729367518442,ok,0,10,8,0.0
chb01,chb01_03.edf,2700.0,2704.0,0.25,0.0,62,0.6171842911523988,ok,0,10,9,0.0
chb01,chb01_03.edf,2700.0,2704.0,0.25,0.0,63,2.043747370146671,ok,0,9,8,0.0
chb01,chb01_03.edf,2700.0,2704.0,0.25,0.0,64,0.8756532617719204,ok,0,9,8,0.0
chb01,chb01_03.edf,2700.0,2704.0,0.25,0.0,65,0.9667718123938864,ok,0,11,10,0.0
chb01,chb01_03.edf,2700.0,2704.0,0.25,0.0,66,0.3631787913269073,ok,0,11,9,0.0
chb01,chb01_03.edf,2700.0,2704.0,0.25,0.0,67,0.8092054221906116,ok,0,11,9,0.0
chb01,chb01_03.edf,2700.0,2704.0,0.25,0.0,68,0.9681035064574081,ok,0,9,8,0.0
chb01,chb01_03.edf,2700.0,2704.0,0.25,0.0,69,1.241548694349417,ok,0,10,8,0.0
chb01,chb01_03.edf,2700.0,2704.0,0.25,0.0,70,0.2793983295119334,ok,0,9,8,0.0
chb01,chb01_03.edf,2700.0,2704.0,0.25,0.0,71,1.5904417843670142,ok,0,12,11,0.0
chb01,chb01_03.edf,2700.0,2704.0,0.25,0.0,72,0.9990557900479503,ok,0,11,9,0.0
chb01,chb01_03.edf,2700.0,2704.0,0.25,0.0,73,0.4814093715175572,ok,0,8,7,0.0
chb01,chb01_03.edf,2700.0,2704.0,0.25,0.0,74,0.6162790697674418,ok,0,11,8,0.0
chb01,chb01_03.edf,2700.0,2704.0,0.25,0.0,75,0.35394981220923855,ok,0,12,11,0.0
chb01,chb01_03.edf,2700.0,2704.0,0.25,0.0,76,0.3909772130214703,ok,0,12,11,0.0
chb01,chb01_03.edf,2700.0,2704.0,0.25,0.0,77,0.9447730595988872,ok,0,6,4,0.0
chb01,chb01_03.edf,2700.0,2704.0,0.25,0.0,78,1.3483863463099397,ok,0,11,10,0.0
chb01,chb01_03.edf,2700.0,2704.0,0.25,0.0,79,0.1609368397508929,ok,0,7,6,0.0
chb01,chb01_03.edf,2700.0,2704.0,0.25,0.0,80,0.1797136108456547,ok,0,12,10,0.0
chb01,chb01_03.edf,2700.0,2704.0,0.25,0.0,81,1.4033891062507988,ok,0,10,7,0.0
chb01,chb01_03.edf,2700.0,2704.0,0.25,0.175,62,0.8911718991839817,ok,0,11,10,0.0
chb01,chb01_03.edf,2700.0,2704.0,0.25,0.175,63,2.043747370146671,ok,0,9,8,0.0
chb01,chb01_03.edf,2700.0,2704.0,0.25,0.175,64,0.8188259878606116,ok,0,8,7,0.0
chb01,chb01_03.edf,2700.0,2704.0,0.25,0.175,65,0.9667718123938864,ok,0,11,10,0.0
chb01,chb01_03.edf,2700.0,2704.0,0.25,0.175,66,0.3428004452807938,ok,0,11,9,0.0
chb01,chb01_03.edf,2700.0,2704.0,0.25,0.175,67,0.7837496720494512,ok,0,11,9,0.0
chb01,chb01_03.edf,2700.0,2704.0,0.25,0.175,68,0.9848613212110338,ok,0,9,8,0.0
chb01,chb01_03.edf,2700.0,2704.0,0.25,0.175,69,1.0830024853297033,ok,0,10,8,0.0
chb01,chb01_03.edf,2700.0,2704.0,0.25,0.175,70,0.2793983295119334,ok,0,9,8,0.0
chb01,chb01_03.edf,2700.0,2704.0,0.25,0.175,71,1.6064083802046423,ok,0,12,11,0.0
chb01,chb01_03.edf,2700.0,2704.0,0.25,0.175,72,0.9990557900479503,ok,0,11,9,0.0
chb01,chb01_03.edf,2700.0,2704.0,0.25,0.175,73,0.49693369644938035,ok,0,7,6,0.0
chb01,chb01_03.edf,2700.0,2704.0,0.25,0.175,74,0.6162790697674418,ok,0,11,8,0.0
chb01,chb01_03.edf,2700.0,2704.0,0.25,0.175,75,0.36209868255118927,ok,0,12,11,0.0
chb01,chb01_03.edf,2700.0,2704.0,0.25,0.175,76,0.3909772130214703,ok,0,12,11,0.0
chb01,chb01_03.edf,2700.0,2704.0,0.25,0.175,77,0.9447730595988872,ok,0,6,4,0.0
chb01,chb01_03.edf,2700.0,2704.0,0.25,0.175,78,1.3483863463099397,ok,0,11,10,0.0
chb01,chb01_03.edf,2700.0,2704.0,0.25,0.175,79,0.1609368397508929,ok,0,7,6,0.0
chb01,chb01_03.edf,2700.0,2704.0,0.25,0.175,80,0.18508067986596996,ok,0,11,9,0.0
chb01,chb01_03.edf,2700.0,2704.0,0.25,0.175,81,1.3529940374376748,ok,0,9,8,0.0
chb01,chb01_03.edf,2700.0,2704.0,0.25,0.35,62,1.010914819630049,ok,0,7,6,0.0
chb01,chb01_03.edf,2700.0,2704.0,0.25,0.35,63,1.8881964700606273,ok,0,9,7,0.0
chb01,chb01_03.edf,2700.0,2704.0,0.25,0.35,64,0.8188259878606116,ok,0,8,7,0.0
chb01,chb01_03.edf,2700.0,2704.0,0.25,0.35,65,0.7797021187924172,ok,0,11,10,0.0
chb01,chb01_03.edf,2700.0,2704.0,0.25,0.35,66,0.3428004452807938,ok,0,11,9,0.0
chb01,chb01_03.edf,2700.0,2704.0,0.25,0.35,67,0.5674703289187447,ok,0,10,9,0.0
chb01,chb01_03.edf,2700.0,2704.0,0.25,0.35,68,0.9848613212110338,ok,0,9,8,0.0
chb01,chb01_03.edf,2700.0,2704.0,0.25,0.35,69,1.0827791290473125,ok,0,10,8,0.0
chb01,chb01_03.edf,2700.0,2704.0,0.25,0.35,70,0.2793983295119334,ok,0,9,8,0.0
chb01,chb01_03.edf,2700.0,2704.0,0.25,0.35,71,1.6064083802046423,ok,0,12,11,0.0
chb01,chb01_03.edf,2700.0,2704.0,0.25,0.35,72,0.9990557900479503,ok,0,10,9,0.0
chb01,chb01_03.edf,2700.0,2704.0,0.25,0.35,73,0.4535635517868516,ok,0,8,7,0.0
chb01,chb01_03.edf,2700.0,2704.0,0.25,0.35,74,0.41389469140831825,ok,0,11,8,0.0
chb01,chb01_03.edf,2700.0,2704.0,0.25,0.35,75,0.5316772319919087,ok,0,13,12,0.0
chb01,chb01_03.edf,2700.0,2704.0,0.25,0.35,76,0.35493001564558796,ok,0,13,12,0.0
chb01,chb01_03.edf,2700.0,2704.0,0.25,0.35,77,0.9447730595988872,ok,0,6,4,0.0
chb01,chb01_03.edf,2700.0,2704.0,0.25,0.35,78,1.3010646421373222,ok,0,11,9,0.0
chb01,chb01_03.edf,2700.0,2704.0,0.25,0.35,79,0.1609368397508929,ok,0,7,6,0.0
chb01,chb01_03.edf,2700.0,2704.0,0.25,0.35,80,0.1797136108456547,ok,0,12,10,0.0
chb01,chb01_03.edf,2700.0,2704.0,0.25,0.35,81,1.3558611738243374,ok,0,10,9,0.0
chb01,chb01_03.edf,2700.0,2704.0,0.25,0.7,62,0.6587160614893968,ok,0,8,7,0.0
chb01,chb01_03.edf,2700.0,2704.0,0.25,0.7,63,1.8882349534192417,ok,0,9,7,0.0
chb01,chb01_03.edf,2700.0,2704.0,0.25,0.7,64,0.8374454816418183,ok,0,9,8,0.0
chb01,chb01_03.edf,2700.0,2704.0,0.25,0.7,65,0.7601752455137977,ok,0,12,11,0.0
chb01,chb01_03.edf,2700.0,2704.0,0.25,0.7,66,0.3981777051432263,ok,0,11,9,0.0
chb01,chb01_03.edf,2700.0,2704.0,0.25,0.7,67,0.5199632811725445,ok,0,11,10,0.0
chb01,chb01_03.edf,2700.0,2704.0,0.25,0.7,68,0.9496633350969745,ok,0,9,8,0.0
chb01,chb01_03.edf,2700.0,2704.0,0.25,0.7,69,0.9851508751340724,ok,0,10,7,0.0
chb01,chb01_03.edf,2700.0,2704.0,0.25,0.7,70,0.2793983295119334,ok,0,9,8,0.0
chb01,chb01_03.edf,2700.0,2704.0,0.25,0.7,71,1.2684651405864167,ok,0,13,12,0.0
chb01,chb01_03.edf,2700.0,2704.0,0.25,0.7,72,1.6747326292776876,ok,0,7,6,0.0
chb01,chb01_03.edf,2700.0,2704.0,0.25,0.7,73,0.5405393607336088,ok,0,8,7,0.0
chb01,chb01_03.edf,2700.0,2704.0,0.25,0.7,74,0.3172849893405353,ok,0,9,8,0.0
chb01,chb01_03.edf,2700.0,2704.0,0.25,0.7,75,0.5543711562557879,ok,0,13,11,0.0
chb01,chb01_03.edf,2700.0,2704.0,0.25,0.7,76,0.42679180307554176,ok,0,14,13,0.0
chb01,chb01_03.edf,2700.0,2704.0,0.25,0.7,77,0.8585052603311499,ok,0,7,5,0.0
chb01,chb01_03.edf,2700.0,2704.0,0.25,0.7,78,1.054154017016563,ok,0,9,7,0.0
chb01,chb01_03.edf,2700.0,2704.0,0.25,0.7,79,1.571778379011263,ok,0,8,6,0.0
chb01,chb01_03.edf,2700.0,2704.0,0.25,0.7,80,0.31415153099103776,ok,0,11,9,0.0
chb01,chb01_03.edf,2700.0,2704.0,0.25,0.7,81,1.3558611738243374,ok,0,10,9,0.0
chb01,chb01_03.edf,2700.0,2704.0,0.5,0.0,62,0.5712931377579745,ok,0,12,11,0.0
chb01,chb01_03.edf,2700.0,2704.0,0.5,0.0,63,0.16726057798219393,ok,0,8,7,0.0
chb01,chb01_03.edf,2700.0,2704.0,0.5,0.0,64,0.19637001542360058,ok,0,9,8,0.0
chb01,chb01_03.edf,2700.0,2704.0,0.5,0.0,65,0.546024803519956,ok,0,10,8,0.0
chb01,chb01_03.edf,2700.0,2704.0,0.5,0.0,66,0.3428004452807938,ok,0,11,9,0.0
chb01,chb01_03.edf,2700.0,2704.0,0.5,0.0,67,0.9454773281444654,ok,0,7,6,0.0
chb01,chb01_03.edf,2700.0,2704.0,0.5,0.0,68,1.2291207868644798,ok,0,12,11,0.0
chb01,chb01_03.edf,2700.0,2704.0,0.5,0.0,69,1.1682562182790923,ok,0,9,7,0.0
chb01,chb01_03.edf,2700.0,2704.0,0.5,0.0,70,0.5111811702061327,ok,0,14,13,0.0
chb01,chb01_03.edf,2700.0,2704.0,0.5,0.0,71,1.8179982256514546,ok,0,11,9,0.0
chb01,chb01_03.edf,2700.0,2704.0,0.5,0.0,72,0.18642507739616473,ok,0,6,5,0.0
chb01,chb01_03.edf,2700.0,2704.0,0.5,0.0,73,0.6286253346157429,ok,0,10,9,0.0
chb01,chb01_03.edf,2700.0,2704.0,0.5,0.0,74,0.6476197533905482,ok,0,9,7,0.0
chb01,chb01_03.edf,2700.0,2704.0,0.5,0.0,75,0.9626906857352386,ok,0,12,10,0.0
chb01,chb01_03.edf,2700.0,2704.0,0.5,0.0,76,0.48840569686484475,ok,0,10,9,0.0
chb01,chb01_03.edf,2700.0,2704.0,0.5,0.0,77,1.4397992123948258,ok,0,10,9,0.0
chb01,chb01_03.edf,2700.0,2704.0,0.5,0.0,78,0.8783739115481473,ok,0,10,9,0.0
chb01,chb01_03.edf,2700.0,2704.0,0.5,0.0,79,0.6660998123404629,ok,0,8,7,0.0
chb01,chb01_03.edf,2700.0,2704.0,0.5,0.0,80,0.48943288169382493,ok,0,10,8,0.0
chb01,chb01_03.edf,2700.0,2704.0,0.5,0.0,81,1.3487816138931745,ok,0,10,9,0.0
chb01,chb01_03.edf,2700.0,2704.0,0.5,0.175,62,0.5764665662856464,ok,0,12,11,0.0
chb01,chb01_03.edf,2700.0,2704.0,0.5,0.175,63,0.1905715741194078,ok,0,9,8,0.0
chb01,chb01_03.edf,2700.0,2704.0,0.5,0.175,64,0.19637001542360058,ok,0,9,8,0.0
chb01,chb01_03.edf,2700.0,2704.0,0.5,0.175,65,0.546024803519956,ok,0,10,8,0.0
chb01,chb01_03.edf,2700.0,2704.0,0.5,0.175,66,0.3428004452807938,ok,0,11,9,0.0
chb01,chb01_03.edf,2700.0,2704.0,0.5,0.175,67,0.8377672197615914,ok,0,6,5,0.0
chb01,chb01_03.edf,2700.0,2704.0,0.5,0.175,68,1.2563716415680837,ok,0,11,10,0.0
chb01,chb01_03.edf,2700.0,2704.0,0.5,0.175,69,1.076614708222023,ok,0,10,8,0.0
chb01,chb01_03.edf,2700.0,2704.0,0.5,0.175,70,0.509154547108042,ok,0,14,13,0.0
chb01,chb01_03.edf,2700.0,2704.0,0.5,0.175,71,1.8386018855277186,ok,0,11,9,0.0
chb01,chb01_03.edf,2700.0,2704.0,0.5,0.175,72,0.18642507739616473,ok,0,6,5,0.0
chb01,chb01_03.edf,2700.0,2704.0,0.5,0.175,73,0.5452212539282901,ok,0,10,9,0.0
chb01,chb01_03.edf,2700.0,2704.0,0.5,0.175,74,0.6476197533905482,ok,0,9,7,0.0
chb01,chb01_03.edf,2700.0,2704.0,0.5,0.175,75,0.933210050881639,ok,0,11,10,0.0
chb01,chb01_03.edf,2700.0,2704.0,0.5,0.175,76,0.30531938635746625,ok,0,12,11,0.0
chb01,chb01_03.edf,2700.0,2704.0,0.5,0.175,77,0.14113296980235743,ok,0,9,8,0.0
chb01,chb01_03.edf,2700.0,2704.0,0.5,0.175,78,0.8783739115481473,ok,0,10,9,0.0
chb01,chb01_03.edf,2700.0,2704.0,0.5,0.175,79,0.1609368397508929,ok,0,7,6,0.0
chb01,chb01_03.edf,2700.0,2704.0,0.5,0.175,80,0.48943288169382493,ok,0,10,8,0.0
chb01,chb01_03.edf,2700.0,2704.0,0.5,0.175,81,1.3487816138931745,ok,0,10,9,0.0
chb01,chb01_03.edf,2700.0,2704.0,0.5,0.35,62,0.5764665662856464,ok,0,12,11,0.0
chb01,chb01_03.edf,2700.0,2704.0,0.5,0.35,63,0.18852951827099879,ok,0,8,7,0.0
chb01,chb01_03.edf,2700.0,2704.0,0.5,0.35,64,0.19637001542360058,ok,0,9,8,0.0
chb01,chb01_03.edf,2700.0,2704.0,0.5,0.35,65,0.546024803519956,ok,0,10,8,0.0
chb01,chb01_03.edf,2700.0,2704.0,0.5,0.35,66,0.47873267628337846,ok,0,11,8,0.0
chb01,chb01_03.edf,2700.0,2704.0,0.5,0.35,67,0.8377672197615914,ok,0,6,5,0.0
chb01,chb01_03.edf,2700.0,2704.0,0.5,0.35,68,1.2291207868644798,ok,0,12,11,0.0
chb01,chb01_03.edf,2700.0,2704.0,0.5,0.35,69,1.076614708222023,ok,0,10,8,0.0
chb01,chb01_03.edf,2700.0,2704.0,0.5,0.35,70,0.509154547108042,ok,0,14,13,0.0
chb01,chb01_03.edf,2700.0,2704.0,0.5,0.35,71,1.8386018855277186,ok,0,11,9,0.0
chb01,chb01_03.edf,2700.0,2704.0,0.5,0.35,72,0.1586900018443984,ok,0,6,5,0.0
chb01,chb01_03.edf,2700.0,2704.0,0.5,0.35,73,0.5452212539282901,ok,0,10,9,0.0
chb01,chb01_03.edf,2700.0,2704.0,0.5,0.35,74,0.6476197533905482,ok,0,9,7,0.0
chb01,chb01_03.edf,2700.0,2704.0,0.5,0.35,75,0.933210050881639,ok,0,11,10,0.0
chb01,chb01_03.edf,2700.0,2704.0,0.5,0.35,76,0.4154391959666186,ok,0,11,10,0.0
chb01,chb01_03.edf,2700.0,2704.0,0.5,0.35,77,0.14113296980235743,ok,0,9,8,0.0
chb01,chb01_03.edf,2700.0,2704.0,0.5,0.35,78,0.9146830104283815,ok,0,10,9,0.0
chb01,chb01_03.edf,2700.0,2704.0,0.5,0.35,79,0.1609368397508929,ok,0,7,6,0.0
chb01,chb01_03.edf,2700.0,2704.0,0.5,0.35,80,0.5002869379635629,ok,0,9,7,0.0
chb01,chb01_03.edf,2700.0,2704.0,0.5,0.35,81,1.3951320693161031,ok,0,9,8,0.0
chb01,chb01_03.edf,2700.0,2704.0,0.5,0.7,62,0.5267056902960866,ok,0,12,10,0.0
chb01,chb01_03.edf,2700.0,2704.0,0.5,0.7,63,0.19038993998968542,ok,0,8,7,0.0
chb01,chb01_03.edf,2700.0,2704.0,0.5,0.7,64,0.19637001542360058,ok,0,9,8,0.0
chb01,chb01_03.edf,2700.0,2704.0,0.5,0.7,65,1.4901575840267234,ok,0,10,8,0.0
chb01,chb01_03.edf,2700.0,2704.0,0.5,0.7,66,0.2742371326073363,ok,0,12,9,0.0
chb01,chb01_03.edf,2700.0,2704.0,0.5,0.7,67,0.8377672197615914,ok,0,6,5,0.0
chb01,chb01_03.edf,2700.0,2704.0,0.5,0.7,68,1.2291207868644798,ok,0,12,11,0.0
chb01,chb01_03.edf,2700.0,2704.0,0.5,0.7,69,1.076614708222023,ok,0,10,8,0.0
chb01,chb01_03.edf,2700.0,2704.0,0.5,0.7,70,0.509154547108042,ok,0,14,13,0.0
chb01,chb01_03.edf,2700.0,2704.0,0.5,0.7,71,1.8386018855277186,ok,0,11,9,0.0
chb01,chb01_03.edf,2700.0,2704.0,0.5,0.7,72,1.671216648090753,ok,0,7,6,0.0
chb01,chb01_03.edf,2700.0,2704.0,0.5,0.7,73,0.5462744991117745,ok,0,11,10,0.0
chb01,chb01_03.edf,2700.0,2704.0,0.5,0.7,74,0.7545093547340467,ok,0,8,7,0.0
chb01,chb01_03.edf,2700.0,2704.0,0.5,0.7,75,0.8090570236918849,ok,0,11,10,0.0
chb01,chb01_03.edf,2700.0,2704.0,0.5,0.7,76,0.0650695282874675,ok,0,12,10,0.0
chb01,chb01_03.edf,2700.0,2704.0,0.5,0.7,77,0.15368576405848505,ok,0,10,9,0.0
chb01,chb01_03.edf,2700.0,2704.0,0.5,0.7,78,0.9074191669144621,ok,0,10,8,0.0
chb01,chb01_03.edf,2700.0,2704.0,0.5,0.7,79,0.1609368397508929,ok,0,7,6,0.0
chb01,chb01_03.edf,2700.0,2704.0,0.5,0.7,80,0.49103394554263236,ok,0,10,8,0.0
chb01,chb01_03.edf,2700.0,2704.0,0.5,0.7,81,1.3529940374376748,ok,0,9,8,0.0
chb01,chb01_03.edf,2700.0,2704.0,1.0,0.0,62,0.7743914046997703,ok,0,11,10,0.0
chb01,chb01_03.edf,2700.0,2704.0,1.0,0.0,63,0.21488489744161204,ok,0,8,7,0.0
chb01,chb01_03.edf,2700.0,2704.0,1.0,0.0,64,0.17192047651837583,ok,0,10,9,0.0
chb01,chb01_03.edf,2700.0,2704.0,1.0,0.0,65,0.48620003231413916,ok,0,12,9,0.0
chb01,chb01_03.edf,2700.0,2704.0,1.0,0.0,66,1.3756822323974554,ok,0,13,11,0.0
chb01,chb01_03.edf,2700.0,2704.0,1.0,0.0,67,1.0067830609804835,ok,0,9,8,0.0
chb01,chb01_03.edf,2700.0,2704.0,1.0,0.0,68,1.5176810316646947,ok,0,13,11,0.0
chb01,chb01_03.edf,2700.0,2704.0,1.0,0.0,69,1.0610836315798138,ok,0,8,5,0.0
chb01,chb01_03.edf,2700.0,2704.0,1.0,0.0,70,0.981919803246944,ok,0,12,11,0.0
chb01,chb01_03.edf,2700.0,2704.0,1.0,0.0,71,1.7937447317653397,ok,0,10,8,0.0
chb01,chb01_03.edf,2700.0,2704.0,1.0,0.0,72,0.18642507739616473,ok,0,6,5,0.0
chb01,chb01_03.edf,2700.0,2704.0,1.0,0.0,73,0.5987516059102022,ok,0,9,8,0.0
chb01,chb01_03.edf,2700.0,2704.0,1.0,0.0,74,0.6443582292066723,ok,0,11,10,0.0
chb01,chb01_03.edf,2700.0,2704.0,1.0,0.0,75,1.65888681246551,ok,0,10,7,0.0
chb01,chb01_03.edf,2700.0,2704.0,1.0,0.0,76,0.22553402254439306,ok,0,12,11,0.0
chb01,chb01_03.edf,2700.0,2704.0,1.0,0.0,77,1.261454559020981,ok,0,10,9,0.0
chb01,chb01_03.edf,2700.0,2704.0,1.0,0.0,78,1.9856992051961986,ok,0,12,11,0.0
chb01,chb01_03.edf,2700.0,2704.0,1.0,0.0,79,0.1609368397508929,ok,0,7,6,0.0
chb01,chb01_03.edf,2700.0,2704.0,1.0,0.0,80,0.8375512923759941,ok,0,11,9,0.0
chb01,chb01_03.edf,2700.0,2704.0,1.0,0.0,81,1.3218647883394035,ok,0,10,8,0.0
chb01,chb01_03.edf,2700.0,2704.0,1.0,0.175,62,0.7824148720164142,ok,0,11,10,0.0
chb01,chb01_03.edf,2700.0,2704.0,1.0,0.175,63,0.21488489744161204,ok,0,8,7,0.0
chb01,chb01_03.edf,2700.0,2704.0,1.0,0.175,64,0.17192047651837583,ok,0,10,9,0.0
chb01,chb01_03.edf,2700.0,2704.0,1.0,0.175,65,0.48620003231413916,ok,0,12,9,0.0
chb01,chb01_03.edf,2700.0,2704.0,1.0,0.175,66,1.3756822323974554,ok,0,13,11,0.0
chb01,chb01_03.edf,2700.0,2704.0,1.0,0.175,67,1.0067830609804835,ok,0,9,8,0.0
chb01,chb01_03.edf,2700.0,2704.0,1.0,0.175,68,1.5176810316646947,ok,0,13,11,0.0
chb01,chb01_03.edf,2700.0,2704.0,1.0,0.175,69,1.0610836315798138,ok,0,8,5,0.0
chb01,chb01_03.edf,2700.0,2704.0,1.0,0.175,70,0.981919803246944,ok,0,12,11,0.0
chb01,chb01_03.edf,2700.0,2704.0,1.0,0.175,71,1.7937447317653397,ok,0,10,8,0.0
chb01,chb01_03.edf,2700.0,2704.0,1.0,0.175,72,0.18642507739616473,ok,0,6,5,0.0
chb01,chb01_03.edf,2700.0,2704.0,1.0,0.175,73,0.5987516059102022,ok,0,9,8,0.0
chb01,chb01_03.edf,2700.0,2704.0,1.0,0.175,74,0.6443582292066723,ok,0,11,10,0.0
chb01,chb01_03.edf,2700.0,2704.0,1.0,0.175,75,1.590513747280279,ok,0,9,7,0.0
chb01,chb01_03.edf,2700.0,2704.0,1.0,0.175,76,0.22553402254439306,ok,0,12,11,0.0
chb01,chb01_03.edf,2700.0,2704.0,1.0,0.175,77,1.261454559020981,ok,0,10,9,0.0
chb01,chb01_03.edf,2700.0,2704.0,1.0,0.175,78,1.9856992051961986,ok,0,12,11,0.0
chb01,chb01_03.edf,2700.0,2704.0,1.0,0.175,79,0.1609368397508929,ok,0,7,6,0.0
chb01,chb01_03.edf,2700.0,2704.0,1.0,0.175,80,0.7001723173641382,ok,0,11,9,0.0
chb01,chb01_03.edf,2700.0,2704.0,1.0,0.175,81,1.3218647883394035,ok,0,10,8,0.0
chb01,chb01_03.edf,2700.0,2704.0,1.0,0.35,62,0.7824148720164142,ok,0,11,10,0.0
chb01,chb01_03.edf,2700.0,2704.0,1.0,0.35,63,0.17253466291491212,ok,0,8,7,0.0
chb01,chb01_03.edf,2700.0,2704.0,1.0,0.35,64,0.18593135984721057,ok,0,10,8,0.0
chb01,chb01_03.edf,2700.0,2704.0,1.0,0.35,65,0.48620003231413916,ok,0,12,9,0.0
chb01,chb01_03.edf,2700.0,2704.0,1.0,0.35,66,1.3756822323974554,ok,0,13,11,0.0
chb01,chb01_03.edf,2700.0,2704.0,1.0,0.35,67,1.0067830609804835,ok,0,9,8,0.0
chb01,chb01_03.edf,2700.0,2704.0,1.0,0.35,68,1.5176810316646947,ok,0,13,11,0.0
chb01,chb01_03.edf,2700.0,2704.0,1.0,0.35,69,1.05807512852026,ok,0,9,6,0.0
chb01,chb01_03.edf,2700.0,2704.0,1.0,0.35,70,0.981919803246944,ok,0,12,11,0.0
chb01,chb01_03.edf,2700.0,2704.0,1.0,0.35,71,1.7937447317653397,ok,0,10,8,0.0
chb01,chb01_03.edf,2700.0,2704.0,1.0,0.35,72,0.1586900018443984,ok,0,6,5,0.0
chb01,chb01_03.edf,2700.0,2704.0,1.0,0.35,73,0.5987516059102022,ok,0,9,8,0.0
chb01,chb01_03.edf,2700.0,2704.0,1.0,0.35,74,0.6459406006850896,ok,0,11,10,0.0
chb01,chb01_03.edf,2700.0,2704.0,1.0,0.35,75,1.590513747280279,ok,0,9,7,0.0
chb01,chb01_03.edf,2700.0,2704.0,1.0,0.35,76,0.22553402254439306,ok,0,12,11,0.0
chb01,chb01_03.edf,2700.0,2704.0,1.0,0.35,77,1.1993834364071327,ok,0,9,8,0.0
chb01,chb01_03.edf,2700.0,2704.0,1.0,0.35,78,1.9856992051961986,ok,0,12,11,0.0
chb01,chb01_03.edf,2700.0,2704.0,1.0,0.35,79,0.1609368397508929,ok,0,7,6,0.0
chb01,chb01_03.edf,2700.0,2704.0,1.0,0.35,80,0.7001723173641382,ok,0,11,9,0.0
chb01,chb01_03.edf,2700.0,2704.0,1.0,0.35,81,1.215686175817603,ok,0,9,7,0.0
chb01,chb01_03.edf,2700.0,2704.0,1.0,0.7,62,0.6946926244532996,ok,0,10,8,0.0
chb01,chb01_03.edf,2700.0,2704.0,1.0,0.7,63,0.15396388642427095,ok,0,8,7,0.0
chb01,chb01_03.edf,2700.0,2704.0,1.0,0.7,64,0.18593135984721057,ok,0,10,8,0.0
chb01,chb01_03.edf,2700.0,2704.0,1.0,0.7,65,0.49292157435773215,ok,0,12,10,0.0
chb01,chb01_03.edf,2700.0,2704.0,1.0,0.7,66,1.4500666645278386,ok,0,13,11,0.0
chb01,chb01_03.edf,2700.0,2704.0,1.0,0.7,67,0.9441743721739809,ok,0,9,8,0.0
chb01,chb01_03.edf,2700.0,2704.0,1.0,0.7,68,1.4912089150286119,ok,0,12,10,0.0
chb01,chb01_03.edf,2700.0,2704.0,1.0,0.7,69,1.0624655170906576,ok,0,8,6,0.0
chb01,chb01_03.edf,2700.0,2704.0,1.0,0.7,70,0.981919803246944,ok,0,12,11,0.0
chb01,chb01_03.edf,2700.0,2704.0,1.0,0.7,71,1.7937447317653397,ok,0,10,8,0.0
chb01,chb01_03.edf,2700.0,2704.0,1.0,0.7,72,0.15927485905071012,ok,0,6,5,0.0
chb01,chb01_03.edf,2700.0,2704.0,1.0,0.7,73,0.6533751678755305,ok,0,10,9,0.0
chb01,chb01_03.edf,2700.0,2704.0,1.0,0.7,74,0.6288403684535347,ok,0,10,9,0.0
chb01,chb01_03.edf,2700.0,2704.0,1.0,0.7,75,1.5887774998137796,ok,0,9,7,0.0
chb01,chb01_03.edf,2700.0,2704.0,1.0,0.7,76,0.22652733919178974,ok,0,12,11,0.0
chb01,chb01_03.edf,2700.0,2704.0,1.0,0.7,77,1.1550395471141301,ok,0,8,7,0.0
chb01,chb01_03.edf,2700.0,2704.0,1.0,0.7,78,1.9876372132073012,ok,0,12,11,0.0
chb01,chb01_03.edf,2700.0,2704.0,1.0,0.7,79,0.1609368397508929,ok,0,7,6,0.0
chb01,chb01_03.edf,2700.0,2704.0,1.0,0.7,80,0.6462806672409313,ok,0,10,8,0.0
chb01,chb01_03.edf,2700.0,2704.0,1.0,0.7,81,1.215686175817603,ok,0,9,7,0.0
chb01,chb01_04.edf,904.0,908.0,0.25,0.0,62,0.6171842911523988,ok,0,10,9,0.0
chb01,chb01_04.edf,904.0,908.0,0.25,0.0,63,2.043747370146671,ok,0,9,8,0.0
chb01,chb01_04.edf,904.0,908.0,0.25,0.0,64,0.8756532617719204,ok,0,9,8,0.0
chb01,chb01_04.edf,904.0,908.0,0.25,0.0,65,0.9667718123938864,ok,0,11,10,0.0
chb01,chb01_04.edf,904.0,908.0,0.25,0.0,66,0.3631787913269073,ok,0,11,9,0.0
chb01,chb01_04.edf,904.0,908.0,0.25,0.0,67,0.8092054221906116,ok,0,11,9,0.0
chb01,chb01_04.edf,904.0,908.0,0.25,0.0,68,0.9681035064574081,ok,0,9,8,0.0
chb01,chb01_04.edf,904.0,908.0,0.25,0.0,69,1.241548694349417,ok,0,10,8,0.0
chb01,chb01_04.edf,904.0,908.0,0.25,0.0,70,0.2793983295119334,ok,0,9,8,0.0
chb01,chb01_04.edf,904.0,908.0,0.25,0.0,71,1.5904417843670142,ok,0,12,11,0.0
chb01,chb01_04.edf,904.0,908.0,0.25,0.0,72,0.9990557900479503,ok,0,11,9,0.0
chb01,chb01_04.edf,904.0,908.0,0.25,0.0,73,0.4814093715175572,ok,0,8,7,0.0
chb01,chb01_04.edf,904.0,908.0,0.25,0.0,74,0.6162790697674418,ok,0,11,8,0.0
chb01,chb01_04.edf,904.0,908.0,0.25,0.0,75,0.35394981220923855,ok,0,12,11,0.0
chb01,chb01_04.edf,904.0,908.0,0.25,0.0,76,0.3909772130214703,ok,0,12,11,0.0
chb01,chb01_04.edf,904.0,908.0,0.25,0.0,77,0.9447730595988872,ok,0,6,4,0.0
chb01,chb01_04.edf,904.0,908.0,0.25,0.0,78,1.3483863463099397,ok,0,11,10,0.0
chb01,chb01_04.edf,904.0,908.0,0.25,0.0,79,0.1609368397508929,ok,0,7,6,0.0
chb01,chb01_04.edf,904.0,908.0,0.25,0.0,80,0.1797136108456547,ok,0,12,10,0.0
chb01,chb01_04.edf,904.0,908.0,0.25,0.0,81,1.4033891062507988,ok,0,10,7,0.0
chb01,chb01_04.edf,904.0,908.0,0.25,0.175,62,0.6196207900565306,ok,0,10,9,0.0
chb01,chb01_04.edf,904.0,908.0,0.25,0.175,63,2.043813729291342,ok,0,9,8,0.0
chb01,chb01_04.edf,904.0,908.0,0.25,0.175,64,0.8756532617719204,ok,0,9,8,0.0
chb01,chb01_04.edf,904.0,908.0,0.25,0.175,65,1.4824847269439707,ok,0,10,9,0.0
chb01,chb01_04.edf,904.0,908.0,0.25,0.175,66,0.3428004452807938,ok,0,11,9,0.0
chb01,chb01_04.edf,904.0,908.0,0.25,0.175,67,0.5117797510527305,ok,0,12,10,0.0
chb01,chb01_04.edf,904.0,908.0,0.25,0.175,68,1.046349240967186,ok,0,10,9,0.0
chb01,chb01_04.edf,904.0,908.0,0.25,0.175,69,1.241548694349417,ok,0,10,8,0.0
chb01,chb01_04.edf,904.0,908.0,0.25,0.175,70,0.2793983295119334,ok,0,9,8,0.0
chb01,chb01_04.edf,904.0,908.0,0.25,0.175,71,1.3880944615992352,ok,0,13,12,0.0
chb01,chb01_04.edf,904.0,908.0,0.25,0.175,72,1.3484377489871278,ok,0,10,8,0.0
chb01,chb01_04.edf,904.0,908.0,0.25,0.175,73,0.5222483000558874,ok,0,9,8,0.0
chb01,chb01_04.edf,904.0,908.0,0.25,0.175,74,0.6050315092807451,ok,0,10,7,0.0
chb01,chb01_04.edf,904.0,908.0,0.25,0.175,75,0.39215394067812964,ok,0,12,11,0.0
chb01,chb01_04.edf,904.0,908.0,0.25,0.175,76,0.6458582493463446,ok,0,11,10,0.0
chb01,chb01_04.edf,904.0,908.0,0.25,0.175,77,0.9447730595988872,ok,0,6,4,0.0
chb01,chb01_04.edf,904.0,908.0,0.25,0.175,78,1.7758823578387706,ok,0,10,8,0.0
chb01,chb01_04.edf,904.0,908.0,0.25,0.175,79,0.1568870781527907,ok,0,8,5,0.0
chb01,chb01_04.edf,904.0,908.0,0.25,0.175,80,0.1797136108456547,ok,0,12,10,0.0
chb01,chb01_04.edf,904.0,908.0,0.25,0.175,81,1.391697303472564,ok,0,9,8,0.0
chb01,chb01_04.edf,904.0,908.0,0.25,0.35,62,0.5814782250703291,ok,0,10,9,0.0
chb01,chb01_04.edf,904.0,908.0,0.25,0.35,63,0.227675812532863,ok,0,9,8,0.0
chb01,chb01_04.edf,904.0,908.0,0.25,0.35,64,0.8756532617719204,ok,0,9,8,0.0
chb01,chb01_04.edf,904.0,908.0,0.25,0.35,65,0.9821713059895141,ok,0,11,9,0.0
chb01,chb01_04.edf,904.0,908.0,0.25,0.35,66,0.3428004452807938,ok,0,11,9,0.0
chb01,chb01_04.edf,904.0,908.0,0.25,0.35,67,0.45004382867866927,ok,0,11,10,0.0
chb01,chb01_04.edf,904.0,908.0,0.25,0.35,68,1.0875129876370064,ok,0,11,10,0.0
chb01,chb01_04.edf,904.0,908.0,0.25,0.35,69,1.1278302807453278,ok,0,11,9,0.0
chb01,chb01_04.edf,904.0,908.0,0.25,0.35,70,0.2793983295119334,ok,0,9,8,0.0
chb01,chb01_04.edf,904.0,908.0,0.25,0.35,71,1.3880944615992352,ok,0,13,12,0.0
chb01,chb01_04.edf,904.0,908.0,0.25,0.35,72,1.3484377489871278,ok,0,10,8,0.0
chb01,chb01_04.edf,904.0,908.0,0.25,0.35,73,0.5222483000558874,ok,0,9,8,0.0
chb01,chb01_04.edf,904.0,908.0,0.25,0.35,74,0.5390960069339906,ok,0,9,7,0.0
chb01,chb01_04.edf,904.0,908.0,0.25,0.35,75,0.39215394067812964,ok,0,12,11,0.0
chb01,chb01_04.edf,904.0,908.0,0.25,0.35,76,0.6732489750869154,ok,0,11,10,0.0
chb01,chb01_04.edf,904.0,908.0,0.25,0.35,77,0.8585052603311499,ok,0,7,5,0.0
chb01,chb01_04.edf,904.0,908.0,0.25,0.35,78,1.6645034973730208,ok,0,10,7,0.0
chb01,chb01_04.edf,904.0,908.0,0.25,0.35,79,0.1568870781527907,ok,0,8,5,0.0
chb01,chb01_04.edf,904.0,908.0,0.25,0.35,80,0.1797136108456547,ok,0,12,10,0.0
chb01,chb01_04.edf,904.0,908.0,0.25,0.35,81,1.3549993431102936,ok,0,9,7,0.0
chb01,chb01_04.edf,904.0,908.0,0.25,0.7,62,0.6508587577778894,ok,0,11,10,0.0
chb01,chb01_04.edf,904.0,908.0,0.25,0.7,63,0.15185342621837156,ok,0,9,8,0.0
chb01,chb01_04.edf,904.0,908.0,0.25,0.7,64,0.8656624188824752,ok,0,9,8,0.0
chb01,chb01_04.edf,904.0,908.0,0.25,0.7,65,0.866643484905826,ok,0,10,8,0.0
chb01,chb01_04.edf,904.0,908.0,0.25,0.7,66,0.3428004452807938,ok,0,11,9,0.0
chb01,chb01_04.edf,904.0,908.0,0.25,0.7,67,0.522122033616194,ok,0,12,11,0.0
chb01,chb01_04.edf,904.0,908.0,0.25,0.7,68,1.234324444366843,ok,0,9,8,0.0
chb01,chb01_04.edf,904.0,908.0,0.25,0.7,69,1.0297851903655233,ok,0,12,10,0.0
chb01,chb01_04.edf,904.0,908.0,0.25,0.7,70,0.22757873597035821,ok,0,9,8,0.0
chb01,chb01_04.edf,904.0,908.0,0.25,0.7,71,1.282350011000836,ok,0,12,11,0.0
chb01,chb01_04.edf,904.0,908.0,0.25,0.7,72,1.6784782725454688,ok,0,8,7,0.0
chb01,chb01_04.edf,904.0,908.0,0.25,0.7,73,0.6103726809366787,ok,0,9,8,0.0
chb01,chb01_04.edf,904.0,908.0,0.25,0.7,74,0.5845255400424404,ok,0,10,8,0.0
chb01,chb01_04.edf,904.0,908.0,0.25,0.7,75,0.46372054575512395,ok,0,13,12,0.0
chb01,chb01_04.edf,904.0,908.0,0.25,0.7,76,0.5401001036957703,ok,0,9,8,0.0
chb01,chb01_04.edf,904.0,908.0,0.25,0.7,77,0.8852927255301171,ok,0,6,4,0.0
chb01,chb01_04.edf,904.0,908.0,0.25,0.7,78,1.7817915325720095,ok,0,12,9,0.0
chb01,chb01_04.edf,904.0,908.0,0.25,0.7,79,0.1568870781527907,ok,0,8,5,0.0
chb01,chb01_04.edf,904.0,908.0,0.25,0.7,80,0.17255613917406284,ok,0,14,12,0.0
chb01,chb01_04.edf,904.0,908.0,0.25,0.7,81,1.2555376468956123,ok,0,9,6,0.0
chb01,chb01_04.edf,904.0,908.0,0.5,0.0,62,0.5712931377579745,ok,0,12,11,0.0
chb01,chb01_04.edf,904.0,908.0,0.5,0.0,63,0.16726057798219393,ok,0,8,7,0.0
chb01,chb01_04.edf,904.0,908.0,0.5,0.0,64,0.19637001542360058,ok,0,9,8,0.0
chb01,chb01_04.edf,904.0,908.0,0.5,0.0,65,0.546024803519956,ok,0,10,8,0.0
chb01,chb01_04.edf,904.0,908.0,0.5,0.0,66,0.3428004452807938,ok,0,11,9,0.0
chb01,chb01_04.edf,904.0,908.0,0.5,0.0,67,0.9454773281444654,ok,0,7,6,0.0
chb01,chb01_04.edf,904.0,908.0,0.5,0.0,68,1.2291207868644798,ok,0,12,11,0.0
chb01,chb01_04.edf,904.0,908.0,0.5,0.0,69,1.1682562182790923,ok,0,9,7,0.0
chb01,chb01_04.edf,904.0,908.0,0.5,0.0,70,0.5111811702061327,ok,0,14,13,0.0
chb01,chb01_04.edf,904.0,908.0,0.5,0.0,71,1.8179982256514546,ok,0,11,9,0.0
chb01,chb01_04.edf,904.0,908.0,0.5,0.0,72,0.18642507739616473,ok,0,6,5,0.0
chb01,chb01_04.edf,904.0,908.0,0.5,0.0,73,0.6286253346157429,ok,0,10,9,0.0
chb01,chb01_04.edf,904.0,908.0,0.5,0.0,74,0.6476197533905482,ok,0,9,7,0.0
chb01,chb01_04.edf,904.0,908.0,0.5,0.0,75,0.9626906857352386,ok,0,12,10,0.0
chb01,chb01_04.edf,904.0,908.0,0.5,0.0,76,0.48840569686484475,ok,0,10,9,0.0
chb01,chb01_04.edf,904.0,908.0,0.5,0.0,77,1.4397992123948258,ok,0,10,9,0.0
chb01,chb01_04.edf,904.0,908.0,0.5,0.0,78,0.8783739115481473,ok,0,10,9,0.0
chb01,chb01_04.edf,904.0,908.0,0.5,0.0,79,0.6660998123404629,ok,0,8,7,0.0
chb01,chb01_04.edf,904.0,908.0,0.5,0.0,80,0.48943288169382493,ok,0,10,8,0.0
chb01,chb01_04.edf,904.0,908.0,0.5,0.0,81,1.3487816138931745,ok,0,10,9,0.0
chb01,chb01_04.edf,904.0,908.0,0.5,0.175,62,0.5712931377579745,ok,0,12,11,0.0
chb01,chb01_04.edf,904.0,908.0,0.5,0.175,63,0.16726057798219393,ok,0,8,7,0.0
chb01,chb01_04.edf,904.0,908.0,0.5,0.175,64,0.19637001542360058,ok,0,9,8,0.0
chb01,chb01_04.edf,904.0,908.0,0.5,0.175,65,0.546024803519956,ok,0,10,8,0.0
chb01,chb01_04.edf,904.0,908.0,0.5,0.175,66,0.3428004452807938,ok,0,11,9,0.0
chb01,chb01_04.edf,904.0,908.0,0.5,0.175,67,0.9454773281444654,ok,0,7,6,0.0
chb01,chb01_04.edf,904.0,908.0,0.5,0.175,68,1.2291207868644798,ok,0,12,11,0.0
chb01,chb01_04.edf,904.0,908.0,0.5,0.175,69,1.2636524125816837,ok,0,9,8,0.0
chb01,chb01_04.edf,904.0,908.0,0.5,0.175,70,0.509154547108042,ok,0,14,13,0.0
chb01,chb01_04.edf,904.0,908.0,0.5,0.175,71,1.5957623648460275,ok,0,12,11,0.0
chb01,chb01_04.edf,904.0,908.0,0.5,0.175,72,0.18642507739616473,ok,0,6,5,0.0
chb01,chb01_04.edf,904.0,908.0,0.5,0.175,73,0.6557661106547307,ok,0,10,9,0.0
chb01,chb01_04.edf,904.0,908.0,0.5,0.175,74,0.6476197533905482,ok,0,9,7,0.0
chb01,chb01_04.edf,904.0,908.0,0.5,0.175,75,0.9626906857352386,ok,0,12,10,0.0
chb01,chb01_04.edf,904.0,908.0,0.5,0.175,76,0.5111297385677903,ok,0,11,10,0.0
chb01,chb01_04.edf,904.0,908.0,0.5,0.175,77,1.487661106245009,ok,0,9,8,0.0
chb01,chb01_04.edf,904.0,908.0,0.5,0.175,78,0.8783739115481473,ok,0,10,9,0.0
chb01,chb01_04.edf,904.0,908.0,0.5,0.175,79,0.7580899903147936,ok,0,9,7,0.0
chb01,chb01_04.edf,904.0,908.0,0.5,0.175,80,0.7001723173641382,ok,0,11,9,0.0
chb01,chb01_04.edf,904.0,908.0,0.5,0.175,81,1.3487816138931745,ok,0,10,9,0.0
chb01,chb01_04.edf,904.0,908.0,0.5,0.35,62,0.5688992462639272,ok,0,12,11,0.0
chb01,chb01_04.edf,904.0,908.0,0.5,0.35,63,0.16726057798219393,ok,0,8,7,0.0
chb01,chb01_04.edf,904.0,908.0,0.5,0.35,64,0.2026525423725464,ok,0,9,7,0.0
chb01,chb01_04.edf,904.0,908.0,0.5,0.35,65,0.6996169469027036,ok,0,9,7,0.0
chb01,chb01_04.edf,904.0,908.0,0.5,0.35,66,0.3428004452807938,ok,0,11,9,0.0
chb01,chb01_04.edf,904.0,908.0,0.5,0.35,67,0.8377672197615914,ok,0,6,5,0.0
chb01,chb01_04.edf,904.0,908.0,0.5,0.35,68,1.341276321721398,ok,0,11,10,0.0
chb01,chb01_04.edf,904.0,908.0,0.5,0.35,69,1.2636524125816837,ok,0,9,8,0.0
chb01,chb01_04.edf,904.0,908.0,0.5,0.35,70,0.6239955840626185,ok,0,13,12,0.0
chb01,chb01_04.edf,904.0,908.0,0.5,0.35,71,1.5957623648460275,ok,0,12,11,0.0
chb01,chb01_04.edf,904.0,908.0,0.5,0.35,72,1.669875967966309,ok,0,7,6,0.0
chb01,chb01_04.edf,904.0,908.0,0.5,0.35,73,0.6557661106547307,ok,0,10,9,0.0
chb01,chb01_04.edf,904.0,908.0,0.5,0.35,74,0.5906725215417822,ok,0,10,8,0.0
chb01,chb01_04.edf,904.0,908.0,0.5,0.35,75,0.9109122904933337,ok,0,11,10,0.0
chb01,chb01_04.edf,904.0,908.0,0.5,0.35,76,0.5111297385677903,ok,0,11,10,0.0
chb01,chb01_04.edf,904.0,908.0,0.5,0.35,77,1.487661106245009,ok,0,9,8,0.0
chb01,chb01_04.edf,904.0,908.0,0.5,0.35,78,0.8746096304339095,ok,0,10,8,0.0
chb01,chb01_04.edf,904.0,908.0,0.5,0.35,79,0.7580899903147936,ok,0,9,7,0.0
chb01,chb01_04.edf,904.0,908.0,0.5,0.35,80,0.6974031210541843,ok,0,11,9,0.0
chb01,chb01_04.edf,904.0,908.0,0.5,0.35,81,1.3282457340076834,ok,0,10,8,0.0
chb01,chb01_04.edf,904.0,908.0,0.5,0.7,62,0.5688992462639272,ok,0,12,11,0.0
chb01,chb01_04.edf,904.0,908.0,0.5,0.7,63,0.16511346873413899,ok,0,9,8,0.0
chb01,chb01_04.edf,904.0,908.0,0.5,0.7,64,0.4037182435228383,ok,0,10,8,0.0
chb01,chb01_04.edf,904.0,908.0,0.5,0.7,65,0.761218801838349,ok,0,9,7,0.0
chb01,chb01_04.edf,904.0,908.0,0.5,0.7,66,0.3428004452807938,ok,0,11,9,0.0
chb01,chb01_04.edf,904.0,908.0,0.5,0.7,67,0.7584807878353614,ok,0,7,6,0.0
chb01,chb01_04.edf,904.0,908.0,0.5,0.7,68,1.460700018569032,ok,0,10,9,0.0
chb01,chb01_04.edf,904.0,908.0,0.5,0.7,69,1.1552173257131564,ok,0,10,9,0.0
chb01,chb01_04.edf,904.0,908.0,0.5,0.7,70,0.6269605013832802,ok,0,13,12,0.0
chb01,chb01_04.edf,904.0,908.0,0.5,0.7,71,1.5692418783078208,ok,0,11,10,0.0
chb01,chb01_04.edf,904.0,908.0,0.5,0.7,72,1.6540627529751444,ok,0,7,6,0.0
chb01,chb01_04.edf,904.0,908.0,0.5,0.7,73,0.5581258370494956,ok,0,11,10,0.0
chb01,chb01_04.edf,904.0,908.0,0.5,0.7,74,0.42009791157417403,ok,0,10,8,0.0
chb01,chb01_04.edf,904.0,908.0,0.5,0.7,75,0.8802517874691086,ok,0,11,9,0.0
chb01,chb01_04.edf,904.0,908.0,0.5,0.7,76,0.5314207082274424,ok,0,12,11,0.0
chb01,chb01_04.edf,904.0,908.0,0.5,0.7,77,0.14113296980235743,ok,0,9,8,0.0
chb01,chb01_04.edf,904.0,908.0,0.5,0.7,78,0.9089859092499033,ok,0,10,8,0.0
chb01,chb01_04.edf,904.0,908.0,0.5,0.7,79,0.7580899903147936,ok,0,9,7,0.0
chb01,chb01_04.edf,904.0,908.0,0.5,0.7,80,0.6974031210541843,ok,0,11,9,0.0
chb01,chb01_04.edf,904.0,908.0,0.5,0.7,81,1.3284880245478177,ok,0,10,8,0.0
chb01,chb01_04.edf,904.0,908.0,1.0,0.0,62,0.7743914046997703,ok,0,11,10,0.0
chb01,chb01_04.edf,904.0,908.0,1.0,0.0,63,0.21488489744161204,ok,0,8,7,0.0
chb01,chb01_04.edf,904.0,908.0,1.0,0.0,64,0.17192047651837583,ok,0,10,9,0.0
chb01,chb01_04.edf,904.0,908.0,1.0,0.0,65,0.48620003231413916,ok,0,12,9,0.0
chb01,chb01_04.edf,904.0,908.0,1.0,0.0,66,1.3756822323974554,ok,0,13,11,0.0
chb01,chb01_04.edf,904.0,908.0,1.0,0.0,67,1.0067830609804835,ok,0,9,8,0.0
chb01,chb01_04.edf,904.0,908.0,1.0,0.0,68,1.5176810316646947,ok,0,13,11,0.0
chb01,chb01_04.edf,904.0,908.0,1.0,0.0,69,1.0610836315798138,ok,0,8,5,0.0
chb01,chb01_04.edf,904.0,908.0,1.0,0.0,70,0.981919803246944,ok,0,12,11,0.0
chb01,chb01_04.edf,904.0,908.0,1.0,0.0,71,1.7937447317653397,ok,0,10,8,0.0
chb01,chb01_04.edf,904.0,908.0,1.0,0.0,72,0.18642507739616473,ok,0,6,5,0.0
chb01,chb01_04.edf,904.0,908.0,1.0,0.0,73,0.5987516059102022,ok,0,9,8,0.0
chb01,chb01_04.edf,904.0,908.0,1.0,0.0,74,0.6443582292066723,ok,0,11,10,0.0
chb01,chb01_04.edf,904.0,908.0,1.0,0.0,75,1.65888681246551,ok,0,10,7,0.0
chb01,chb01_04.edf,904.0,908.0,1.0,0.0,76,0.22553402254439306,ok,0,12,11,0.0
chb01,chb01_04.edf,904.0,908.0,1.0,0.0,77,1.261454559020981,ok,0,10,9,0.0
chb01,chb01_04.edf,904.0,908.0,1.0,0.0,78,1.9856992051961986,ok,0,12,11,0.0
chb01,chb01_04.edf,904.0,908.0,1.0,0.0,79,0.1609368397508929,ok,0,7,6,0.0
chb01,chb01_04.edf,904.0,908.0,1.0,0.0,80,0.8375512923759941,ok,0,11,9,0.0
chb01,chb01_04.edf,904.0,908.0,1.0,0.0,81,1.3218647883394035,ok,0,10,8,0.0
chb01,chb01_04.edf,904.0,908.0,1.0,0.175,62,0.7743914046997703,ok,0,11,10,0.0
chb01,chb01_04.edf,904.0,908.0,1.0,0.175,63,0.16726057798219393,ok,0,8,7,0.0
chb01,chb01_04.edf,904.0,908.0,1.0,0.175,64,0.17192047651837583,ok,0,10,9,0.0
chb01,chb01_04.edf,904.0,908.0,1.0,0.175,65,0.48620003231413916,ok,0,12,9,0.0
chb01,chb01_04.edf,904.0,908.0,1.0,0.175,66,1.5167540848237777,ok,0,12,10,0.0
chb01,chb01_04.edf,904.0,908.0,1.0,0.175,67,1.0067830609804835,ok,0,9,8,0.0
chb01,chb01_04.edf,904.0,908.0,1.0,0.175,68,1.5176810316646947,ok,0,13,11,0.0
chb01,chb01_04.edf,904.0,908.0,1.0,0.175,69,1.0610836315798138,ok,0,8,5,0.0
chb01,chb01_04.edf,904.0,908.0,1.0,0.175,70,0.981919803246944,ok,0,12,11,0.0
chb01,chb01_04.edf,904.0,908.0,1.0,0.175,71,1.7937447317653397,ok,0,10,8,0.0
chb01,chb01_04.edf,904.0,908.0,1.0,0.175,72,0.18642507739616473,ok,0,6,5,0.0
chb01,chb01_04.edf,904.0,908.0,1.0,0.175,73,0.5987516059102022,ok,0,9,8,0.0
chb01,chb01_04.edf,904.0,908.0,1.0,0.175,74,0.6265503624779104,ok,0,10,9,0.0
chb01,chb01_04.edf,904.0,908.0,1.0,0.175,75,1.6701884111809937,ok,0,9,6,0.0
chb01,chb01_04.edf,904.0,908.0,1.0,0.175,76,0.22553402254439306,ok,0,12,11,0.0
chb01,chb01_04.edf,904.0,908.0,1.0,0.175,77,1.261454559020981,ok,0,10,9,0.0
chb01,chb01_04.edf,904.0,908.0,1.0,0.175,78,1.9856992051961986,ok,0,12,11,0.0
chb01,chb01_04.edf,904.0,908.0,1.0,0.175,79,0.1609368397508929,ok,0,7,6,0.0
chb01,chb01_04.edf,904.0,908.0,1.0,0.175,80,0.6497512507810509,ok,0,12,10,0.0
chb01,chb01_04.edf,904.0,908.0,1.0,0.175,81,1.3218647883394035,ok,0,10,8,0.0
chb01,chb01_04.edf,904.0,908.0,1.0,0.35,62,0.7743914046997703,ok,0,11,10,0.0
chb01,chb01_04.edf,904.0,908.0,1.0,0.35,63,0.16726057798219393,ok,0,8,7,0.0
chb01,chb01_04.edf,904.0,908.0,1.0,0.35,64,0.17599259780918877,ok,0,10,8,0.0
chb01,chb01_04.edf,904.0,908.0,1.0,0.35,65,0.48620003231413916,ok,0,12,9,0.0
chb01,chb01_04.edf,904.0,908.0,1.0,0.35,66,1.5167540848237777,ok,0,12,10,0.0
chb01,chb01_04.edf,904.0,908.0,1.0,0.35,67,1.0067830609804835,ok,0,9,8,0.0
chb01,chb01_04.edf,904.0,908.0,1.0,0.35,68,1.540499927499832,ok,0,11,9,0.0
chb01,chb01_04.edf,904.0,908.0,1.0,0.35,69,1.1764082802397795,ok,0,9,7,0.0
chb01,chb01_04.edf,904.0,908.0,1.0,0.35,70,0.981919803246944,ok,0,12,11,0.0
chb01,chb01_04.edf,904.0,908.0,1.0,0.35,71,1.5539808857919553,ok,0,11,9,0.0
chb01,chb01_04.edf,904.0,908.0,1.0,0.35,72,0.16433130527249512,ok,0,6,5,0.0
chb01,chb01_04.edf,904.0,908.0,1.0,0.35,73,0.5987516059102022,ok,0,9,8,0.0
chb01,chb01_04.edf,904.0,908.0,1.0,0.35,74,0.6265503624779104,ok,0,10,9,0.0
chb01,chb01_04.edf,904.0,908.0,1.0,0.35,75,1.6701884111809937,ok,0,9,6,0.0
chb01,chb01_04.edf,904.0,908.0,1.0,0.35,76,0.22553402254439306,ok,0,12,11,0.0
chb01,chb01_04.edf,904.0,908.0,1.0,0.35,77,1.2528142679486385,ok,0,10,9,0.0
chb01,chb01_04.edf,904.0,908.0,1.0,0.35,78,1.9858068615153706,ok,0,12,11,0.0
chb01,chb01_04.edf,904.0,908.0,1.0,0.35,79,0.1609368397508929,ok,0,7,6,0.0
chb01,chb01_04.edf,904.0,908.0,1.0,0.35,80,0.6559098029868812,ok,0,13,11,0.0
chb01,chb01_04.edf,904.0,908.0,1.0,0.35,81,1.3218647883394035,ok,0,10,8,0.0
chb01,chb01_04.edf,904.0,908.0,1.0,0.7,62,0.7416796627763578,ok,0,10,9,0.0
chb01,chb01_04.edf,904.0,908.0,1.0,0.7,63,0.16726057798219393,ok,0,8,7,0.0
chb01,chb01_04.edf,904.0,908.0,1.0,0.7,64,0.17584654583564271,ok,0,10,8,0.0
chb01,chb01_04.edf,904.0,908.0,1.0,0.7,65,0.49183117746034816,ok,0,12,10,0.0
chb01,chb01_04.edf,904.0,908.0,1.0,0.7,66,1.5167540848237777,ok,0,12,10,0.0
chb01,chb01_04.edf,904.0,908.0,1.0,0.7,67,1.0099012953064177,ok,0,9,8,0.0
chb01,chb01_04.edf,904.0,908.0,1.0,0.7,68,1.4359995927442761,ok,0,10,8,0.0
chb01,chb01_04.edf,904.0,908.0,1.0,0.7,69,1.1539336879686526,ok,0,8,7,0.0
chb01,chb01_04.edf,904.0,908.0,1.0,0.7,70,0.9915299552033973,ok,0,11,10,0.0
chb01,chb01_04.edf,904.0,908.0,1.0,0.7,71,1.6073538965839103,ok,0,12,10,0.0
chb01,chb01_04.edf,904.0,908.0,1.0,0.7,72,1.6540627529751444,ok,0,7,6,0.0
chb01,chb01_04.edf,904.0,908.0,1.0,0.7,73,0.8103968738595015,ok,0,8,7,0.0
chb01,chb01_04.edf,904.0,908.0,1.0,0.7,74,0.5693595896839266,ok,0,10,8,0.0
chb01,chb01_04.edf,904.0,908.0,1.0,0.7,75,0.2674905896673457,ok,0,7,5,0.0
chb01,chb01_04.edf,904.0,908.0,1.0,0.7,76,0.2832685154807598,ok,0,11,10,0.0
chb01,chb01_04.edf,904.0,908.0,1.0,0.7,77,1.2532626403970941,ok,0,9,8,0.0
chb01,chb01_04.edf,904.0,908.0,1.0,0.7,78,1.9858068615153706,ok,0,12,11,0.0
chb01,chb01_04.edf,904.0,908.0,1.0,0.7,79,0.15218217883084012,ok,0,8,6,0.0
chb01,chb01_04.edf,904.0,908.0,1.0,0.7,80,0.6655310640879618,ok,0,13,11,0.0
chb01,chb01_04.edf,904.0,908.0,1.0,0.7,81,1.358734595506705,ok,0,9,7,0.0
chb01,chb01_04.edf,2700.0,2704.0,0.25,0.0,62,0.6171842911523988,ok,0,10,9,0.0
chb01,chb01_04.edf,2700.0,2704.0,0.25,0.0,63,2.043747370146671,ok,0,9,8,0.0
chb01,chb01_04.edf,2700.0,2704.0,0.25,0.0,64,0.8756532617719204,ok,0,9,8,0.0
chb01,chb01_04.edf,2700.0,2704.0,0.25,0.0,65,0.9667718123938864,ok,0,11,10,0.0
chb01,chb01_04.edf,2700.0,2704.0,0.25,0.0,66,0.3631787913269073,ok,0,11,9,0.0
chb01,chb01_04.edf,2700.0,2704.0,0.25,0.0,67,0.8092054221906116,ok,0,11,9,0.0
chb01,chb01_04.edf,2700.0,2704.0,0.25,0.0,68,0.9681035064574081,ok,0,9,8,0.0
chb01,chb01_04.edf,2700.0,2704.0,0.25,0.0,69,1.241548694349417,ok,0,10,8,0.0
chb01,chb01_04.edf,2700.0,2704.0,0.25,0.0,70,0.2793983295119334,ok,0,9,8,0.0
chb01,chb01_04.edf,2700.0,2704.0,0.25,0.0,71,1.5904417843670142,ok,0,12,11,0.0
chb01,chb01_04.edf,2700.0,2704.0,0.25,0.0,72,0.9990557900479503,ok,0,11,9,0.0
chb01,chb01_04.edf,2700.0,2704.0,0.25,0.0,73,0.4814093715175572,ok,0,8,7,0.0
chb01,chb01_04.edf,2700.0,2704.0,0.25,0.0,74,0.6162790697674418,ok,0,11,8,0.0
chb01,chb01_04.edf,2700.0,2704.0,0.25,0.0,75,0.35394981220923855,ok,0,12,11,0.0
chb01,chb01_04.edf,2700.0,2704.0,0.25,0.0,76,0.3909772130214703,ok,0,12,11,0.0
chb01,chb01_04.edf,2700.0,2704.0,0.25,0.0,77,0.9447730595988872,ok,0,6,4,0.0
chb01,chb01_04.edf,2700.0,2704.0,0.25,0.0,78,1.3483863463099397,ok,0,11,10,0.0
chb01,chb01_04.edf,2700.0,2704.0,0.25,0.0,79,0.1609368397508929,ok,0,7,6,0.0
chb01,chb01_04.edf,2700.0,2704.0,0.25,0.0,80,0.1797136108456547,ok,0,12,10,0.0
chb01,chb01_04.edf,2700.0,2704.0,0.25,0.0,81,1.4033891062507988,ok,0,10,7,0.0
chb01,chb01_04.edf,2700.0,2704.0,0.25,0.175,62,0.6270419705785336,ok,0,10,9,0.0
chb01,chb01_04.edf,2700.0,2704.0,0.25,0.175,63,2.043813729291342,ok,0,9,8,0.0
chb01,chb01_04.edf,2700.0,2704.0,0.25,0.175,64,0.8756532617719204,ok,0,9,8,0.0
chb01,chb01_04.edf,2700.0,2704.0,0.25,0.175,65,0.9667718123938864,ok,0,11,10,0.0
chb01,chb01_04.edf,2700.0,2704.0,0.25,0.175,66,0.36581014159579417,ok,0,11,9,0.0
chb01,chb01_04.edf,2700.0,2704.0,0.25,0.175,67,0.8092054221906116,ok,0,11,9,0.0
chb01,chb01_04.edf,2700.0,2704.0,0.25,0.175,68,1.046349240967186,ok,0,10,9,0.0
chb01,chb01_04.edf,2700.0,2704.0,0.25,0.175,69,1.1278302807453278,ok,0,11,9,0.0
chb01,chb01_04.edf,2700.0,2704.0,0.25,0.175,70,0.2793983295119334,ok,0,9,8,0.0
chb01,chb01_04.edf,2700.0,2704.0,0.25,0.175,71,1.529316310105233,ok,0,12,10,0.0
chb01,chb01_04.edf,2700.0,2704.0,0.25,0.175,72,0.9990557900479503,ok,0,11,9,0.0
chb01,chb01_04.edf,2700.0,2704.0,0.25,0.175,73,0.4464793167437837,ok,0,8,7,0.0
chb01,chb01_04.edf,2700.0,2704.0,0.25,0.175,74,0.5763553515639465,ok,0,11,7,0.0
chb01,chb01_04.edf,2700.0,2704.0,0.25,0.175,75,0.61100352877444,ok,0,11,10,0.0
chb01,chb01_04.edf,2700.0,2704.0,0.25,0.175,76,0.41685710561811734,ok,0,13,12,0.0
chb01,chb01_04.edf,2700.0,2704.0,0.25,0.175,77,0.9447730595988872,ok,0,6,4,0.0
chb01,chb01_04.edf,2700.0,2704.0,0.25,0.175,78,1.345213193812941,ok,0,11,10,0.0
chb01,chb01_04.edf,2700.0,2704.0,0.25,0.175,79,0.1609368397508929,ok,0,7,6,0.0
chb01,chb01_04.edf,2700.0,2704.0,0.25,0.175,80,0.16139070270625072,ok,0,11,10,0.0
chb01,chb01_04.edf,2700.0,2704.0,0.25,0.175,81,1.3520115535179535,ok,0,10,6,0.0
chb01,chb01_04.edf,2700.0,2704.0,0.25,0.35,62,0.6744652525218549,ok,0,10,9,0.0
chb01,chb01_04.edf,2700.0,2704.0,0.25,0.35,63,2.0161437403087965,ok,0,9,8,0.0
chb01,chb01_04.edf,2700.0,2704.0,0.25,0.35,64,0.8763414757819065,ok,0,9,8,0.0
chb01,chb01_04.edf,2700.0,2704.0,0.25,0.35,65,0.8470414558273611,ok,0,12,11,0.0
chb01,chb01_04.edf,2700.0,2704.0,0.25,0.35,66,0.36581014159579417,ok,0,11,9,0.0
chb01,chb01_04.edf,2700.0,2704.0,0.25,0.35,67,0.7036163480393893,ok,0,12,10,0.0
chb01,chb01_04.edf,2700.0,2704.0,0.25,0.35,68,1.046349240967186,ok,0,10,9,0.0
chb01,chb01_04.edf,2700.0,2704.0,0.25,0.35,69,1.1278302807453278,ok,0,11,9,0.0
chb01,chb01_04.edf,2700.0,2704.0,0.25,0.35,70,0.2793983295119334,ok,0,9,8,0.0
chb01,chb01_04.edf,2700.0,2704.0,0.25,0.35,71,1.529316310105233,ok,0,12,10,0.0
chb01,chb01_04.edf,2700.0,2704.0,0.25,0.35,72,1.0189295409461563,ok,0,10,8,0.0
chb01,chb01_04.edf,2700.0,2704.0,0.25,0.35,73,0.4284176766366296,ok,0,9,7,0.0
chb01,chb01_04.edf,2700.0,2704.0,0.25,0.35,74,0.5451675567568112,ok,0,10,7,0.0
chb01,chb01_04.edf,2700.0,2704.0,0.25,0.35,75,0.61100352877444,ok,0,11,10,0.0
chb01,chb01_04.edf,2700.0,2704.0,0.25,0.35,76,0.45513398030885777,ok,0,14,13,0.0
chb01,chb01_04.edf,2700.0,2704.0,0.25,0.35,77,0.5526000164907082,ok,0,7,5,0.0
chb01,chb01_04.edf,2700.0,2704.0,0.25,0.35,78,1.345213193812941,ok,0,11,10,0.0
chb01,chb01_04.edf,2700.0,2704.0,0.25,0.35,79,0.1609368397508929,ok,0,7,6,0.0
chb01,chb01_04.edf,2700.0,2704.0,0.25,0.35,80,0.09743871156398681,ok,0,12,11,0.0
chb01,chb01_04.edf,2700.0,2704.0,0.25,0.35,81,1.3527879609163458,ok,0,9,7,0.0
chb01,chb01_04.edf,2700.0,2704.0,0.25,0.7,62,0.8145761420932529,ok,0,12,11,0.0
chb01,chb01_04.edf,2700.0,2704.0,0.25,0.7,63,0.20805116380691183,ok,0,8,7,0.0
chb01,chb01_04.edf,2700.0,2704.0,0.25,0.7,64,0.9173827867224139,ok,0,10,9,0.0
chb01,chb01_04.edf,2700.0,2704.0,0.25,0.7,65,0.8219551891650012,ok,0,14,13,0.0
chb01,chb01_04.edf,2700.0,2704.0,0.25,0.7,66,0.3455869941264749,ok,0,11,9,0.0
chb01,chb01_04.edf,2700.0,2704.0,0.25,0.7,67,0.596702923128354,ok,0,11,10,0.0
chb01,chb01_04.edf,2700.0,2704.0,0.25,0.7,68,0.9591469500648334,ok,0,9,8,0.0
chb01,chb01_04.edf,2700.0,2704.0,0.25,0.7,69,1.1300208215969636,ok,0,9,7,0.0
chb01,chb01_04.edf,2700.0,2704.0,0.25,0.7,70,0.21550866743222294,ok,0,9,8,0.0
chb01,chb01_04.edf,2700.0,2704.0,0.25,0.7,71,1.2042446863574336,ok,0,13,11,0.0
chb01,chb01_04.edf,2700.0,2704.0,0.25,0.7,72,1.095235856141732,ok,0,9,8,0.0
chb01,chb01_04.edf,2700.0,2704.0,0.25,0.7,73,0.5577903219619463,ok,0,8,7,0.0
chb01,chb01_04.edf,2700.0,2704.0,0.25,0.7,74,0.6258094306587337,ok,0,10,7,0.0
chb01,chb01_04.edf,2700.0,2704.0,0.25,0.7,75,0.5825893522471485,ok,0,12,11,0.0
chb01,chb01_04.edf,2700.0,2704.0,0.25,0.7,76,0.8922104265826504,ok,0,13,12,0.0
chb01,chb01_04.edf,2700.0,2704.0,0.25,0.7,77,0.6645641869406345,ok,0,6,5,0.0
chb01,chb01_04.edf,2700.0,2704.0,0.25,0.7,78,1.288204208027507,ok,0,10,9,0.0
chb01,chb01_04.edf,2700.0,2704.0,0.25,0.7,79,0.1609368397508929,ok,0,7,6,0.0
chb01,chb01_04.edf,2700.0,2704.0,0.25,0.7,80,0.09372704630494882,ok,0,13,12,0.0
chb01,chb01_04.edf,2700.0,2704.0,0.25,0.7,81,1.3527879609163458,ok,0,9,7,0.0
chb01,chb01_04.edf,2700.0,2704.0,0.5,0.0,62,0.5712931377579745,ok,0,12,11,0.0
chb01,chb01_04.edf,2700.0,2704.0,0.5,0.0,63,0.16726057798219393,ok,0,8,7,0.0
chb01,chb01_04.edf,2700.0,2704.0,0.5,0.0,64,0.19637001542360058,ok,0,9,8,0.0
chb01,chb01_04.edf,2700.0,2704.0,0.5,0.0,65,0.546024803519956,ok,0,10,8,0.0
chb01,chb01_04.edf,2700.0,2704.0,0.5,0.0,66,0.3428004452807938,ok,0,11,9,0.0
chb01,chb01_04.edf,2700.0,2704.0,0.5,0.0,67,0.9454773281444654,ok,0,7,6,0.0
chb01,chb01_04.edf,2700.0,2704.0,0.5,0.0,68,1.2291207868644798,ok,0,12,11,0.0
chb01,chb01_04.edf,2700.0,2704.0,0.5,0.0,69,1.1682562182790923,ok,0,9,7,0.0
chb01,chb01_04.edf,2700.0,2704.0,0.5,0.0,70,0.5111811702061327,ok,0,14,13,0.0
chb01,chb01_04.edf,2700.0,2704.0,0.5,0.0,71,1.8179982256514546,ok,0,11,9,0.0
chb01,chb01_04.edf,2700.0,2704.0,0.5,0.0,72,0.18642507739616473,ok,0,6,5,0.0
chb01,chb01_04.edf,2700.0,2704.0,0.5,0.0,73,0.6286253346157429,ok,0,10,9,0.0
chb01,chb01_04.edf,2700.0,2704.0,0.5,0.0,74,0.6476197533905482,ok,0,9,7,0.0
chb01,chb01_04.edf,2700.0,2704.0,0.5,0.0,75,0.9626906857352386,ok,0,12,10,0.0
chb01,chb01_04.edf,2700.0,2704.0,0.5,0.0,76,0.48840569686484475,ok,0,10,9,0.0
chb01,chb01_04.edf,2700.0,2704.0,0.5,0.0,77,1.4397992123948258,ok,0,10,9,0.0
chb01,chb01_04.edf,2700.0,2704.0,0.5,0.0,78,0.8783739115481473,ok,0,10,9,0.0
chb01,chb01_04.edf,2700.0,2704.0,0.5,0.0,79,0.6660998123404629,ok,0,8,7,0.0
chb01,chb01_04.edf,2700.0,2704.0,0.5,0.0,80,0.48943288169382493,ok,0,10,8,0.0
chb01,chb01_04.edf,2700.0,2704.0,0.5,0.0,81,1.3487816138931745,ok,0,10,9,0.0
chb01,chb01_04.edf,2700.0,2704.0,0.5,0.175,62,0.5707725586448292,ok,0,12,11,0.0
chb01,chb01_04.edf,2700.0,2704.0,0.5,0.175,63,0.16726057798219393,ok,0,8,7,0.0
chb01,chb01_04.edf,2700.0,2704.0,0.5,0.175,64,0.33066737835270793,ok,0,10,9,0.0
chb01,chb01_04.edf,2700.0,2704.0,0.5,0.175,65,0.546024803519956,ok,0,10,8,0.0
chb01,chb01_04.edf,2700.0,2704.0,0.5,0.175,66,0.3455869941264749,ok,0,11,9,0.0
chb01,chb01_04.edf,2700.0,2704.0,0.5,0.175,67,0.9454773281444654,ok,0,7,6,0.0
chb01,chb01_04.edf,2700.0,2704.0,0.5,0.175,68,1.2291207868644798,ok,0,12,11,0.0
chb01,chb01_04.edf,2700.0,2704.0,0.5,0.175,69,1.076614708222023,ok,0,10,8,0.0
chb01,chb01_04.edf,2700.0,2704.0,0.5,0.175,70,0.5111811702061327,ok,0,14,13,0.0
chb01,chb01_04.edf,2700.0,2704.0,0.5,0.175,71,1.8179982256514546,ok,0,11,9,0.0
chb01,chb01_04.edf,2700.0,2704.0,0.5,0.175,72,0.18642507739616473,ok,0,6,5,0.0
chb01,chb01_04.edf,2700.0,2704.0,0.5,0.175,73,0.6286253346157429,ok,0,10,9,0.0
chb01,chb01_04.edf,2700.0,2704.0,0.5,0.175,74,0.655280757217913,ok,0,10,8,0.0
chb01,chb01_04.edf,2700.0,2704.0,0.5,0.175,75,0.9109122904933337,ok,0,11,10,0.0
chb01,chb01_04.edf,2700.0,2704.0,0.5,0.175,76,0.3297550339148682,ok,0,11,10,0.0
chb01,chb01_04.edf,2700.0,2704.0,0.5,0.175,77,0.14113296980235743,ok,0,9,8,0.0
chb01,chb01_04.edf,2700.0,2704.0,0.5,0.175,78,0.8783739115481473,ok,0,10,9,0.0
chb01,chb01_04.edf,2700.0,2704.0,0.5,0.175,79,0.1609368397508929,ok,0,7,6,0.0
chb01,chb01_04.edf,2700.0,2704.0,0.5,0.175,80,0.48943288169382493,ok,0,10,8,0.0
chb01,chb01_04.edf,2700.0,2704.0,0.5,0.175,81,1.3487816138931745,ok,0,10,9,0.0
chb01,chb01_04.edf,2700.0,2704.0,0.5,0.35,62,0.6240882877205884,ok,0,13,12,0.0
chb01,chb01_04.edf,2700.0,2704.0,0.5,0.35,63,0.16726057798219393,ok,0,8,7,0.0
chb01,chb01_04.edf,2700.0,2704.0,0.5,0.35,64,0.330987401192259,ok,0,9,8,0.0
chb01,chb01_04.edf,2700.0,2704.0,0.5,0.35,65,0.546024803519956,ok,0,10,8,0.0
chb01,chb01_04.edf,2700.0,2704.0,0.5,0.35,66,0.3455869941264749,ok,0,11,9,0.0
chb01,chb01_04.edf,2700.0,2704.0,0.5,0.35,67,0.9485259577561984,ok,0,7,6,0.0
chb01,chb01_04.edf,2700.0,2704.0,0.5,0.35,68,1.2411825746152814,ok,0,12,11,0.0
chb01,chb01_04.edf,2700.0,2704.0,0.5,0.35,69,1.076614708222023,ok,0,10,8,0.0
chb01,chb01_04.edf,2700.0,2704.0,0.5,0.35,70,0.5111811702061327,ok,0,14,13,0.0
chb01,chb01_04.edf,2700.0,2704.0,0.5,0.35,71,1.8179982256514546,ok,0,11,9,0.0
chb01,chb01_04.edf,2700.0,2704.0,0.5,0.35,72,0.18642507739616473,ok,0,6,5,0.0
chb01,chb01_04.edf,2700.0,2704.0,0.5,0.35,73,0.6516486198990256,ok,0,9,8,0.0
chb01,chb01_04.edf,2700.0,2704.0,0.5,0.35,74,0.5963636316011912,ok,0,9,7,0.0
chb01,chb01_04.edf,2700.0,2704.0,0.5,0.35,75,1.0130965411336024,ok,0,11,9,0.0
chb01,chb01_04.edf,2700.0,2704.0,0.5,0.35,76,0.3297550339148682,ok,0,11,10,0.0
chb01,chb01_04.edf,2700.0,2704.0,0.5,0.35,77,0.14113296980235743,ok,0,9,8,0.0
chb01,chb01_04.edf,2700.0,2704.0,0.5,0.35,78,0.9764886244474675,ok,0,10,9,0.0
chb01,chb01_04.edf,2700.0,2704.0,0.5,0.35,79,0.1609368397508929,ok,0,7,6,0.0
chb01,chb01_04.edf,2700.0,2704.0,0.5,0.35,80,0.3108716654868595,ok,0,9,7,0.0
chb01,chb01_04.edf,2700.0,2704.0,0.5,0.35,81,1.3487816138931745,ok,0,10,9,0.0
chb01,chb01_04.edf,2700.0,2704.0,0.5,0.7,62,0.6480542534137711,ok,0,12,11,0.0
chb01,chb01_04.edf,2700.0,2704.0,0.5,0.7,63,0.16726057798219393,ok,0,8,7,0.0
chb01,chb01_04.edf,2700.0,2704.0,0.5,0.7,64,0.330987401192259,ok,0,9,8,0.0
chb01,chb01_04.edf,2700.0,2704.0,0.5,0.7,65,0.5855986980152245,ok,0,10,8,0.0
chb01,chb01_04.edf,2700.0,2704.0,0.5,0.7,66,0.34938582013107533,ok,0,10,8,0.0
chb01,chb01_04.edf,2700.0,2704.0,0.5,0.7,67,0.9423545916057632,ok,0,7,6,0.0
chb01,chb01_04.edf,2700.0,2704.0,0.5,0.7,68,1.3196824389232935,ok,0,11,10,0.0
chb01,chb01_04.edf,2700.0,2704.0,0.5,0.7,69,1.2691906398615236,ok,0,9,8,0.0
chb01,chb01_04.edf,2700.0,2704.0,0.5,0.7,70,0.49871703447331256,ok,0,14,13,0.0
chb01,chb01_04.edf,2700.0,2704.0,0.5,0.7,71,1.3635015106688775,ok,0,12,10,0.0
chb01,chb01_04.edf,2700.0,2704.0,0.5,0.7,72,0.18642507739616473,ok,0,6,5,0.0
chb01,chb01_04.edf,2700.0,2704.0,0.5,0.7,73,0.6060467974795319,ok,0,11,9,0.0
chb01,chb01_04.edf,2700.0,2704.0,0.5,0.7,74,0.5963636316011912,ok,0,9,7,0.0
chb01,chb01_04.edf,2700.0,2704.0,0.5,0.7,75,0.8786236929688497,ok,0,12,10,0.0
chb01,chb01_04.edf,2700.0,2704.0,0.5,0.7,76,0.30531938635746625,ok,0,12,11,0.0
chb01,chb01_04.edf,2700.0,2704.0,0.5,0.7,77,0.2783179697921785,ok,0,9,8,0.0
chb01,chb01_04.edf,2700.0,2704.0,0.5,0.7,78,1.0103392333384793,ok,0,10,9,0.0
chb01,chb01_04.edf,2700.0,2704.0,0.5,0.7,79,0.1878077787684282,ok,0,7,6,0.0
chb01,chb01_04.edf,2700.0,2704.0,0.5,0.7,80,0.8584300907528117,ok,0,9,8,0.0
chb01,chb01_04.edf,2700.0,2704.0,0.5,0.7,81,1.2717281243691743,ok,0,11,10,0.0
chb01,chb01_04.edf,2700.0,2704.0,1.0,0.0,62,0.7743914046997703,ok,0,11,10,0.0
chb01,chb01_04.edf,2700.0,2704.0,1.0,0.0,63,0.21488489744161204,ok,0,8,7,0.0
chb01,chb01_04.edf,2700.0,2704.0,1.0,0.0,64,0.17192047651837583,ok,0,10,9,0.0
chb01,chb01_04.edf,2700.0,2704.0,1.0,0.0,65,0.48620003231413916,ok,0,12,9,0.0
chb01,chb01_04.edf,2700.0,2704.0,1.0,0.0,66,1.3756822323974554,ok,0,13,11,0.0
chb01,chb01_04.edf,2700.0,2704.0,1.0,0.0,67,1.0067830609804835,ok,0,9,8,0.0
chb01,chb01_04.edf,2700.0,2704.0,1.0,0.0,68,1.5176810316646947,ok,0,13,11,0.0
chb01,chb01_04.edf,2700.0,2704.0,1.0,0.0,69,1.0610836315798138,ok,0,8,5,0.0
chb01,chb01_04.edf,2700.0,2704.0,1.0,0.0,70,0.981919803246944,ok,0,12,11,0.0
chb01,chb01_04.edf,2700.0,2704.0,1.0,0.0,71,1.7937447317653397,ok,0,10,8,0.0
chb01,chb01_04.edf,2700.0,2704.0,1.0,0.0,72,0.18642507739616473,ok,0,6,5,0.0
chb01,chb01_04.edf,2700.0,2704.0,1.0,0.0,73,0.5987516059102022,ok,0,9,8,0.0
chb01,chb01_04.edf,2700.0,2704.0,1.0,0.0,74,0.6443582292066723,ok,0,11,10,0.0
chb01,chb01_04.edf,2700.0,2704.0,1.0,0.0,75,1.65888681246551,ok,0,10,7,0.0
chb01,chb01_04.edf,2700.0,2704.0,1.0,0.0,76,0.22553402254439306,ok,0,12,11,0.0
chb01,chb01_04.edf,2700.0,2704.0,1.0,0.0,77,1.261454559020981,ok,0,10,9,0.0
chb01,chb01_04.edf,2700.0,2704.0,1.0,0.0,78,1.9856992051961986,ok,0,12,11,0.0
chb01,chb01_04.edf,2700.0,2704.0,1.0,0.0,79,0.1609368397508929,ok,0,7,6,0.0
chb01,chb01_04.edf,2700.0,2704.0,1.0,0.0,80,0.8375512923759941,ok,0,11,9,0.0
chb01,chb01_04.edf,2700.0,2704.0,1.0,0.0,81,1.3218647883394035,ok,0,10,8,0.0
chb01,chb01_04.edf,2700.0,2704.0,1.0,0.175,62,0.8181096350347377,ok,0,12,11,0.0
chb01,chb01_04.edf,2700.0,2704.0,1.0,0.175,63,0.16726057798219393,ok,0,8,7,0.0
chb01,chb01_04.edf,2700.0,2704.0,1.0,0.175,64,0.17192047651837583,ok,0,10,9,0.0
chb01,chb01_04.edf,2700.0,2704.0,1.0,0.175,65,0.48620003231413916,ok,0,12,9,0.0
chb01,chb01_04.edf,2700.0,2704.0,1.0,0.175,66,1.5167540848237777,ok,0,12,10,0.0
chb01,chb01_04.edf,2700.0,2704.0,1.0,0.175,67,1.0067830609804835,ok,0,9,8,0.0
chb01,chb01_04.edf,2700.0,2704.0,1.0,0.175,68,0.2073097915140307,ok,0,12,10,0.0
chb01,chb01_04.edf,2700.0,2704.0,1.0,0.175,69,1.0610836315798138,ok,0,8,5,0.0
chb01,chb01_04.edf,2700.0,2704.0,1.0,0.175,70,0.967657796849726,ok,0,11,10,0.0
chb01,chb01_04.edf,2700.0,2704.0,1.0,0.175,71,1.7937447317653397,ok,0,10,8,0.0
chb01,chb01_04.edf,2700.0,2704.0,1.0,0.175,72,0.18642507739616473,ok,0,6,5,0.0
chb01,chb01_04.edf,2700.0,2704.0,1.0,0.175,73,0.633210528326421,ok,0,10,9,0.0
chb01,chb01_04.edf,2700.0,2704.0,1.0,0.175,74,0.6443582292066723,ok,0,11,10,0.0
chb01,chb01_04.edf,2700.0,2704.0,1.0,0.175,75,1.557057939702112,ok,0,9,7,0.0
chb01,chb01_04.edf,2700.0,2704.0,1.0,0.175,76,0.22553402254439306,ok,0,12,11,0.0
chb01,chb01_04.edf,2700.0,2704.0,1.0,0.175,77,1.191306170729188,ok,0,9,8,0.0
chb01,chb01_04.edf,2700.0,2704.0,1.0,0.175,78,2.0008167178077203,ok,0,11,10,0.0
chb01,chb01_04.edf,2700.0,2704.0,1.0,0.175,79,0.1609368397508929,ok,0,7,6,0.0
chb01,chb01_04.edf,2700.0,2704.0,1.0,0.175,80,0.6410640332724115,ok,0,13,11,0.0
chb01,chb01_04.edf,2700.0,2704.0,1.0,0.175,81,1.3218647883394035,ok,0,10,8,0.0
chb01,chb01_04.edf,2700.0,2704.0,1.0,0.35,62,0.8181096350347377,ok,0,12,11,0.0
chb01,chb01_04.edf,2700.0,2704.0,1.0,0.35,63,0.16726057798219393,ok,0,8,7,0.0
chb01,chb01_04.edf,2700.0,2704.0,1.0,0.35,64,0.17192047651837583,ok,0,10,9,0.0
chb01,chb01_04.edf,2700.0,2704.0,1.0,0.35,65,0.48620003231413916,ok,0,12,9,0.0
chb01,chb01_04.edf,2700.0,2704.0,1.0,0.35,66,1.5167540848237777,ok,0,12,10,0.0
chb01,chb01_04.edf,2700.0,2704.0,1.0,0.35,67,1.0307246241683239,ok,0,9,8,0.0
chb01,chb01_04.edf,2700.0,2704.0,1.0,0.35,68,0.2073097915140307,ok,0,12,10,0.0
chb01,chb01_04.edf,2700.0,2704.0,1.0,0.35,69,1.05807512852026,ok,0,9,6,0.0
chb01,chb01_04.edf,2700.0,2704.0,1.0,0.35,70,1.3771946912980972,ok,0,10,9,0.0
chb01,chb01_04.edf,2700.0,2704.0,1.0,0.35,71,1.7937447317653397,ok,0,10,8,0.0
chb01,chb01_04.edf,2700.0,2704.0,1.0,0.35,72,0.18642507739616473,ok,0,6,5,0.0
chb01,chb01_04.edf,2700.0,2704.0,1.0,0.35,73,0.6945384032939395,ok,0,9,8,0.0
chb01,chb01_04.edf,2700.0,2704.0,1.0,0.35,74,0.5970425073200007,ok,0,11,9,0.0
chb01,chb01_04.edf,2700.0,2704.0,1.0,0.35,75,1.5627582389029304,ok,0,10,8,0.0
chb01,chb01_04.edf,2700.0,2704.0,1.0,0.35,76,0.22553402254439306,ok,0,12,11,0.0
chb01,chb01_04.edf,2700.0,2704.0,1.0,0.35,77,1.191306170729188,ok,0,9,8,0.0
chb01,chb01_04.edf,2700.0,2704.0,1.0,0.35,78,2.0008167178077203,ok,0,11,10,0.0
chb01,chb01_04.edf,2700.0,2704.0,1.0,0.35,79,0.1609368397508929,ok,0,7,6,0.0
chb01,chb01_04.edf,2700.0,2704.0,1.0,0.35,80,0.639295751276362,ok,0,13,11,0.0
chb01,chb01_04.edf,2700.0,2704.0,1.0,0.35,81,1.3218647883394035,ok,0,10,8,0.0
chb01,chb01_04.edf,2700.0,2704.0,1.0,0.7,62,0.776050974848587,ok,0,10,9,0.0
chb01,chb01_04.edf,2700.0,2704.0,1.0,0.7,63,0.16726057798219393,ok,0,8,7,0.0
chb01,chb01_04.edf,2700.0,2704.0,1.0,0.7,64,0.19066012295924756,ok,0,10,9,0.0
chb01,chb01_04.edf,2700.0,2704.0,1.0,0.7,65,0.48620003231413916,ok,0,12,9,0.0
chb01,chb01_04.edf,2700.0,2704.0,1.0,0.7,66,1.5167540848237777,ok,0,12,10,0.0
chb01,chb01_04.edf,2700.0,2704.0,1.0,0.7,67,1.0676168700775859,ok,0,10,9,0.0
chb01,chb01_04.edf,2700.0,2704.0,1.0,0.7,68,0.2073097915140307,ok,0,12,10,0.0
chb01,chb01_04.edf,2700.0,2704.0,1.0,0.7,69,1.1718589905293613,ok,0,9,7,0.0
chb01,chb01_04.edf,2700.0,2704.0,1.0,0.7,70,1.4753100059355457,ok,0,11,10,0.0
chb01,chb01_04.edf,2700.0,2704.0,1.0,0.7,71,1.7937447317653397,ok,0,10,8,0.0
chb01,chb01_04.edf,2700.0,2704.0,1.0,0.7,72,0.18642507739616473,ok,0,6,5,0.0
chb01,chb01_04.edf,2700.0,2704.0,1.0,0.7,73,0.8350582895779757,ok,0,7,6,0.0
chb01,chb01_04.edf,2700.0,2704.0,1.0,0.7,74,0.5815884244072103,ok,0,10,9,0.0
chb01,chb01_04.edf,2700.0,2704.0,1.0,0.7,75,1.439125428317686,ok,0,9,7,0.0
chb01,chb01_04.edf,2700.0,2704.0,1.0,0.7,76,0.2499525155781146,ok,0,12,11,0.0
chb01,chb01_04.edf,2700.0,2704.0,1.0,0.7,77,1.2416682547199211,ok,0,9,8,0.0
chb01,chb01_04.edf,2700.0,2704.0,1.0,0.7,78,1.9003101462117855,ok,0,11,10,0.0
chb01,chb01_04.edf,2700.0,2704.0,1.0,0.7,79,0.1609368397508929,ok,0,7,6,0.0
chb01,chb01_04.edf,2700.0,2704.0,1.0,0.7,80,0.7489778795947152,ok,0,11,10,0.0
chb01,chb01_04.edf,2700.0,2704.0,1.0,0.7,81,1.3218647883394035,ok,0,10,8,0.0
chb01,chb01_05.edf,904.0,908.0,0.25,0.0,62,0.6171842911523988,ok,0,10,9,0.0
chb01,chb01_05.edf,904.0,908.0,0.25,0.0,63,2.043747370146671,ok,0,9,8,0.0
chb01,chb01_05.edf,904.0,908.0,0.25,0.0,64,0.8756532617719204,ok,0,9,8,0.0
chb01,chb01_05.edf,904.0,908.0,0.25,0.0,65,0.9667718123938864,ok,0,11,10,0.0
chb01,chb01_05.edf,904.0,908.0,0.25,0.0,66,0.3631787913269073,ok,0,11,9,0.0
chb01,chb01_05.edf,904.0,908.0,0.25,0.0,67,0.8092054221906116,ok,0,11,9,0.0
chb01,chb01_05.edf,904.0,908.0,0.25,0.0,68,0.9681035064574081,ok,0,9,8,0.0
chb01,chb01_05.edf,904.0,908.0,0.25,0.0,69,1.241548694349417,ok,0,10,8,0.0
chb01,chb01_05.edf,904.0,908.0,0.25,0.0,70,0.2793983295119334,ok,0,9,8,0.0
chb01,chb01_05.edf,904.0,908.0,0.25,0.0,71,1.5904417843670142,ok,0,12,11,0.0
chb01,chb01_05.edf,904.0,908.0,0.25,0.0,72,0.9990557900479503,ok,0,11,9,0.0
chb01,chb01_05.edf,904.0,908.0,0.25,0.0,73,0.4814093715175572,ok,0,8,7,0.0
chb01,chb01_05.edf,904.0,908.0,0.25,0.0,74,0.6162790697674418,ok,0,11,8,0.0
chb01,chb01_05.edf,904.0,908.0,0.25,0.0,75,0.35394981220923855,ok,0,12,11,0.0
chb01,chb01_05.edf,904.0,908.0,0.25,0.0,76,0.3909772130214703,ok,0,12,11,0.0
chb01,chb01_05.edf,904.0,908.0,0.25,0.0,77,0.9447730595988872,ok,0,6,4,0.0
chb01,chb01_05.edf,904.0,908.0,0.25,0.0,78,1.3483863463099397,ok,0,11,10,0.0
chb01,chb01_05.edf,904.0,908.0,0.25,0.0,79,0.1609368397508929,ok,0,7,6,0.0
chb01,chb01_05.edf,904.0,908.0,0.25,0.0,80,0.1797136108456547,ok,0,12,10,0.0
chb01,chb01_05.edf,904.0,908.0,0.25,0.0,81,1.4033891062507988,ok,0,10,7,0.0
chb01,chb01_05.edf,904.0,908.0,0.25,0.175,62,0.5384810032074675,ok,0,12,11,0.0
chb01,chb01_05.edf,904.0,908.0,0.25,0.175,63,0.2417776220959579,ok,0,8,7,0.0
chb01,chb01_05.edf,904.0,908.0,0.25,0.175,64,0.8756532617719204,ok,0,9,8,0.0
chb01,chb01_05.edf,904.0,908.0,0.25,0.175,65,0.9667718123938864,ok,0,11,10,0.0
chb01,chb01_05.edf,904.0,908.0,0.25,0.175,66,0.3631787913269073,ok,0,11,9,0.0
chb01,chb01_05.edf,904.0,908.0,0.25,0.175,67,0.52767225996826,ok,0,12,10,0.0
chb01,chb01_05.edf,904.0,908.0,0.25,0.175,68,0.9681035064574081,ok,0,9,8,0.0
chb01,chb01_05.edf,904.0,908.0,0.25,0.175,69,1.3021781104089274,ok,0,9,7,0.0
chb01,chb01_05.edf,904.0,908.0,0.25,0.175,70,0.2793983295119334,ok,0,9,8,0.0
chb01,chb01_05.edf,904.0,908.0,0.25,0.175,71,1.5904417843670142,ok,0,12,11,0.0
chb01,chb01_05.edf,904.0,908.0,0.25,0.175,72,0.9990557900479503,ok,0,11,9,0.0
chb01,chb01_05.edf,904.0,908.0,0.25,0.175,73,0.601476635300329,ok,0,8,7,0.0
chb01,chb01_05.edf,904.0,908.0,0.25,0.175,74,0.5902594625238738,ok,0,10,7,0.0
chb01,chb01_05.edf,904.0,908.0,0.25,0.175,75,0.5278753702469957,ok,0,13,12,0.0
chb01,chb01_05.edf,904.0,908.0,0.25,0.175,76,0.9853027208035106,ok,0,9,8,0.0
chb01,chb01_05.edf,904.0,908.0,0.25,0.175,77,0.9447730595988872,ok,0,6,4,0.0
chb01,chb01_05.edf,904.0,908.0,0.25,0.175,78,1.3407604740280588,ok,0,11,10,0.0
chb01,chb01_05.edf,904.0,908.0,0.25,0.175,79,0.1568870781527907,ok,0,8,5,0.0
chb01,chb01_05.edf,904.0,908.0,0.25,0.175,80,0.18317349230170574,ok,0,11,9,0.0
chb01,chb01_05.edf,904.0,908.0,0.25,0.175,81,1.3620700935944885,ok,0,8,7,0.0
chb01,chb01_05.edf,904.0,908.0,0.25,0.35,62,0.543663392817464,ok,0,11,10,0.0
chb01,chb01_05.edf,904.0,908.0,0.25,0.35,63,0.1925140932272358,ok,0,8,6,0.0
chb01,chb01_05.edf,904.0,908.0,0.25,0.35,64,0.8756532617719204,ok,0,9,8,0.0
chb01,chb01_05.edf,904.0,908.0,0.25,0.35,65,1.4824847269439707,ok,0,10,9,0.0
chb01,chb01_05.edf,904.0,908.0,0.25,0.35,66,0.36581014159579417,ok,0,11,9,0.0
chb01,chb01_05.edf,904.0,908.0,0.25,0.35,67,0.29745401015682293,ok,0,12,11,0.0
chb01,chb01_05.edf,904.0,908.0,0.25,0.35,68,0.9681035064574081,ok,0,9,8,0.0
chb01,chb01_05.edf,904.0,908.0,0.25,0.35,69,1.1865336541958327,ok,0,9,6,0.0
chb01,chb01_05.edf,904.0,908.0,0.25,0.35,70,0.2793983295119334,ok,0,9,8,0.0
chb01,chb01_05.edf,904.0,908.0,0.25,0.35,71,1.529316310105233,ok,0,12,10,0.0
chb01,chb01_05.edf,904.0,908.0,0.25,0.35,72,0.9990557900479503,ok,0,11,9,0.0
chb01,chb01_05.edf,904.0,908.0,0.25,0.35,73,0.601476635300329,ok,0,8,7,0.0
chb01,chb01_05.edf,904.0,908.0,0.25,0.35,74,0.586700972048988,ok,0,9,6,0.0
chb01,chb01_05.edf,904.0,908.0,0.25,0.35,75,0.5977518354154719,ok,0,12,11,0.0
chb01,chb01_05.edf,904.0,908.0,0.25,0.35,76,1.0106328076155902,ok,0,11,9,0.0
chb01,chb01_05.edf,904.0,908.0,0.25,0.35,77,0.9447730595988872,ok,0,6,4,0.0
chb01,chb01_05.edf,904.0,908.0,0.25,0.35,78,1.2390152991737744,ok,0,10,9,0.0
chb01,chb01_05.edf,904.0,908.0,0.25,0.35,79,0.1568870781527907,ok,0,8,5,0.0
chb01,chb01_05.edf,904.0,908.0,0.25,0.35,80,0.20805602846257226,ok,0,12,9,0.0
chb01,chb01_05.edf,904.0,908.0,0.25,0.35,81,1.3620700935944885,ok,0,8,7,0.0
chb01,chb01_05.edf,904.0,908.0,0.25,0.7,62,0.7591017016231544,ok,0,12,11,0.0
chb01,chb01_05.edf,904.0,908.0,0.25,0.7,63,0.23786505386985946,ok,0,9,8,0.0
chb01,chb01_05.edf,904.0,908.0,0.25,0.7,64,0.960386606658378,ok,0,8,7,0.0
chb01,chb01_05.edf,904.0,908.0,0.25,0.7,65,1.0227247938086457,ok,0,11,10,0.0
chb01,chb01_05.edf,904.0,908.0,0.25,0.7,66,0.36581014159579417,ok,0,11,9,0.0
chb01,chb01_05.edf,904.0,908.0,0.25,0.7,67,0.7996770285389736,ok,0,10,9,0.0
chb01,chb01_05.edf,904.0,908.0,0.25,0.7,68,1.0506540767214774,ok,0,11,10,0.0
chb01,chb01_05.edf,904.0,908.0,0.25,0.7,69,1.1816416513923103,ok,0,9,6,0.0
chb01,chb01_05.edf,904.0,908.0,0.25,0.7,70,0.24552668943746467,ok,0,9,8,0.0
chb01,chb01_05.edf,904.0,908.0,0.25,0.7,71,1.5255415860159025,ok,0,13,11,0.0
chb01,chb01_05.edf,904.0,908.0,0.25,0.7,72,1.0553318992116902,ok,0,8,7,0.0
chb01,chb01_05.edf,904.0,908.0,0.25,0.7,73,0.5949344428231949,ok,0,9,7,0.0
chb01,chb01_05.edf,904.0,908.0,0.25,0.7,74,0.5824649580343715,ok,0,8,5,0.0
chb01,chb01_05.edf,904.0,908.0,0.25,0.7,75,0.7008683539375251,ok,0,12,11,0.0
chb01,chb01_05.edf,904.0,908.0,0.25,0.7,76,0.22697976605095269,ok,0,8,6,0.0
chb01,chb01_05.edf,904.0,908.0,0.25,0.7,77,0.5526000164907082,ok,0,7,5,0.0
chb01,chb01_05.edf,904.0,908.0,0.25,0.7,78,1.2382912725562145,ok,0,10,9,0.0
chb01,chb01_05.edf,904.0,908.0,0.25,0.7,79,0.1568870781527907,ok,0,8,5,0.0
chb01,chb01_05.edf,904.0,908.0,0.25,0.7,80,0.22093181904073197,ok,0,14,12,0.0
chb01,chb01_05.edf,904.0,908.0,0.25,0.7,81,1.3109392451466526,ok,0,8,6,0.0
chb01,chb01_05.edf,904.0,908.0,0.5,0.0,62,0.5712931377579745,ok,0,12,11,0.0
chb01,chb01_05.edf,904.0,908.0,0.5,0.0,63,0.16726057798219393,ok,0,8,7,0.0
chb01,chb01_05.edf,904.0,908.0,0.5,0.0,64,0.19637001542360058,ok,0,9,8,0.0
chb01,chb01_05.edf,904.0,908.0,0.5,0.0,65,0.546024803519956,ok,0,10,8,0.0
chb01,chb01_05.edf,904.0,908.0,0.5,0.0,66,0.3428004452807938,ok,0,11,9,0.0
chb01,chb01_05.edf,904.0,908.0,0.5,0.0,67,0.9454773281444654,ok,0,7,6,0.0
chb01,chb01_05.edf,904.0,908.0,0.5,0.0,68,1.2291207868644798,ok,0,12,11,0.0
chb01,chb01_05.edf,904.0,908.0,0.5,0.0,69,1.1682562182790923,ok,0,9,7,0.0
chb01,chb01_05.edf,904.0,908.0,0.5,0.0,70,0.5111811702061327,ok,0,14,13,0.0
chb01,chb01_05.edf,904.0,908.0,0.5,0.0,71,1.8179982256514546,ok,0,11,9,0.0
chb01,chb01_05.edf,904.0,908.0,0.5,0.0,72,0.18642507739616473,ok,0,6,5,0.0
chb01,chb01_05.edf,904.0,908.0,0.5,0.0,73,0.6286253346157429,ok,0,10,9,0.0
chb01,chb01_05.edf,904.0,908.0,0.5,0.0,74,0.6476197533905482,ok,0,9,7,0.0
chb01,chb01_05.edf,904.0,908.0,0.5,0.0,75,0.9626906857352386,ok,0,12,10,0.0
chb01,chb01_05.edf,904.0,908.0,0.5,0.0,76,0.48840569686484475,ok,0,10,9,0.0
chb01,chb01_05.edf,904.0,908.0,0.5,0.0,77,1.4397992123948258,ok,0,10,9,0.0
chb01,chb01_05.edf,904.0,908.0,0.5,0.0,78,0.8783739115481473,ok,0,10,9,0.0
chb01,chb01_05.edf,904.0,908.0,0.5,0.0,79,0.6660998123404629,ok,0,8,7,0.0
chb01,chb01_05.edf,904.0,908.0,0.5,0.0,80,0.48943288169382493,ok,0,10,8,0.0
chb01,chb01_05.edf,904.0,908.0,0.5,0.0,81,1.3487816138931745,ok,0,10,9,0.0
chb01,chb01_05.edf,904.0,908.0,0.5,0.175,62,0.6559757885363878,ok,0,12,11,0.0
chb01,chb01_05.edf,904.0,908.0,0.5,0.175,63,0.17253466291491212,ok,0,8,7,0.0
chb01,chb01_05.edf,904.0,908.0,0.5,0.175,64,0.19637001542360058,ok,0,9,8,0.0
chb01,chb01_05.edf,904.0,908.0,0.5,0.175,65,0.546024803519956,ok,0,10,8,0.0
chb01,chb01_05.edf,904.0,908.0,0.5,0.175,66,0.3428004452807938,ok,0,11,9,0.0
chb01,chb01_05.edf,904.0,908.0,0.5,0.175,67,0.8377672197615914,ok,0,6,5,0.0
chb01,chb01_05.edf,904.0,908.0,0.5,0.175,68,1.2291207868644798,ok,0,12,11,0.0
chb01,chb01_05.edf,904.0,908.0,0.5,0.175,69,1.2023157860598088,ok,0,8,6,0.0
chb01,chb01_05.edf,904.0,908.0,0.5,0.175,70,0.509154547108042,ok,0,14,13,0.0
chb01,chb01_05.edf,904.0,908.0,0.5,0.175,71,1.8179982256514546,ok,0,11,9,0.0
chb01,chb01_05.edf,904.0,908.0,0.5,0.175,72,0.18642507739616473,ok,0,6,5,0.0
chb01,chb01_05.edf,904.0,908.0,0.5,0.175,73,0.6032318324205259,ok,0,10,9,0.0
chb01,chb01_05.edf,904.0,908.0,0.5,0.175,74,0.6476197533905482,ok,0,9,7,0.0
chb01,chb01_05.edf,904.0,908.0,0.5,0.175,75,0.9304566943784026,ok,0,11,10,0.0
chb01,chb01_05.edf,904.0,908.0,0.5,0.175,76,0.49210873425856594,ok,0,10,9,0.0
chb01,chb01_05.edf,904.0,908.0,0.5,0.175,77,0.14113296980235743,ok,0,9,8,0.0
chb01,chb01_05.edf,904.0,908.0,0.5,0.175,78,0.8764622074007292,ok,0,10,9,0.0
chb01,chb01_05.edf,904.0,908.0,0.5,0.175,79,0.754250604692566,ok,0,9,6,0.0
chb01,chb01_05.edf,904.0,908.0,0.5,0.175,80,0.6840478909884533,ok,0,10,8,0.0
chb01,chb01_05.edf,904.0,908.0,0.5,0.175,81,1.3487816138931745,ok,0,10,9,0.0
chb01,chb01_05.edf,904.0,908.0,0.5,0.35,62,0.6482655274814257,ok,0,12,11,0.0
chb01,chb01_05.edf,904.0,908.0,0.5,0.35,63,0.17253466291491212,ok,0,8,7,0.0
chb01,chb01_05.edf,904.0,908.0,0.5,0.35,64,0.33066737835270793,ok,0,10,9,0.0
chb01,chb01_05.edf,904.0,908.0,0.5,0.35,65,0.546024803519956,ok,0,10,8,0.0
chb01,chb01_05.edf,904.0,908.0,0.5,0.35,66,0.3428004452807938,ok,0,11,9,0.0
chb01,chb01_05.edf,904.0,908.0,0.5,0.35,67,0.8377672197615914,ok,0,6,5,0.0
chb01,chb01_05.edf,904.0,908.0,0.5,0.35,68,1.298487349908119,ok,0,11,10,0.0
chb01,chb01_05.edf,904.0,908.0,0.5,0.35,69,1.2023157860598088,ok,0,8,6,0.0
chb01,chb01_05.edf,904.0,908.0,0.5,0.35,70,0.5061085554802268,ok,0,13,12,0.0
chb01,chb01_05.edf,904.0,908.0,0.5,0.35,71,1.8179982256514546,ok,0,11,9,0.0
chb01,chb01_05.edf,904.0,908.0,0.5,0.35,72,1.669875967966309,ok,0,7,6,0.0
chb01,chb01_05.edf,904.0,908.0,0.5,0.35,73,0.6032318324205259,ok,0,10,9,0.0
chb01,chb01_05.edf,904.0,908.0,0.5,0.35,74,0.6476197533905482,ok,0,9,7,0.0
chb01,chb01_05.edf,904.0,908.0,0.5,0.35,75,0.9304566943784026,ok,0,11,10,0.0
chb01,chb01_05.edf,904.0,908.0,0.5,0.35,76,0.6132658703899905,ok,0,11,10,0.0
chb01,chb01_05.edf,904.0,908.0,0.5,0.35,77,0.14113296980235743,ok,0,9,8,0.0
chb01,chb01_05.edf,904.0,908.0,0.5,0.35,78,0.8764622074007292,ok,0,10,9,0.0
chb01,chb01_05.edf,904.0,908.0,0.5,0.35,79,0.754250604692566,ok,0,9,6,0.0
chb01,chb01_05.edf,904.0,908.0,0.5,0.35,80,0.864991424825118,ok,0,9,7,0.0
chb01,chb01_05.edf,904.0,908.0,0.5,0.35,81,1.3282457340076834,ok,0,10,8,0.0
chb01,chb01_05.edf,904.0,908.0,0.5,0.7,62,0.6482655274814257,ok,0,12,11,0.0
chb01,chb01_05.edf,904.0,908.0,0.5,0.7,63,0.17253466291491212,ok,0,8,7,0.0
chb01,chb01_05.edf,904.0,908.0,0.5,0.7,64,0.3391151694444484,ok,0,10,8,0.0
chb01,chb01_05.edf,904.0,908.0,0.5,0.7,65,0.5816266869948237,ok,0,10,8,0.0
chb01,chb01_05.edf,904.0,908.0,0.5,0.7,66,0.3455869941264749,ok,0,11,9,0.0
chb01,chb01_05.edf,904.0,908.0,0.5,0.7,67,0.7844238144227508,ok,0,6,4,0.0
chb01,chb01_05.edf,904.0,908.0,0.5,0.7,68,1.4147498679112749,ok,0,10,9,0.0
chb01,chb01_05.edf,904.0,908.0,0.5,0.7,69,1.0610836315798138,ok,0,8,5,0.0
chb01,chb01_05.edf,904.0,908.0,0.5,0.7,70,0.459382309704368,ok,0,12,11,0.0
chb01,chb01_05.edf,904.0,908.0,0.5,0.7,71,1.7857376180233748,ok,0,11,9,0.0
chb01,chb01_05.edf,904.0,908.0,0.5,0.7,72,1.6489276423388686,ok,0,7,6,0.0
chb01,chb01_05.edf,904.0,908.0,0.5,0.7,73,0.6031624265323138,ok,0,11,10,0.0
chb01,chb01_05.edf,904.0,908.0,0.5,0.7,74,0.6293783993304368,ok,0,8,6,0.0
chb01,chb01_05.edf,904.0,908.0,0.5,0.7,75,1.4321608368342542,ok,0,10,9,0.0
chb01,chb01_05.edf,904.0,908.0,0.5,0.7,76,0.6132658703899905,ok,0,11,10,0.0
chb01,chb01_05.edf,904.0,908.0,0.5,0.7,77,0.13099348758970616,ok,0,10,8,0.0
chb01,chb01_05.edf,904.0,908.0,0.5,0.7,78,0.8779494481411574,ok,0,10,9,0.0
chb01,chb01_05.edf,904.0,908.0,0.5,0.7,79,0.754250604692566,ok,0,9,6,0.0
chb01,chb01_05.edf,904.0,908.0,0.5,0.7,80,0.9971958054284397,ok,0,8,6,0.0
chb01,chb01_05.edf,904.0,908.0,0.5,0.7,81,1.3589418456291473,ok,0,9,7,0.0
chb01,chb01_05.edf,904.0,908.0,1.0,0.0,62,0.7743914046997703,ok,0,11,10,0.0
chb01,chb01_05.edf,904.0,908.0,1.0,0.0,63,0.21488489744161204,ok,0,8,7,0.0
chb01,chb01_05.edf,904.0,908.0,1.0,0.0,64,0.17192047651837583,ok,0,10,9,0.0
chb01,chb01_05.edf,904.0,908.0,1.0,0.0,65,0.48620003231413916,ok,0,12,9,0.0
chb01,chb01_05.edf,904.0,908.0,1.0,0.0,66,1.3756822323974554,ok,0,13,11,0.0
chb01,chb01_05.edf,904.0,908.0,1.0,0.0,67,1.0067830609804835,ok,0,9,8,0.0
chb01,chb01_05.edf,904.0,908.0,1.0,0.0,68,1.5176810316646947,ok,0,13,11,0.0
chb01,chb01_05.edf,904.0,908.0,1.0,0.0,69,1.0610836315798138,ok,0,8,5,0.0
chb01,chb01_05.edf,904.0,908.0,1.0,0.0,70,0.981919803246944,ok,0,12,11,0.0
chb01,chb01_05.edf,904.0,908.0,1.0,0.0,71,1.7937447317653397,ok,0,10,8,0.0
chb01,chb01_05.edf,904.0,908.0,1.0,0.0,72,0.18642507739616473,ok,0,6,5,0.0
chb01,chb01_05.edf,904.0,908.0,1.0,0.0,73,0.5987516059102022,ok,0,9,8,0.0
chb01,chb01_05.edf,904.0,908.0,1.0,0.0,74,0.6443582292066723,ok,0,11,10,0.0
chb01,chb01_05.edf,904.0,908.0,1.0,0.0,75,1.65888681246551,ok,0,10,7,0.0
chb01,chb01_05.edf,904.0,908.0,1.0,0.0,76,0.22553402254439306,ok,0,12,11,0.0
chb01,chb01_05.edf,904.0,908.0,1.0,0.0,77,1.261454559020981,ok,0,10,9,0.0
chb01,chb01_05.edf,904.0,908.0,1.0,0.0,78,1.9856992051961986,ok,0,12,11,0.0
chb01,chb01_05.edf,904.0,908.0,1.0,0.0,79,0.1609368397508929,ok,0,7,6,0.0
chb01,chb01_05.edf,904.0,908.0,1.0,0.0,80,0.8375512923759941,ok,0,11,9,0.0
chb01,chb01_05.edf,904.0,908.0,1.0,0.0,81,1.3218647883394035,ok,0,10,8,0.0
chb01,chb01_05.edf,904.0,908.0,1.0,0.175,62,0.7743914046997703,ok,0,11,10,0.0
chb01,chb01_05.edf,904.0,908.0,1.0,0.175,63,0.21488489744161204,ok,0,8,7,0.0
chb01,chb01_05.edf,904.0,908.0,1.0,0.175,64,0.17192047651837583,ok,0,10,9,0.0
chb01,chb01_05.edf,904.0,908.0,1.0,0.175,65,0.49292157435773215,ok,0,12,10,0.0
chb01,chb01_05.edf,904.0,908.0,1.0,0.175,66,1.3756822323974554,ok,0,13,11,0.0
chb01,chb01_05.edf,904.0,908.0,1.0,0.175,67,1.0067830609804835,ok,0,9,8,0.0
chb01,chb01_05.edf,904.0,908.0,1.0,0.175,68,1.4403478634378917,ok,0,12,10,0.0
chb01,chb01_05.edf,904.0,908.0,1.0,0.175,69,1.0610836315798138,ok,0,8,5,0.0
chb01,chb01_05.edf,904.0,908.0,1.0,0.175,70,0.981919803246944,ok,0,12,11,0.0
chb01,chb01_05.edf,904.0,908.0,1.0,0.175,71,1.7937447317653397,ok,0,10,8,0.0
chb01,chb01_05.edf,904.0,908.0,1.0,0.175,72,0.18642507739616473,ok,0,6,5,0.0
chb01,chb01_05.edf,904.0,908.0,1.0,0.175,73,0.5987516059102022,ok,0,9,8,0.0
chb01,chb01_05.edf,904.0,908.0,1.0,0.175,74,0.6443582292066723,ok,0,11,10,0.0
chb01,chb01_05.edf,904.0,908.0,1.0,0.175,75,0.2601478788641387,ok,0,7,5,0.0
chb01,chb01_05.edf,904.0,908.0,1.0,0.175,76,0.22652733919178974,ok,0,12,11,0.0
chb01,chb01_05.edf,904.0,908.0,1.0,0.175,77,1.261454559020981,ok,0,10,9,0.0
chb01,chb01_05.edf,904.0,908.0,1.0,0.175,78,2.0008167178077203,ok,0,11,10,0.0
chb01,chb01_05.edf,904.0,908.0,1.0,0.175,79,0.1609368397508929,ok,0,7,6,0.0
chb01,chb01_05.edf,904.0,908.0,1.0,0.175,80,0.8460001481744026,ok,0,12,10,0.0
chb01,chb01_05.edf,904.0,908.0,1.0,0.175,81,1.3218647883394035,ok,0,10,8,0.0
chb01,chb01_05.edf,904.0,908.0,1.0,0.35,62,0.8312504385654137,ok,0,12,11,0.0
chb01,chb01_05.edf,904.0,908.0,1.0,0.35,63,0.2173990092096237,ok,0,9,8,0.0
chb01,chb01_05.edf,904.0,908.0,1.0,0.35,64,0.17192047651837583,ok,0,10,9,0.0
chb01,chb01_05.edf,904.0,908.0,1.0,0.35,65,0.49292157435773215,ok,0,12,10,0.0
chb01,chb01_05.edf,904.0,908.0,1.0,0.35,66,1.5167540848237777,ok,0,12,10,0.0
chb01,chb01_05.edf,904.0,908.0,1.0,0.35,67,1.0202027993865712,ok,0,8,7,0.0
chb01,chb01_05.edf,904.0,908.0,1.0,0.35,68,0.4749170925663271,ok,0,11,9,0.0
chb01,chb01_05.edf,904.0,908.0,1.0,0.35,69,1.0610836315798138,ok,0,8,5,0.0
chb01,chb01_05.edf,904.0,908.0,1.0,0.35,70,0.967657796849726,ok,0,11,10,0.0
chb01,chb01_05.edf,904.0,908.0,1.0,0.35,71,1.7937447317653397,ok,0,10,8,0.0
chb01,chb01_05.edf,904.0,908.0,1.0,0.35,72,0.1692486635019696,ok,0,6,5,0.0
chb01,chb01_05.edf,904.0,908.0,1.0,0.35,73,0.5823203888824564,ok,0,8,7,0.0
chb01,chb01_05.edf,904.0,908.0,1.0,0.35,74,0.6443582292066723,ok,0,11,10,0.0
chb01,chb01_05.edf,904.0,908.0,1.0,0.35,75,0.24274431646383632,ok,0,8,6,0.0
chb01,chb01_05.edf,904.0,908.0,1.0,0.35,76,0.22652733919178974,ok,0,12,11,0.0
chb01,chb01_05.edf,904.0,908.0,1.0,0.35,77,1.2551471077377274,ok,0,10,9,0.0
chb01,chb01_05.edf,904.0,908.0,1.0,0.35,78,2.0008167178077203,ok,0,11,10,0.0
chb01,chb01_05.edf,904.0,908.0,1.0,0.35,79,0.1609368397508929,ok,0,7,6,0.0
chb01,chb01_05.edf,904.0,908.0,1.0,0.35,80,0.8047678194834891,ok,0,11,9,0.0
chb01,chb01_05.edf,904.0,908.0,1.0,0.35,81,1.3218647883394035,ok,0,10,8,0.0
chb01,chb01_05.edf,904.0,908.0,1.0,0.7,62,0.7577851769466699,ok,0,11,10,0.0
chb01,chb01_05.edf,904.0,908.0,1.0,0.7,63,0.2156184166272027,ok,0,9,8,0.0
chb01,chb01_05.edf,904.0,908.0,1.0,0.7,64,0.18153227362254462,ok,0,10,9,0.0
chb01,chb01_05.edf,904.0,908.0,1.0,0.7,65,0.49183117746034816,ok,0,12,10,0.0
chb01,chb01_05.edf,904.0,908.0,1.0,0.7,66,1.4228765045277283,ok,0,11,9,0.0
chb01,chb01_05.edf,904.0,908.0,1.0,0.7,67,1.0396165755160793,ok,0,8,7,0.0
chb01,chb01_05.edf,904.0,908.0,1.0,0.7,68,0.47495751388940044,ok,0,10,8,0.0
chb01,chb01_05.edf,904.0,908.0,1.0,0.7,69,1.0577240820781741,ok,0,7,5,0.0
chb01,chb01_05.edf,904.0,908.0,1.0,0.7,70,0.626366126342542,ok,0,12,11,0.0
chb01,chb01_05.edf,904.0,908.0,1.0,0.7,71,1.7937447317653397,ok,0,10,8,0.0
chb01,chb01_05.edf,904.0,908.0,1.0,0.7,72,0.1692486635019696,ok,0,6,5,0.0
chb01,chb01_05.edf,904.0,908.0,1.0,0.7,73,0.6459001231076539,ok,0,9,8,0.0
chb01,chb01_05.edf,904.0,908.0,1.0,0.7,74,0.6265503624779104,ok,0,10,9,0.0
chb01,chb01_05.edf,904.0,908.0,1.0,0.7,75,0.24797256681029478,ok,0,9,7,0.0
chb01,chb01_05.edf,904.0,908.0,1.0,0.7,76,0.2860488512490502,ok,0,11,10,0.0
chb01,chb01_05.edf,904.0,908.0,1.0,0.7,77,1.131849678850743,ok,0,9,8,0.0
chb01,chb01_05.edf,904.0,908.0,1.0,0.7,78,1.942675375593446,ok,0,10,9,0.0
chb01,chb01_05.edf,904.0,908.0,1.0,0.7,79,0.1609368397508929,ok,0,7,6,0.0
chb01,chb01_05.edf,904.0,908.0,1.0,0.7,80,0.8047678194834891,ok,0,11,9,0.0
chb01,chb01_05.edf,904.0,908.0,1.0,0.7,81,1.3218647883394035,ok,0,10,8,0.0
chb01,chb01_05.edf,2700.0,2704.0,0.25,0.0,62,0.6171842911523988,ok,0,10,9,0.0
chb01,chb01_05.edf,2700.0,2704.0,0.25,0.0,63,2.043747370146671,ok,0,9,8,0.0
chb01,chb01_05.edf,2700.0,2704.0,0.25,0.0,64,0.8756532617719204,ok,0,9,8,0.0
chb01,chb01_05.edf,2700.0,2704.0,0.25,0.0,65,0.9667718123938864,ok,0,11,10,0.0
chb01,chb01_05.edf,2700.0,2704.0,0.25,0.0,66,0.3631787913269073,ok,0,11,9,0.0
chb01,chb01_05.edf,2700.0,2704.0,0.25,0.0,67,0.8092054221906116,ok,0,11,9,0.0
chb01,chb01_05.edf,2700.0,2704.0,0.25,0.0,68,0.9681035064574081,ok,0,9,8,0.0
chb01,chb01_05.edf,2700.0,2704.0,0.25,0.0,69,1.241548694349417,ok,0,10,8,0.0
chb01,chb01_05.edf,2700.0,2704.0,0.25,0.0,70,0.2793983295119334,ok,0,9,8,0.0
chb01,chb01_05.edf,2700.0,2704.0,0.25,0.0,71,1.5904417843670142,ok,0,12,11,0.0
chb01,chb01_05.edf,2700.0,2704.0,0.25,0.0,72,0.9990557900479503,ok,0,11,9,0.0
chb01,chb01_05.edf,2700.0,2704.0,0.25,0.0,73,0.4814093715175572,ok,0,8,7,0.0
chb01,chb01_05.edf,2700.0,2704.0,0.25,0.0,74,0.6162790697674418,ok,0,11,8,0.0
chb01,chb01_05.edf,2700.0,2704.0,0.25,0.0,75,0.35394981220923855,ok,0,12,11,0.0
chb01,chb01_05.edf,2700.0,2704.0,0.25,0.0,76,0.3909772130214703,ok,0,12,11,0.0
chb01,chb01_05.edf,2700.0,2704.0,0.25,0.0,77,0.9447730595988872,ok,0,6,4,0.0
chb01,chb01_05.edf,2700.0,2704.0,0.25,0.0,78,1.3483863463099397,ok,0,11,10,0.0
chb01,chb01_05.edf,2700.0,2704.0,0.25,0.0,79,0.1609368397508929,ok,0,7,6,0.0
chb01,chb01_05.edf,2700.0,2704.0,0.25,0.0,80,0.1797136108456547,ok,0,12,10,0.0
chb01,chb01_05.edf,2700.0,2704.0,0.25,0.0,81,1.4033891062507988,ok,0,10,7,0.0
chb01,chb01_05.edf,2700.0,2704.0,0.25,0.175,62,0.6196207900565306,ok,0,10,9,0.0
chb01,chb01_05.edf,2700.0,2704.0,0.25,0.175,63,2.043813729291342,ok,0,9,8,0.0
chb01,chb01_05.edf,2700.0,2704.0,0.25,0.175,64,0.8756532617719204,ok,0,9,8,0.0
chb01,chb01_05.edf,2700.0,2704.0,0.25,0.175,65,0.9667718123938864,ok,0,11,10,0.0
chb01,chb01_05.edf,2700.0,2704.0,0.25,0.175,66,0.3631787913269073,ok,0,11,9,0.0
chb01,chb01_05.edf,2700.0,2704.0,0.25,0.175,67,0.8092054221906116,ok,0,11,9,0.0
chb01,chb01_05.edf,2700.0,2704.0,0.25,0.175,68,1.046349240967186,ok,0,10,9,0.0
chb01,chb01_05.edf,2700.0,2704.0,0.25,0.175,69,1.241548694349417,ok,0,10,8,0.0
chb01,chb01_05.edf,2700.0,2704.0,0.25,0.175,70,0.2793983295119334,ok,0,9,8,0.0
chb01,chb01_05.edf,2700.0,2704.0,0.25,0.175,71,1.5904417843670142,ok,0,12,11,0.0
chb01,chb01_05.edf,2700.0,2704.0,0.25,0.175,72,0.9896828532159381,ok,0,11,9,0.0
chb01,chb01_05.edf,2700.0,2704.0,0.25,0.175,73,0.640794353897089,ok,0,8,7,0.0
chb01,chb01_05.edf,2700.0,2704.0,0.25,0.175,74,0.5963813245767478,ok,0,11,8,0.0
chb01,chb01_05.edf,2700.0,2704.0,0.25,0.175,75,0.35394981220923855,ok,0,12,11,0.0
chb01,chb01_05.edf,2700.0,2704.0,0.25,0.175,76,0.3909772130214703,ok,0,12,11,0.0
chb01,chb01_05.edf,2700.0,2704.0,0.25,0.175,77,0.9447730595988872,ok,0,6,4,0.0
chb01,chb01_05.edf,2700.0,2704.0,0.25,0.175,78,1.3483863463099397,ok,0,11,10,0.0
chb01,chb01_05.edf,2700.0,2704.0,0.25,0.175,79,0.1609368397508929,ok,0,7,6,0.0
chb01,chb01_05.edf,2700.0,2704.0,0.25,0.175,80,0.1797136108456547,ok,0,12,10,0.0
chb01,chb01_05.edf,2700.0,2704.0,0.25,0.175,81,1.3620700935944885,ok,0,8,7,0.0
chb01,chb01_05.edf,2700.0,2704.0,0.25,0.35,62,0.6196207900565306,ok,0,10,9,0.0
chb01,chb01_05.edf,2700.0,2704.0,0.25,0.35,63,0.2245729025279195,ok,0,8,7,0.0
chb01,chb01_05.edf,2700.0,2704.0,0.25,0.35,64,0.8763414757819065,ok,0,9,8,0.0
chb01,chb01_05.edf,2700.0,2704.0,0.25,0.35,65,1.2554298091678369,ok,0,11,10,0.0
chb01,chb01_05.edf,2700.0,2704.0,0.25,0.35,66,0.3631787913269073,ok,0,11,9,0.0
chb01,chb01_05.edf,2700.0,2704.0,0.25,0.35,67,0.8092054221906116,ok,0,11,9,0.0
chb01,chb01_05.edf,2700.0,2704.0,0.25,0.35,68,1.046349240967186,ok,0,10,9,0.0
chb01,chb01_05.edf,2700.0,2704.0,0.25,0.35,69,1.2355382185912218,ok,0,10,8,0.0
chb01,chb01_05.edf,2700.0,2704.0,0.25,0.35,70,0.2793983295119334,ok,0,9,8,0.0
chb01,chb01_05.edf,2700.0,2704.0,0.25,0.35,71,1.5904417843670142,ok,0,12,11,0.0
chb01,chb01_05.edf,2700.0,2704.0,0.25,0.35,72,1.3369311651672096,ok,0,10,8,0.0
chb01,chb01_05.edf,2700.0,2704.0,0.25,0.35,73,0.6281745139647521,ok,0,8,7,0.0
chb01,chb01_05.edf,2700.0,2704.0,0.25,0.35,74,0.5963813245767478,ok,0,11,8,0.0
chb01,chb01_05.edf,2700.0,2704.0,0.25,0.35,75,0.35394981220923855,ok,0,12,11,0.0
chb01,chb01_05.edf,2700.0,2704.0,0.25,0.35,76,0.6428673656693128,ok,0,11,10,0.0
chb01,chb01_05.edf,2700.0,2704.0,0.25,0.35,77,0.9447730595988872,ok,0,6,4,0.0
chb01,chb01_05.edf,2700.0,2704.0,0.25,0.35,78,1.336189345902315,ok,0,11,10,0.0
chb01,chb01_05.edf,2700.0,2704.0,0.25,0.35,79,0.2272301539919122,ok,0,7,5,0.0
chb01,chb01_05.edf,2700.0,2704.0,0.25,0.35,80,0.20805602846257226,ok,0,12,9,0.0
chb01,chb01_05.edf,2700.0,2704.0,0.25,0.35,81,1.3620700935944885,ok,0,8,7,0.0
chb01,chb01_05.edf,2700.0,2704.0,0.25,0.7,62,0.7833702525948693,ok,0,9,8,0.0
chb01,chb01_05.edf,2700.0,2704.0,0.25,0.7,63,0.20041706721568522,ok,0,8,7,0.0
chb01,chb01_05.edf,2700.0,2704.0,0.25,0.7,64,0.8763414757819065,ok,0,9,8,0.0
chb01,chb01_05.edf,2700.0,2704.0,0.25,0.7,65,1.2170860647494193,ok,0,11,9,0.0
chb01,chb01_05.edf,2700.0,2704.0,0.25,0.7,66,0.3631787913269073,ok,0,11,9,0.0
chb01,chb01_05.edf,2700.0,2704.0,0.25,0.7,67,0.8092054221906116,ok,0,11,9,0.0
chb01,chb01_05.edf,2700.0,2704.0,0.25,0.7,68,1.046349240967186,ok,0,10,9,0.0
chb01,chb01_05.edf,2700.0,2704.0,0.25,0.7,69,1.2319440352083835,ok,0,10,8,0.0
chb01,chb01_05.edf,2700.0,2704.0,0.25,0.7,70,0.2793983295119334,ok,0,9,8,0.0
chb01,chb01_05.edf,2700.0,2704.0,0.25,0.7,71,1.5904417843670142,ok,0,12,11,0.0
chb01,chb01_05.edf,2700.0,2704.0,0.25,0.7,72,1.2838111334376245,ok,0,11,7,0.0
chb01,chb01_05.edf,2700.0,2704.0,0.25,0.7,73,0.6281745139647521,ok,0,8,7,0.0
chb01,chb01_05.edf,2700.0,2704.0,0.25,0.7,74,0.556694381273686,ok,0,10,9,0.0
chb01,chb01_05.edf,2700.0,2704.0,0.25,0.7,75,0.5278753702469957,ok,0,13,12,0.0
chb01,chb01_05.edf,2700.0,2704.0,0.25,0.7,76,1.0998376219476398,ok,0,9,8,0.0
chb01,chb01_05.edf,2700.0,2704.0,0.25,0.7,77,0.9447730595988872,ok,0,6,4,0.0
chb01,chb01_05.edf,2700.0,2704.0,0.25,0.7,78,1.3740561762870565,ok,0,12,11,0.0
chb01,chb01_05.edf,2700.0,2704.0,0.25,0.7,79,0.2272301539919122,ok,0,7,5,0.0
chb01,chb01_05.edf,2700.0,2704.0,0.25,0.7,80,0.18317349230170574,ok,0,11,9,0.0
chb01,chb01_05.edf,2700.0,2704.0,0.25,0.7,81,1.3618901396103065,ok,0,8,7,0.0
chb01,chb01_05.edf,2700.0,2704.0,0.5,0.0,62,0.5712931377579745,ok,0,12,11,0.0
chb01,chb01_05.edf,2700.0,2704.0,0.5,0.0,63,0.16726057798219393,ok,0,8,7,0.0
chb01,chb01_05.edf,2700.0,2704.0,0.5,0.0,64,0.19637001542360058,ok,0,9,8,0.0
chb01,chb01_05.edf,2700.0,2704.0,0.5,0.0,65,0.546024803519956,ok,0,10,8,0.0
chb01,chb01_05.edf,2700.0,2704.0,0.5,0.0,66,0.3428004452807938,ok,0,11,9,0.0
chb01,chb01_05.edf,2700.0,2704.0,0.5,0.0,67,0.9454773281444654,ok,0,7,6,0.0
chb01,chb01_05.edf,2700.0,2704.0,0.5,0.0,68,1.2291207868644798,ok,0,12,11,0.0
chb01,chb01_05.edf,2700.0,2704.0,0.5,0.0,69,1.1682562182790923,ok,0,9,7,0.0
chb01,chb01_05.edf,2700.0,2704.0,0.5,0.0,70,0.5111811702061327,ok,0,14,13,0.0
chb01,chb01_05.edf,2700.0,2704.0,0.5,0.0,71,1.8179982256514546,ok,0,11,9,0.0
chb01,chb01_05.edf,2700.0,2704.0,0.5,0.0,72,0.18642507739616473,ok,0,6,5,0.0
chb01,chb01_05.edf,2700.0,2704.0,0.5,0.0,73,0.6286253346157429,ok,0,10,9,0.0
chb01,chb01_05.edf,2700.0,2704.0,0.5,0.0,74,0.6476197533905482,ok,0,9,7,0.0
chb01,chb01_05.edf,2700.0,2704.0,0.5,0.0,75,0.9626906857352386,ok,0,12,10,0.0
chb01,chb01_05.edf,2700.0,2704.0,0.5,0.0,76,0.48840569686484475,ok,0,10,9,0.0
chb01,chb01_05.edf,2700.0,2704.0,0.5,0.0,77,1.4397992123948258,ok,0,10,9,0.0
chb01,chb01_05.edf,2700.0,2704.0,0.5,0.0,78,0.8783739115481473,ok,0,10,9,0.0
chb01,chb01_05.edf,2700.0,2704.0,0.5,0.0,79,0.6660998123404629,ok,0,8,7,0.0
chb01,chb01_05.edf,2700.0,2704.0,0.5,0.0,80,0.48943288169382493,ok,0,10,8,0.0
chb01,chb01_05.edf,2700.0,2704.0,0.5,0.0,81,1.3487816138931745,ok,0,10,9,0.0
chb01,chb01_05.edf,2700.0,2704.0,0.5,0.175,62,0.5712931377579745,ok,0,12,11,0.0
chb01,chb01_05.edf,2700.0,2704.0,0.5,0.175,63,0.15255102400950155,ok,0,8,7,0.0
chb01,chb01_05.edf,2700.0,2704.0,0.5,0.175,64,0.19637001542360058,ok,0,9,8,0.0
chb01,chb01_05.edf,2700.0,2704.0,0.5,0.175,65,0.546024803519956,ok,0,10,8,0.0
chb01,chb01_05.edf,2700.0,2704.0,0.5,0.175,66,0.3428004452807938,ok,0,11,9,0.0
chb01,chb01_05.edf,2700.0,2704.0,0.5,0.175,67,0.9454773281444654,ok,0,7,6,0.0
chb01,chb01_05.edf,2700.0,2704.0,0.5,0.175,68,1.2280564920118564,ok,0,12,11,0.0
chb01,chb01_05.edf,2700.0,2704.0,0.5,0.175,69,1.1682562182790923,ok,0,9,7,0.0
chb01,chb01_05.edf,2700.0,2704.0,0.5,0.175,70,0.5111811702061327,ok,0,14,13,0.0
chb01,chb01_05.edf,2700.0,2704.0,0.5,0.175,71,1.8179982256514546,ok,0,11,9,0.0
chb01,chb01_05.edf,2700.0,2704.0,0.5,0.175,72,0.18642507739616473,ok,0,6,5,0.0
chb01,chb01_05.edf,2700.0,2704.0,0.5,0.175,73,0.6032318324205259,ok,0,10,9,0.0
chb01,chb01_05.edf,2700.0,2704.0,0.5,0.175,74,0.6476197533905482,ok,0,9,7,0.0
chb01,chb01_05.edf,2700.0,2704.0,0.5,0.175,75,0.9109122904933337,ok,0,11,10,0.0
chb01,chb01_05.edf,2700.0,2704.0,0.5,0.175,76,0.48840569686484475,ok,0,10,9,0.0
chb01,chb01_05.edf,2700.0,2704.0,0.5,0.175,77,1.4397992123948258,ok,0,10,9,0.0
chb01,chb01_05.edf,2700.0,2704.0,0.5,0.175,78,0.8783739115481473,ok,0,10,9,0.0
chb01,chb01_05.edf,2700.0,2704.0,0.5,0.175,79,0.6660998123404629,ok,0,8,7,0.0
chb01,chb01_05.edf,2700.0,2704.0,0.5,0.175,80,0.7001723173641382,ok,0,11,9,0.0
chb01,chb01_05.edf,2700.0,2704.0,0.5,0.175,81,1.3487816138931745,ok,0,10,9,0.0
chb01,chb01_05.edf,2700.0,2704.0,0.5,0.35,62,0.5712931377579745,ok,0,12,11,0.0
chb01,chb01_05.edf,2700.0,2704.0,0.5,0.35,63,0.18465470505188497,ok,0,8,7,0.0
chb01,chb01_05.edf,2700.0,2704.0,0.5,0.35,64,0.2124531602066324,ok,0,9,8,0.0
chb01,chb01_05.edf,2700.0,2704.0,0.5,0.35,65,0.546024803519956,ok,0,10,8,0.0
chb01,chb01_05.edf,2700.0,2704.0,0.5,0.35,66,0.3428004452807938,ok,0,11,9,0.0
chb01,chb01_05.edf,2700.0,2704.0,0.5,0.35,67,0.9454773281444654,ok,0,7,6,0.0
chb01,chb01_05.edf,2700.0,2704.0,0.5,0.35,68,1.2280564920118564,ok,0,12,11,0.0
chb01,chb01_05.edf,2700.0,2704.0,0.5,0.35,69,1.2636524125816837,ok,0,9,8,0.0
chb01,chb01_05.edf,2700.0,2704.0,0.5,0.35,70,0.5111811702061327,ok,0,14,13,0.0
chb01,chb01_05.edf,2700.0,2704.0,0.5,0.35,71,1.8179982256514546,ok,0,11,9,0.0
chb01,chb01_05.edf,2700.0,2704.0,0.5,0.35,72,0.18642507739616473,ok,0,6,5,0.0
chb01,chb01_05.edf,2700.0,2704.0,0.5,0.35,73,0.6032318324205259,ok,0,10,9,0.0
chb01,chb01_05.edf,2700.0,2704.0,0.5,0.35,74,0.6906831103055443,ok,0,10,8,0.0
chb01,chb01_05.edf,2700.0,2704.0,0.5,0.35,75,0.9109122904933337,ok,0,11,10,0.0
chb01,chb01_05.edf,2700.0,2704.0,0.5,0.35,76,0.48840569686484475,ok,0,10,9,0.0
chb01,chb01_05.edf,2700.0,2704.0,0.5,0.35,77,1.4397992123948258,ok,0,10,9,0.0
chb01,chb01_05.edf,2700.0,2704.0,0.5,0.35,78,0.9170103964537045,ok,0,10,9,0.0
chb01,chb01_05.edf,2700.0,2704.0,0.5,0.35,79,0.6660998123404629,ok,0,8,7,0.0
chb01,chb01_05.edf,2700.0,2704.0,0.5,0.35,80,0.7001723173641382,ok,0,11,9,0.0
chb01,chb01_05.edf,2700.0,2704.0,0.5,0.35,81,1.3485722789127093,ok,0,10,9,0.0
chb01,chb01_05.edf,2700.0,2704.0,0.5,0.7,62,0.5712931377579745,ok,0,12,11,0.0
chb01,chb01_05.edf,2700.0,2704.0,0.5,0.7,63,0.18465470505188497,ok,0,8,7,0.0
chb01,chb01_05.edf,2700.0,2704.0,0.5,0.7,64,0.22434529826685104,ok,0,9,7,0.0
chb01,chb01_05.edf,2700.0,2704.0,0.5,0.7,65,0.480337232198694,ok,0,9,8,0.0
chb01,chb01_05.edf,2700.0,2704.0,0.5,0.7,66,0.3428004452807938,ok,0,11,9,0.0
chb01,chb01_05.edf,2700.0,2704.0,0.5,0.7,67,0.9454773281444654,ok,0,7,6,0.0
chb01,chb01_05.edf,2700.0,2704.0,0.5,0.7,68,1.35532263571795,ok,0,12,11,0.0
chb01,chb01_05.edf,2700.0,2704.0,0.5,0.7,69,1.257780668167315,ok,0,9,8,0.0
chb01,chb01_05.edf,2700.0,2704.0,0.5,0.7,70,0.5111811702061327,ok,0,14,13,0.0
chb01,chb01_05.edf,2700.0,2704.0,0.5,0.7,71,1.8179982256514546,ok,0,11,9,0.0
chb01,chb01_05.edf,2700.0,2704.0,0.5,0.7,72,0.18642507739616473,ok,0,6,5,0.0
chb01,chb01_05.edf,2700.0,2704.0,0.5,0.7,73,0.657325894790089,ok,0,10,9,0.0
chb01,chb01_05.edf,2700.0,2704.0,0.5,0.7,74,0.7061321331958208,ok,0,10,8,0.0
chb01,chb01_05.edf,2700.0,2704.0,0.5,0.7,75,0.9109122904933337,ok,0,11,10,0.0
chb01,chb01_05.edf,2700.0,2704.0,0.5,0.7,76,0.5561891818606118,ok,0,12,10,0.0
chb01,chb01_05.edf,2700.0,2704.0,0.5,0.7,77,1.4397992123948258,ok,0,10,9,0.0
chb01,chb01_05.edf,2700.0,2704.0,0.5,0.7,78,0.9187892499752084,ok,0,10,9,0.0
chb01,chb01_05.edf,2700.0,2704.0,0.5,0.7,79,0.6650228266758968,ok,0,8,7,0.0
chb01,chb01_05.edf,2700.0,2704.0,0.5,0.7,80,0.9244954663863411,ok,0,10,8,0.0
chb01,chb01_05.edf,2700.0,2704.0,0.5,0.7,81,1.3949521781254495,ok,0,9,8,0.0
chb01,chb01_05.edf,2700.0,2704.0,1.0,0.0,62,0.7743914046997703,ok,0,11,10,0.0
chb01,chb01_05.edf,2700.0,2704.0,1.0,0.0,63,0.21488489744161204,ok,0,8,7,0.0
chb01,chb01_05.edf,2700.0,2704.0,1.0,0.0,64,0.17192047651837583,ok,0,10,9,0.0
chb01,chb01_05.edf,2700.0,2704.0,1.0,0.0,65,0.48620003231413916,ok,0,12,9,0.0
chb01,chb01_05.edf,2700.0,2704.0,1.0,0.0,66,1.3756822323974554,ok,0,13,11,0.0
chb01,chb01_05.edf,2700.0,2704.0,1.0,0.0,67,1.0067830609804835,ok,0,9,8,0.0
chb01,chb01_05.edf,2700.0,2704.0,1.0,0.0,68,1.5176810316646947,ok,0,13,11,0.0
chb01,chb01_05.edf,2700.0,2704.0,1.0,0.0,69,1.0610836315798138,ok,0,8,5,0.0
chb01,chb01_05.edf,2700.0,2704.0,1.0,0.0,70,0.981919803246944,ok,0,12,11,0.0
chb01,chb01_05.edf,2700.0,2704.0,1.0,0.0,71,1.7937447317653397,ok,0,10,8,0.0
chb01,chb01_05.edf,2700.0,2704.0,1.0,0.0,72,0.18642507739616473,ok,0,6,5,0.0
chb01,chb01_05.edf,2700.0,2704.0,1.0,0.0,73,0.5987516059102022,ok,0,9,8,0.0
chb01,chb01_05.edf,2700.0,2704.0,1.0,0.0,74,0.6443582292066723,ok,0,11,10,0.0
chb01,chb01_05.edf,2700.0,2704.0,1.0,0.0,75,1.65888681246551,ok,0,10,7,0.0
chb01,chb01_05.edf,2700.0,2704.0,1.0,0.0,76,0.22553402254439306,ok,0,12,11,0.0
chb01,chb01_05.edf,2700.0,2704.0,1.0,0.0,77,1.261454559020981,ok,0,10,9,0.0
chb01,chb01_05.edf,2700.0,2704.0,1.0,0.0,78,1.9856992051961986,ok,0,12,11,0.0
chb01,chb01_05.edf,2700.0,2704.0,1.0,0.0,79,0.1609368397508929,ok,0,7,6,0.0
chb01,chb01_05.edf,2700.0,2704.0,1.0,0.0,80,0.8375512923759941,ok,0,11,9,0.0
chb01,chb01_05.edf,2700.0,2704.0,1.0,0.0,81,1.3218647883394035,ok,0,10,8,0.0
chb01,chb01_05.edf,2700.0,2704.0,1.0,0.175,62,0.8207228509784782,ok,0,12,11,0.0
chb01,chb01_05.edf,2700.0,2704.0,1.0,0.175,63,0.19649437297296482,ok,0,8,7,0.0
chb01,chb01_05.edf,2700.0,2704.0,1.0,0.175,64,0.17192047651837583,ok,0,10,9,0.0
chb01,chb01_05.edf,2700.0,2704.0,1.0,0.175,65,0.49292157435773215,ok,0,12,10,0.0
chb01,chb01_05.edf,2700.0,2704.0,1.0,0.175,66,1.3756822323974554,ok,0,13,11,0.0
chb01,chb01_05.edf,2700.0,2704.0,1.0,0.175,67,1.0067830609804835,ok,0,9,8,0.0
chb01,chb01_05.edf,2700.0,2704.0,1.0,0.175,68,1.5190678532722897,ok,0,13,11,0.0
chb01,chb01_05.edf,2700.0,2704.0,1.0,0.175,69,1.0610836315798138,ok,0,8,5,0.0
chb01,chb01_05.edf,2700.0,2704.0,1.0,0.175,70,0.981919803246944,ok,0,12,11,0.0
chb01,chb01_05.edf,2700.0,2704.0,1.0,0.175,71,1.7937447317653397,ok,0,10,8,0.0
chb01,chb01_05.edf,2700.0,2704.0,1.0,0.175,72,0.18642507739616473,ok,0,6,5,0.0
chb01,chb01_05.edf,2700.0,2704.0,1.0,0.175,73,0.5987516059102022,ok,0,9,8,0.0
chb01,chb01_05.edf,2700.0,2704.0,1.0,0.175,74,0.6459406006850896,ok,0,11,10,0.0
chb01,chb01_05.edf,2700.0,2704.0,1.0,0.175,75,1.590513747280279,ok,0,9,7,0.0
chb01,chb01_05.edf,2700.0,2704.0,1.0,0.175,76,0.22553402254439306,ok,0,12,11,0.0
chb01,chb01_05.edf,2700.0,2704.0,1.0,0.175,77,1.261454559020981,ok,0,10,9,0.0
chb01,chb01_05.edf,2700.0,2704.0,1.0,0.175,78,1.9856992051961986,ok,0,12,11,0.0
chb01,chb01_05.edf,2700.0,2704.0,1.0,0.175,79,0.1609368397508929,ok,0,7,6,0.0
chb01,chb01_05.edf,2700.0,2704.0,1.0,0.175,80,0.8375512923759941,ok,0,11,9,0.0
chb01,chb01_05.edf,2700.0,2704.0,1.0,0.175,81,1.3218647883394035,ok,0,10,8,0.0
chb01,chb01_05.edf,2700.0,2704.0,1.0,0.35,62,0.8207228509784782,ok,0,12,11,0.0
chb01,chb01_05.edf,2700.0,2704.0,1.0,0.35,63,0.19649437297296482,ok,0,8,7,0.0
chb01,chb01_05.edf,2700.0,2704.0,1.0,0.35,64,0.17192047651837583,ok,0,10,9,0.0
chb01,chb01_05.edf,2700.0,2704.0,1.0,0.35,65,0.49292157435773215,ok,0,12,10,0.0
chb01,chb01_05.edf,2700.0,2704.0,1.0,0.35,66,1.3756822323974554,ok,0,13,11,0.0
chb01,chb01_05.edf,2700.0,2704.0,1.0,0.35,67,1.0067830609804835,ok,0,9,8,0.0
chb01,chb01_05.edf,2700.0,2704.0,1.0,0.35,68,1.5190678532722897,ok,0,13,11,0.0
chb01,chb01_05.edf,2700.0,2704.0,1.0,0.35,69,1.0610836315798138,ok,0,8,5,0.0
chb01,chb01_05.edf,2700.0,2704.0,1.0,0.35,70,0.981919803246944,ok,0,12,11,0.0
chb01,chb01_05.edf,2700.0,2704.0,1.0,0.35,71,1.7937447317653397,ok,0,10,8,0.0
chb01,chb01_05.edf,2700.0,2704.0,1.0,0.35,72,0.18642507739616473,ok,0,6,5,0.0
chb01,chb01_05.edf,2700.0,2704.0,1.0,0.35,73,0.5987516059102022,ok,0,9,8,0.0
chb01,chb01_05.edf,2700.0,2704.0,1.0,0.35,74,0.6365246120320563,ok,0,11,10,0.0
chb01,chb01_05.edf,2700.0,2704.0,1.0,0.35,75,1.5258379976230463,ok,0,8,7,0.0
chb01,chb01_05.edf,2700.0,2704.0,1.0,0.35,76,0.22553402254439306,ok,0,12,11,0.0
chb01,chb01_05.edf,2700.0,2704.0,1.0,0.35,77,1.261454559020981,ok,0,10,9,0.0
chb01,chb01_05.edf,2700.0,2704.0,1.0,0.35,78,1.9856992051961986,ok,0,12,11,0.0
chb01,chb01_05.edf,2700.0,2704.0,1.0,0.35,79,0.1609368397508929,ok,0,7,6,0.0
chb01,chb01_05.edf,2700.0,2704.0,1.0,0.35,80,0.8375512923759941,ok,0,11,9,0.0
chb01,chb01_05.edf,2700.0,2704.0,1.0,0.35,81,1.3218647883394035,ok,0,10,8,0.0
chb01,chb01_05.edf,2700.0,2704.0,1.0,0.7,62,0.8207228509784782,ok,0,12,11,0.0
chb01,chb01_05.edf,2700.0,2704.0,1.0,0.7,63,0.14813379222587553,ok,0,7,6,0.0
chb01,chb01_05.edf,2700.0,2704.0,1.0,0.7,64,0.20297627433358809,ok,0,10,8,0.0
chb01,chb01_05.edf,2700.0,2704.0,1.0,0.7,65,0.4485265777319207,ok,0,11,10,0.0
chb01,chb01_05.edf,2700.0,2704.0,1.0,0.7,66,1.3756822323974554,ok,0,13,11,0.0
chb01,chb01_05.edf,2700.0,2704.0,1.0,0.7,67,1.0067830609804835,ok,0,9,8,0.0
chb01,chb01_05.edf,2700.0,2704.0,1.0,0.7,68,1.599517821523054,ok,0,12,10,0.0
chb01,chb01_05.edf,2700.0,2704.0,1.0,0.7,69,1.0610836315798138,ok,0,8,5,0.0
chb01,chb01_05.edf,2700.0,2704.0,1.0,0.7,70,1.0713161689866328,ok,0,12,9,0.0
chb01,chb01_05.edf,2700.0,2704.0,1.0,0.7,71,1.7937447317653397,ok,0,10,8,0.0
chb01,chb01_05.edf,2700.0,2704.0,1.0,0.7,72,0.18642507739616473,ok,0,6,5,0.0
chb01,chb01_05.edf,2700.0,2704.0,1.0,0.7,73,0.6784910232177767,ok,0,10,8,0.0
chb01,chb01_05.edf,2700.0,2704.0,1.0,0.7,74,0.6884798529287588,ok,0,12,11,0.0
chb01,chb01_05.edf,2700.0,2704.0,1.0,0.7,75,1.5863718623288257,ok,0,7,6,0.0
chb01,chb01_05.edf,2700.0,2704.0,1.0,0.7,76,0.21889333148269832,ok,0,13,12,0.0
chb01,chb01_05.edf,2700.0,2704.0,1.0,0.7,77,1.3119414918501053,ok,0,10,9,0.0
chb01,chb01_05.edf,2700.0,2704.0,1.0,0.7,78,1.9866776844579666,ok,0,12,11,0.0
chb01,chb01_05.edf,2700.0,2704.0,1.0,0.7,79,0.1609368397508929,ok,0,7,6,0.0
chb01,chb01_05.edf,2700.0,2704.0,1.0,0.7,80,0.8375512923759941,ok,0,11,9,0.0
chb01,chb01_05.edf,2700.0,2704.0,1.0,0.7,81,1.3951320693161031,ok,0,9,8,0.0
chb01,chb01_10.edf,904.0,908.0,0.25,0.0,62,0.6171842911523988,ok,0,10,9,0.0
chb01,chb01_10.edf,904.0,908.0,0.25,0.0,63,2.043747370146671,ok,0,9,8,0.0
chb01,chb01_10.edf,904.0,908.0,0.25,0.0,64,0.8756532617719204,ok,0,9,8,0.0
chb01,chb01_10.edf,904.0,908.0,0.25,0.0,65,0.9667718123938864,ok,0,11,10,0.0
chb01,chb01_10.edf,904.0,908.0,0.25,0.0,66,0.3631787913269073,ok,0,11,9,0.0
chb01,chb01_10.edf,904.0,908.0,0.25,0.0,67,0.8092054221906116,ok,0,11,9,0.0
chb01,chb01_10.edf,904.0,908.0,0.25,0.0,68,0.9681035064574081,ok,0,9,8,0.0
chb01,chb01_10.edf,904.0,908.0,0.25,0.0,69,1.241548694349417,ok,0,10,8,0.0
chb01,chb01_10.edf,904.0,908.0,0.25,0.0,70,0.2793983295119334,ok,0,9,8,0.0
chb01,chb01_10.edf,904.0,908.0,0.25,0.0,71,1.5904417843670142,ok,0,12,11,0.0
chb01,chb01_10.edf,904.0,908.0,0.25,0.0,72,0.9990557900479503,ok,0,11,9,0.0
chb01,chb01_10.edf,904.0,908.0,0.25,0.0,73,0.4814093715175572,ok,0,8,7,0.0
chb01,chb01_10.edf,904.0,908.0,0.25,0.0,74,0.6162790697674418,ok,0,11,8,0.0
chb01,chb01_10.edf,904.0,908.0,0.25,0.0,75,0.35394981220923855,ok,0,12,11,0.0
chb01,chb01_10.edf,904.0,908.0,0.25,0.0,76,0.3909772130214703,ok,0,12,11,0.0
chb01,chb01_10.edf,904.0,908.0,0.25,0.0,77,0.9447730595988872,ok,0,6,4,0.0
chb01,chb01_10.edf,904.0,908.0,0.25,0.0,78,1.3483863463099397,ok,0,11,10,0.0
chb01,chb01_10.edf,904.0,908.0,0.25,0.0,79,0.1609368397508929,ok,0,7,6,0.0
chb01,chb01_10.edf,904.0,908.0,0.25,0.0,80,0.1797136108456547,ok,0,12,10,0.0
chb01,chb01_10.edf,904.0,908.0,0.25,0.0,81,1.4033891062507988,ok,0,10,7,0.0
chb01,chb01_10.edf,904.0,908.0,0.25,0.175,62,0.5316395879520538,ok,0,11,10,0.0
chb01,chb01_10.edf,904.0,908.0,0.25,0.175,63,0.2079292560004817,ok,0,8,7,0.0
chb01,chb01_10.edf,904.0,908.0,0.25,0.175,64,0.8756532617719204,ok,0,9,8,0.0
chb01,chb01_10.edf,904.0,908.0,0.25,0.175,65,0.9667718123938864,ok,0,11,10,0.0
chb01,chb01_10.edf,904.0,908.0,0.25,0.175,66,0.3428004452807938,ok,0,11,9,0.0
chb01,chb01_10.edf,904.0,908.0,0.25,0.175,67,0.8526056123288432,ok,0,10,8,0.0
chb01,chb01_10.edf,904.0,908.0,0.25,0.175,68,0.9548224725295615,ok,0,9,8,0.0
chb01,chb01_10.edf,904.0,908.0,0.25,0.175,69,1.241548694349417,ok,0,10,8,0.0
chb01,chb01_10.edf,904.0,908.0,0.25,0.175,70,0.2793983295119334,ok,0,9,8,0.0
chb01,chb01_10.edf,904.0,908.0,0.25,0.175,71,1.5904417843670142,ok,0,12,11,0.0
chb01,chb01_10.edf,904.0,908.0,0.25,0.175,72,1.019417105017516,ok,0,10,8,0.0
chb01,chb01_10.edf,904.0,908.0,0.25,0.175,73,0.4717656636231469,ok,0,8,7,0.0
chb01,chb01_10.edf,904.0,908.0,0.25,0.175,74,0.5902594625238738,ok,0,10,7,0.0
chb01,chb01_10.edf,904.0,908.0,0.25,0.175,75,0.61100352877444,ok,0,11,10,0.0
chb01,chb01_10.edf,904.0,908.0,0.25,0.175,76,0.8616713197367994,ok,0,10,9,0.0
chb01,chb01_10.edf,904.0,908.0,0.25,0.175,77,0.9447730595988872,ok,0,6,4,0.0
chb01,chb01_10.edf,904.0,908.0,0.25,0.175,78,1.3407604740280588,ok,0,11,10,0.0
chb01,chb01_10.edf,904.0,908.0,0.25,0.175,79,0.1609368397508929,ok,0,7,6,0.0
chb01,chb01_10.edf,904.0,908.0,0.25,0.175,80,0.20805602846257226,ok,0,12,9,0.0
chb01,chb01_10.edf,904.0,908.0,0.25,0.175,81,1.3951320693161031,ok,0,9,8,0.0
chb01,chb01_10.edf,904.0,908.0,0.25,0.35,62,0.579200610240664,ok,0,10,9,0.0
chb01,chb01_10.edf,904.0,908.0,0.25,0.35,63,0.13886126513194602,ok,0,8,6,0.0
chb01,chb01_10.edf,904.0,908.0,0.25,0.35,64,0.9166431757425023,ok,0,10,9,0.0
chb01,chb01_10.edf,904.0,908.0,0.25,0.35,65,0.8262541584674905,ok,0,10,9,0.0
chb01,chb01_10.edf,904.0,908.0,0.25,0.35,66,0.3428004452807938,ok,0,11,9,0.0
chb01,chb01_10.edf,904.0,908.0,0.25,0.35,67,0.5320298282840383,ok,0,11,10,0.0
chb01,chb01_10.edf,904.0,908.0,0.25,0.35,68,1.0502650788202241,ok,0,8,7,0.0
chb01,chb01_10.edf,904.0,908.0,0.25,0.35,69,1.241548694349417,ok,0,10,8,0.0
chb01,chb01_10.edf,904.0,908.0,0.25,0.35,70,0.2793983295119334,ok,0,9,8,0.0
chb01,chb01_10.edf,904.0,908.0,0.25,0.35,71,1.2948010830965513,ok,0,13,12,0.0
chb01,chb01_10.edf,904.0,908.0,0.25,0.35,72,1.0195397665391135,ok,0,10,8,0.0
chb01,chb01_10.edf,904.0,908.0,0.25,0.35,73,0.4390084470685705,ok,0,8,7,0.0
chb01,chb01_10.edf,904.0,908.0,0.25,0.35,74,0.5902594625238738,ok,0,10,7,0.0
chb01,chb01_10.edf,904.0,908.0,0.25,0.35,75,0.6760376741140892,ok,0,11,10,0.0
chb01,chb01_10.edf,904.0,908.0,0.25,0.35,76,0.9856114832400463,ok,0,9,7,0.0
chb01,chb01_10.edf,904.0,908.0,0.25,0.35,77,0.9448272784811769,ok,0,6,4,0.0
chb01,chb01_10.edf,904.0,908.0,0.25,0.35,78,1.339282372884744,ok,0,11,10,0.0
chb01,chb01_10.edf,904.0,908.0,0.25,0.35,79,0.1609368397508929,ok,0,7,6,0.0
chb01,chb01_10.edf,904.0,908.0,0.25,0.35,80,0.20138155687953646,ok,0,12,9,0.0
chb01,chb01_10.edf,904.0,908.0,0.25,0.35,81,1.3620700935944885,ok,0,8,7,0.0
chb01,chb01_10.edf,904.0,908.0,0.25,0.7,62,0.6233818831273551,ok,0,12,10,0.0
chb01,chb01_10.edf,904.0,908.0,0.25,0.7,63,1.6326292596518295,ok,0,9,7,0.0
chb01,chb01_10.edf,904.0,908.0,0.25,0.7,64,0.9166431757425023,ok,0,10,9,0.0
chb01,chb01_10.edf,904.0,908.0,0.25,0.7,65,1.0359040169506037,ok,0,11,10,0.0
chb01,chb01_10.edf,904.0,908.0,0.25,0.7,66,0.6384098921873408,ok,0,10,8,0.0
chb01,chb01_10.edf,904.0,908.0,0.25,0.7,67,0.7884544643805429,ok,0,11,9,0.0
chb01,chb01_10.edf,904.0,908.0,0.25,0.7,68,1.0791290314980742,ok,0,9,8,0.0
chb01,chb01_10.edf,904.0,908.0,0.25,0.7,69,1.1762283657959838,ok,0,9,7,0.0
chb01,chb01_10.edf,904.0,908.0,0.25,0.7,70,0.7066642760518603,ok,0,8,7,0.0
chb01,chb01_10.edf,904.0,908.0,0.25,0.7,71,1.4225695039510868,ok,0,12,9,0.0
chb01,chb01_10.edf,904.0,908.0,0.25,0.7,72,1.178937049649566,ok,0,8,7,0.0
chb01,chb01_10.edf,904.0,908.0,0.25,0.7,73,0.4581228472908512,ok,0,7,6,0.0
chb01,chb01_10.edf,904.0,908.0,0.25,0.7,74,0.6951731294397402,ok,0,8,6,0.0
chb01,chb01_10.edf,904.0,908.0,0.25,0.7,75,0.6057690865110352,ok,0,13,11,0.0
chb01,chb01_10.edf,904.0,908.0,0.25,0.7,76,0.2292022304346556,ok,0,8,7,0.0
chb01,chb01_10.edf,904.0,908.0,0.25,0.7,77,0.8585798431358242,ok,0,7,5,0.0
chb01,chb01_10.edf,904.0,908.0,0.25,0.7,78,1.2632683165703935,ok,0,11,9,0.0
chb01,chb01_10.edf,904.0,908.0,0.25,0.7,79,0.2272301539919122,ok,0,7,5,0.0
chb01,chb01_10.edf,904.0,908.0,0.25,0.7,80,0.20596300759388111,ok,0,13,11,0.0
chb01,chb01_10.edf,904.0,908.0,0.25,0.7,81,1.3245833700912915,ok,0,9,8,0.0
chb01,chb01_10.edf,904.0,908.0,0.5,0.0,62,0.5712931377579745,ok,0,12,11,0.0
chb01,chb01_10.edf,904.0,908.0,0.5,0.0,63,0.16726057798219393,ok,0,8,7,0.0
chb01,chb01_10.edf,904.0,908.0,0.5,0.0,64,0.19637001542360058,ok,0,9,8,0.0
chb01,chb01_10.edf,904.0,908.0,0.5,0.0,65,0.546024803519956,ok,0,10,8,0.0
chb01,chb01_10.edf,904.0,908.0,0.5,0.0,66,0.3428004452807938,ok,0,11,9,0.0
chb01,chb01_10.edf,904.0,908.0,0.5,0.0,67,0.9454773281444654,ok,0,7,6,0.0
chb01,chb01_10.edf,904.0,908.0,0.5,0.0,68,1.2291207868644798,ok,0,12,11,0.0
chb01,chb01_10.edf,904.0,908.0,0.5,0.0,69,1.1682562182790923,ok,0,9,7,0.0
chb01,chb01_10.edf,904.0,908.0,0.5,0.0,70,0.5111811702061327,ok,0,14,13,0.0
chb01,chb01_10.edf,904.0,908.0,0.5,0.0,71,1.8179982256514546,ok,0,11,9,0.0
chb01,chb01_10.edf,904.0,908.0,0.5,0.0,72,0.18642507739616473,ok,0,6,5,0.0
chb01,chb01_10.edf,904.0,908.0,0.5,0.0,73,0.6286253346157429,ok,0,10,9,0.0
chb01,chb01_10.edf,904.0,908.0,0.5,0.0,74,0.6476197533905482,ok,0,9,7,0.0
chb01,chb01_10.edf,904.0,908.0,0.5,0.0,75,0.9626906857352386,ok,0,12,10,0.0
chb01,chb01_10.edf,904.0,908.0,0.5,0.0,76,0.48840569686484475,ok,0,10,9,0.0
chb01,chb01_10.edf,904.0,908.0,0.5,0.0,77,1.4397992123948258,ok,0,10,9,0.0
chb01,chb01_10.edf,904.0,908.0,0.5,0.0,78,0.8783739115481473,ok,0,10,9,0.0
chb01,chb01_10.edf,904.0,908.0,0.5,0.0,79,0.6660998123404629,ok,0,8,7,0.0
chb01,chb01_10.edf,904.0,908.0,0.5,0.0,80,0.48943288169382493,ok,0,10,8,0.0
chb01,chb01_10.edf,904.0,908.0,0.5,0.0,81,1.3487816138931745,ok,0,10,9,0.0
chb01,chb01_10.edf,904.0,908.0,0.5,0.175,62,0.5294834872571414,ok,0,12,10,0.0
chb01,chb01_10.edf,904.0,908.0,0.5,0.175,63,0.17253466291491212,ok,0,8,7,0.0
chb01,chb01_10.edf,904.0,908.0,0.5,0.175,64,0.19637001542360058,ok,0,9,8,0.0
chb01,chb01_10.edf,904.0,908.0,0.5,0.175,65,0.546024803519956,ok,0,10,8,0.0
chb01,chb01_10.edf,904.0,908.0,0.5,0.175,66,0.3428004452807938,ok,0,11,9,0.0
chb01,chb01_10.edf,904.0,908.0,0.5,0.175,67,0.9454773281444654,ok,0,7,6,0.0
chb01,chb01_10.edf,904.0,908.0,0.5,0.175,68,1.3869827491048006,ok,0,10,9,0.0
chb01,chb01_10.edf,904.0,908.0,0.5,0.175,69,1.1682562182790923,ok,0,9,7,0.0
chb01,chb01_10.edf,904.0,908.0,0.5,0.175,70,0.509154547108042,ok,0,14,13,0.0
chb01,chb01_10.edf,904.0,908.0,0.5,0.175,71,1.8179982256514546,ok,0,11,9,0.0
chb01,chb01_10.edf,904.0,908.0,0.5,0.175,72,0.1586900018443984,ok,0,6,5,0.0
chb01,chb01_10.edf,904.0,908.0,0.5,0.175,73,0.5821637497658831,ok,0,9,8,0.0
chb01,chb01_10.edf,904.0,908.0,0.5,0.175,74,0.6476197533905482,ok,0,9,7,0.0
chb01,chb01_10.edf,904.0,908.0,0.5,0.175,75,0.933210050881639,ok,0,11,10,0.0
chb01,chb01_10.edf,904.0,908.0,0.5,0.175,76,0.48840569686484475,ok,0,10,9,0.0
chb01,chb01_10.edf,904.0,908.0,0.5,0.175,77,0.14113296980235743,ok,0,9,8,0.0
chb01,chb01_10.edf,904.0,908.0,0.5,0.175,78,0.8764622074007292,ok,0,10,9,0.0
chb01,chb01_10.edf,904.0,908.0,0.5,0.175,79,0.6660998123404629,ok,0,8,7,0.0
chb01,chb01_10.edf,904.0,908.0,0.5,0.175,80,0.7001723173641382,ok,0,11,9,0.0
chb01,chb01_10.edf,904.0,908.0,0.5,0.175,81,1.3487816138931745,ok,0,10,9,0.0
chb01,chb01_10.edf,904.0,908.0,0.5,0.35,62,0.5676840744609658,ok,0,11,9,0.0
chb01,chb01_10.edf,904.0,908.0,0.5,0.35,63,0.17253466291491212,ok,0,8,7,0.0
chb01,chb01_10.edf,904.0,908.0,0.5,0.35,64,0.19637001542360058,ok,0,9,8,0.0
chb01,chb01_10.edf,904.0,908.0,0.5,0.35,65,0.546024803519956,ok,0,10,8,0.0
chb01,chb01_10.edf,904.0,908.0,0.5,0.35,66,0.47873267628337846,ok,0,11,8,0.0
chb01,chb01_10.edf,904.0,908.0,0.5,0.35,67,0.8815079126414257,ok,0,6,5,0.0
chb01,chb01_10.edf,904.0,908.0,0.5,0.35,68,1.3869827491048006,ok,0,10,9,0.0
chb01,chb01_10.edf,904.0,908.0,0.5,0.35,69,1.1682562182790923,ok,0,9,7,0.0
chb01,chb01_10.edf,904.0,908.0,0.5,0.35,70,0.4986726691485846,ok,0,14,13,0.0
chb01,chb01_10.edf,904.0,908.0,0.5,0.35,71,1.4660049124310006,ok,0,11,10,0.0
chb01,chb01_10.edf,904.0,908.0,0.5,0.35,72,1.178937049649566,ok,0,8,7,0.0
chb01,chb01_10.edf,904.0,908.0,0.5,0.35,73,0.6542791206169805,ok,0,10,9,0.0
chb01,chb01_10.edf,904.0,908.0,0.5,0.35,74,0.6476197533905482,ok,0,9,7,0.0
chb01,chb01_10.edf,904.0,908.0,0.5,0.35,75,0.933210050881639,ok,0,11,10,0.0
chb01,chb01_10.edf,904.0,908.0,0.5,0.35,76,0.49210873425856594,ok,0,10,9,0.0
chb01,chb01_10.edf,904.0,908.0,0.5,0.35,77,0.14113296980235743,ok,0,9,8,0.0
chb01,chb01_10.edf,904.0,908.0,0.5,0.35,78,0.8764622074007292,ok,0,10,9,0.0
chb01,chb01_10.edf,904.0,908.0,0.5,0.35,79,0.754250604692566,ok,0,9,6,0.0
chb01,chb01_10.edf,904.0,908.0,0.5,0.35,80,0.6182995827429649,ok,0,10,8,0.0
chb01,chb01_10.edf,904.0,908.0,0.5,0.35,81,1.3424085005302422,ok,0,10,9,0.0
chb01,chb01_10.edf,904.0,908.0,0.5,0.7,62,0.5676840744609658,ok,0,11,9,0.0
chb01,chb01_10.edf,904.0,908.0,0.5,0.7,63,0.2156184166272027,ok,0,9,8,0.0
chb01,chb01_10.edf,904.0,908.0,0.5,0.7,64,0.1886549942911231,ok,0,8,7,0.0
chb01,chb01_10.edf,904.0,908.0,0.5,0.7,65,0.5734846529631926,ok,0,10,9,0.0
chb01,chb01_10.edf,904.0,908.0,0.5,0.7,66,0.480895301599594,ok,0,12,9,0.0
chb01,chb01_10.edf,904.0,908.0,0.5,0.7,67,0.815602287259889,ok,0,6,5,0.0
chb01,chb01_10.edf,904.0,908.0,0.5,0.7,68,1.4189611815970886,ok,0,9,8,0.0
chb01,chb01_10.edf,904.0,908.0,0.5,0.7,69,1.062607072954729,ok,0,9,6,0.0
chb01,chb01_10.edf,904.0,908.0,0.5,0.7,70,0.4986726691485846,ok,0,14,13,0.0
chb01,chb01_10.edf,904.0,908.0,0.5,0.7,71,1.4225695039510868,ok,0,12,9,0.0
chb01,chb01_10.edf,904.0,908.0,0.5,0.7,72,1.179801081002949,ok,0,8,7,0.0
chb01,chb01_10.edf,904.0,908.0,0.5,0.7,73,0.6028129149797291,ok,0,11,10,0.0
chb01,chb01_10.edf,904.0,908.0,0.5,0.7,74,0.6476197533905482,ok,0,9,7,0.0
chb01,chb01_10.edf,904.0,908.0,0.5,0.7,75,0.668527290498715,ok,0,11,10,0.0
chb01,chb01_10.edf,904.0,908.0,0.5,0.7,76,0.4939912923603568,ok,0,10,9,0.0
chb01,chb01_10.edf,904.0,908.0,0.5,0.7,77,0.34645727689622424,ok,0,10,8,0.0
chb01,chb01_10.edf,904.0,908.0,0.5,0.7,78,0.9768011104228672,ok,0,10,9,0.0
chb01,chb01_10.edf,904.0,908.0,0.5,0.7,79,0.754250604692566,ok,0,9,6,0.0
chb01,chb01_10.edf,904.0,908.0,0.5,0.7,80,0.6292173785513916,ok,0,9,8,0.0
chb01,chb01_10.edf,904.0,908.0,0.5,0.7,81,1.3218647883394035,ok,0,10,8,0.0
chb01,chb01_10.edf,904.0,908.0,1.0,0.0,62,0.7743914046997703,ok,0,11,10,0.0
chb01,chb01_10.edf,904.0,908.0,1.0,0.0,63,0.21488489744161204,ok,0,8,7,0.0
chb01,chb01_10.edf,904.0,908.0,1.0,0.0,64,0.17192047651837583,ok,0,10,9,0.0
chb01,chb01_10.edf,904.0,908.0,1.0,0.0,65,0.48620003231413916,ok,0,12,9,0.0
chb01,chb01_10.edf,904.0,908.0,1.0,0.0,66,1.3756822323974554,ok,0,13,11,0.0
chb01,chb01_10.edf,904.0,908.0,1.0,0.0,67,1.0067830609804835,ok,0,9,8,0.0
chb01,chb01_10.edf,904.0,908.0,1.0,0.0,68,1.5176810316646947,ok,0,13,11,0.0
chb01,chb01_10.edf,904.0,908.0,1.0,0.0,69,1.0610836315798138,ok,0,8,5,0.0
chb01,chb01_10.edf,904.0,908.0,1.0,0.0,70,0.981919803246944,ok,0,12,11,0.0
chb01,chb01_10.edf,904.0,908.0,1.0,0.0,71,1.7937447317653397,ok,0,10,8,0.0
chb01,chb01_10.edf,904.0,908.0,1.0,0.0,72,0.18642507739616473,ok,0,6,5,0.0
chb01,chb01_10.edf,904.0,908.0,1.0,0.0,73,0.5987516059102022,ok,0,9,8,0.0
chb01,chb01_10.edf,904.0,908.0,1.0,0.0,74,0.6443582292066723,ok,0,11,10,0.0
chb01,chb01_10.edf,904.0,908.0,1.0,0.0,75,1.65888681246551,ok,0,10,7,0.0
chb01,chb01_10.edf,904.0,908.0,1.0,0.0,76,0.22553402254439306,ok,0,12,11,0.0
chb01,chb01_10.edf,904.0,908.0,1.0,0.0,77,1.261454559020981,ok,0,10,9,0.0
chb01,chb01_10.edf,904.0,908.0,1.0,0.0,78,1.9856992051961986,ok,0,12,11,0.0
chb01,chb01_10.edf,904.0,908.0,1.0,0.0,79,0.1609368397508929,ok,0,7,6,0.0
chb01,chb01_10.edf,904.0,908.0,1.0,0.0,80,0.8375512923759941,ok,0,11,9,0.0
chb01,chb01_10.edf,904.0,908.0,1.0,0.0,81,1.3218647883394035,ok,0,10,8,0.0
chb01,chb01_10.edf,904.0,908.0,1.0,0.175,62,0.7796306885747217,ok,0,12,10,0.0
chb01,chb01_10.edf,904.0,908.0,1.0,0.175,63,0.2173990092096237,ok,0,9,8,0.0
chb01,chb01_10.edf,904.0,908.0,1.0,0.175,64,0.17192047651837583,ok,0,10,9,0.0
chb01,chb01_10.edf,904.0,908.0,1.0,0.175,65,0.49292157435773215,ok,0,12,10,0.0
chb01,chb01_10.edf,904.0,908.0,1.0,0.175,66,1.5167540848237777,ok,0,12,10,0.0
chb01,chb01_10.edf,904.0,908.0,1.0,0.175,67,1.0162300239210387,ok,0,9,8,0.0
chb01,chb01_10.edf,904.0,908.0,1.0,0.175,68,1.4166560579148733,ok,0,12,10,0.0
chb01,chb01_10.edf,904.0,908.0,1.0,0.175,69,1.062607072954729,ok,0,9,6,0.0
chb01,chb01_10.edf,904.0,908.0,1.0,0.175,70,0.981919803246944,ok,0,12,11,0.0
chb01,chb01_10.edf,904.0,908.0,1.0,0.175,71,1.7937447317653397,ok,0,10,8,0.0
chb01,chb01_10.edf,904.0,908.0,1.0,0.175,72,0.18642507739616473,ok,0,6,5,0.0
chb01,chb01_10.edf,904.0,908.0,1.0,0.175,73,0.5987516059102022,ok,0,9,8,0.0
chb01,chb01_10.edf,904.0,908.0,1.0,0.175,74,0.6443582292066723,ok,0,11,10,0.0
chb01,chb01_10.edf,904.0,908.0,1.0,0.175,75,1.6701884111809937,ok,0,9,6,0.0
chb01,chb01_10.edf,904.0,908.0,1.0,0.175,76,0.22553402254439306,ok,0,12,11,0.0
chb01,chb01_10.edf,904.0,908.0,1.0,0.175,77,1.261454559020981,ok,0,10,9,0.0
chb01,chb01_10.edf,904.0,908.0,1.0,0.175,78,1.9856992051961986,ok,0,12,11,0.0
chb01,chb01_10.edf,904.0,908.0,1.0,0.175,79,0.1609368397508929,ok,0,7,6,0.0
chb01,chb01_10.edf,904.0,908.0,1.0,0.175,80,0.847592558041268,ok,0,12,10,0.0
chb01,chb01_10.edf,904.0,908.0,1.0,0.175,81,1.3218647883394035,ok,0,10,8,0.0
chb01,chb01_10.edf,904.0,908.0,1.0,0.35,62,0.7695627295392693,ok,0,11,9,0.0
chb01,chb01_10.edf,904.0,908.0,1.0,0.35,63,0.2156184166272027,ok,0,9,8,0.0
chb01,chb01_10.edf,904.0,908.0,1.0,0.35,64,0.18153227362254462,ok,0,10,9,0.0
chb01,chb01_10.edf,904.0,908.0,1.0,0.35,65,0.49292157435773215,ok,0,12,10,0.0
chb01,chb01_10.edf,904.0,908.0,1.0,0.35,66,1.5877419055789626,ok,0,12,10,0.0
chb01,chb01_10.edf,904.0,908.0,1.0,0.35,67,1.0642984661700254,ok,0,10,9,0.0
chb01,chb01_10.edf,904.0,908.0,1.0,0.35,68,1.4166560579148733,ok,0,12,10,0.0
chb01,chb01_10.edf,904.0,908.0,1.0,0.35,69,1.062607072954729,ok,0,9,6,0.0
chb01,chb01_10.edf,904.0,908.0,1.0,0.35,70,0.981919803246944,ok,0,12,11,0.0
chb01,chb01_10.edf,904.0,908.0,1.0,0.35,71,1.3524487569916324,ok,0,12,8,0.0
chb01,chb01_10.edf,904.0,908.0,1.0,0.35,72,0.24098688218879177,ok,0,6,5,0.0
chb01,chb01_10.edf,904.0,908.0,1.0,0.35,73,0.6607166923201049,ok,0,10,9,0.0
chb01,chb01_10.edf,904.0,908.0,1.0,0.35,74,0.5637608364500631,ok,0,12,10,0.0
chb01,chb01_10.edf,904.0,908.0,1.0,0.35,75,1.1549675585688501,ok,0,10,7,0.0
chb01,chb01_10.edf,904.0,908.0,1.0,0.35,76,0.22553402254439306,ok,0,12,11,0.0
chb01,chb01_10.edf,904.0,908.0,1.0,0.35,77,1.261454559020981,ok,0,10,9,0.0
chb01,chb01_10.edf,904.0,908.0,1.0,0.35,78,1.9856992051961986,ok,0,12,11,0.0
chb01,chb01_10.edf,904.0,908.0,1.0,0.35,79,0.1609368397508929,ok,0,7,6,0.0
chb01,chb01_10.edf,904.0,908.0,1.0,0.35,80,0.5899813487489342,ok,0,12,10,0.0
chb01,chb01_10.edf,904.0,908.0,1.0,0.35,81,1.215686175817603,ok,0,9,7,0.0
chb01,chb01_10.edf,904.0,908.0,1.0,0.7,62,1.0548528452939838,ok,0,8,6,0.0
chb01,chb01_10.edf,904.0,908.0,1.0,0.7,63,0.2156184166272027,ok,0,9,8,0.0
chb01,chb01_10.edf,904.0,908.0,1.0,0.7,64,0.18153227362254462,ok,0,10,9,0.0
chb01,chb01_10.edf,904.0,908.0,1.0,0.7,65,0.4495805831064902,ok,0,11,10,0.0
chb01,chb01_10.edf,904.0,908.0,1.0,0.7,66,1.59763565716119,ok,0,12,10,0.0
chb01,chb01_10.edf,904.0,908.0,1.0,0.7,67,1.0153829504677612,ok,0,9,8,0.0
chb01,chb01_10.edf,904.0,908.0,1.0,0.7,68,1.4180491703594114,ok,0,12,10,0.0
chb01,chb01_10.edf,904.0,908.0,1.0,0.7,69,1.0395113507931704,ok,0,8,6,0.0
chb01,chb01_10.edf,904.0,908.0,1.0,0.7,70,0.7375412895079518,ok,0,12,11,0.0
chb01,chb01_10.edf,904.0,908.0,1.0,0.7,71,1.3524487569916324,ok,0,12,8,0.0
chb01,chb01_10.edf,904.0,908.0,1.0,0.7,72,1.125072839084546,ok,0,7,6,0.0
chb01,chb01_10.edf,904.0,908.0,1.0,0.7,73,0.6625185998785191,ok,0,10,9,0.0
chb01,chb01_10.edf,904.0,908.0,1.0,0.7,74,0.5637608364500631,ok,0,12,10,0.0
chb01,chb01_10.edf,904.0,908.0,1.0,0.7,75,0.6196227266814883,ok,0,9,7,0.0
chb01,chb01_10.edf,904.0,908.0,1.0,0.7,76,0.25631243374609164,ok,0,12,11,0.0
chb01,chb01_10.edf,904.0,908.0,1.0,0.7,77,1.1934869039197038,ok,0,9,8,0.0
chb01,chb01_10.edf,904.0,908.0,1.0,0.7,78,1.939988072316793,ok,0,11,10,0.0
chb01,chb01_10.edf,904.0,908.0,1.0,0.7,79,0.1609368397508929,ok,0,7,6,0.0
chb01,chb01_10.edf,904.0,908.0,1.0,0.7,80,0.5418592020321169,ok,0,11,9,0.0
chb01,chb01_10.edf,904.0,908.0,1.0,0.7,81,1.215686175817603,ok,0,9,7,0.0
chb01,chb01_10.edf,2700.0,2704.0,0.25,0.0,62,0.6171842911523988,ok,0,10,9,0.0
chb01,chb01_10.edf,2700.0,2704.0,0.25,0.0,63,2.043747370146671,ok,0,9,8,0.0
chb01,chb01_10.edf,2700.0,2704.0,0.25,0.0,64,0.8756532617719204,ok,0,9,8,0.0
chb01,chb01_10.edf,2700.0,2704.0,0.25,0.0,65,0.9667718123938864,ok,0,11,10,0.0
chb01,chb01_10.edf,2700.0,2704.0,0.25,0.0,66,0.3631787913269073,ok,0,11,9,0.0
chb01,chb01_10.edf,2700.0,2704.0,0.25,0.0,67,0.8092054221906116,ok,0,11,9,0.0
chb01,chb01_10.edf,2700.0,2704.0,0.25,0.0,68,0.9681035064574081,ok,0,9,8,0.0
chb01,chb01_10.edf,2700.0,2704.0,0.25,0.0,69,1.241548694349417,ok,0,10,8,0.0
chb01,chb01_10.edf,2700.0,2704.0,0.25,0.0,70,0.2793983295119334,ok,0,9,8,0.0
chb01,chb01_10.edf,2700.0,2704.0,0.25,0.0,71,1.5904417843670142,ok,0,12,11,0.0
chb01,chb01_10.edf,2700.0,2704.0,0.25,0.0,72,0.9990557900479503,ok,0,11,9,0.0
chb01,chb01_10.edf,2700.0,2704.0,0.25,0.0,73,0.4814093715175572,ok,0,8,7,0.0
chb01,chb01_10.edf,2700.0,2704.0,0.25,0.0,74,0.6162790697674418,ok,0,11,8,0.0
chb01,chb01_10.edf,2700.0,2704.0,0.25,0.0,75,0.35394981220923855,ok,0,12,11,0.0
chb01,chb01_10.edf,2700.0,2704.0,0.25,0.0,76,0.3909772130214703,ok,0,12,11,0.0
chb01,chb01_10.edf,2700.0,2704.0,0.25,0.0,77,0.9447730595988872,ok,0,6,4,0.0
chb01,chb01_10.edf,2700.0,2704.0,0.25,0.0,78,1.3483863463099397,ok,0,11,10,0.0
chb01,chb01_10.edf,2700.0,2704.0,0.25,0.0,79,0.1609368397508929,ok,0,7,6,0.0
chb01,chb01_10.edf,2700.0,2704.0,0.25,0.0,80,0.1797136108456547,ok,0,12,10,0.0
chb01,chb01_10.edf,2700.0,2704.0,0.25,0.0,81,1.4033891062507988,ok,0,10,7,0.0
chb01,chb01_10.edf,2700.0,2704.0,0.25,0.175,62,0.9731071514963526,ok,0,11,9,0.0
chb01,chb01_10.edf,2700.0,2704.0,0.25,0.175,63,0.21576571497260855,ok,0,9,8,0.0
chb01,chb01_10.edf,2700.0,2704.0,0.25,0.175,64,0.8756532617719204,ok,0,9,8,0.0
chb01,chb01_10.edf,2700.0,2704.0,0.25,0.175,65,1.4959296639228927,ok,0,11,9,0.0
chb01,chb01_10.edf,2700.0,2704.0,0.25,0.175,66,0.36581014159579417,ok,0,11,9,0.0
chb01,chb01_10.edf,2700.0,2704.0,0.25,0.175,67,0.3632060189526681,ok,0,10,8,0.0
chb01,chb01_10.edf,2700.0,2704.0,0.25,0.175,68,1.0064398271352712,ok,0,10,9,0.0
chb01,chb01_10.edf,2700.0,2704.0,0.25,0.175,69,1.241548694349417,ok,0,10,8,0.0
chb01,chb01_10.edf,2700.0,2704.0,0.25,0.175,70,0.2850088804323723,ok,0,8,7,0.0
chb01,chb01_10.edf,2700.0,2704.0,0.25,0.175,71,1.5904417843670142,ok,0,12,11,0.0
chb01,chb01_10.edf,2700.0,2704.0,0.25,0.175,72,0.9990557900479503,ok,0,11,9,0.0
chb01,chb01_10.edf,2700.0,2704.0,0.25,0.175,73,0.640794353897089,ok,0,8,7,0.0
chb01,chb01_10.edf,2700.0,2704.0,0.25,0.175,74,0.5676782562522674,ok,0,12,9,0.0
chb01,chb01_10.edf,2700.0,2704.0,0.25,0.175,75,0.35394981220923855,ok,0,12,11,0.0
chb01,chb01_10.edf,2700.0,2704.0,0.25,0.175,76,0.6406526482100565,ok,0,11,9,0.0
chb01,chb01_10.edf,2700.0,2704.0,0.25,0.175,77,0.9447730595988872,ok,0,6,4,0.0
chb01,chb01_10.edf,2700.0,2704.0,0.25,0.175,78,1.8281855767388948,ok,0,10,9,0.0
chb01,chb01_10.edf,2700.0,2704.0,0.25,0.175,79,0.1609368397508929,ok,0,7,6,0.0
chb01,chb01_10.edf,2700.0,2704.0,0.25,0.175,80,0.17655063606906146,ok,0,12,10,0.0
chb01,chb01_10.edf,2700.0,2704.0,0.25,0.175,81,1.3706554315567743,ok,0,11,8,0.0
chb01,chb01_10.edf,2700.0,2704.0,0.25,0.35,62,0.25691446233675125,ok,0,10,8,0.0
chb01,chb01_10.edf,2700.0,2704.0,0.25,0.35,63,0.18852951827099879,ok,0,8,7,0.0
chb01,chb01_10.edf,2700.0,2704.0,0.25,0.35,64,0.960386606658378,ok,0,8,7,0.0
chb01,chb01_10.edf,2700.0,2704.0,0.25,0.35,65,1.432593693115539,ok,0,11,9,0.0
chb01,chb01_10.edf,2700.0,2704.0,0.25,0.35,66,0.36581014159579417,ok,0,11,9,0.0
chb01,chb01_10.edf,2700.0,2704.0,0.25,0.35,67,0.3632060189526681,ok,0,10,8,0.0
chb01,chb01_10.edf,2700.0,2704.0,0.25,0.35,68,1.0779664718576774,ok,0,9,8,0.0
chb01,chb01_10.edf,2700.0,2704.0,0.25,0.35,69,1.2971663036180594,ok,0,9,7,0.0
chb01,chb01_10.edf,2700.0,2704.0,0.25,0.35,70,0.2850088804323723,ok,0,8,7,0.0
chb01,chb01_10.edf,2700.0,2704.0,0.25,0.35,71,1.529316310105233,ok,0,12,10,0.0
chb01,chb01_10.edf,2700.0,2704.0,0.25,0.35,72,0.8908936499607198,ok,0,12,10,0.0
chb01,chb01_10.edf,2700.0,2704.0,0.25,0.35,73,0.640794353897089,ok,0,8,7,0.0
chb01,chb01_10.edf,2700.0,2704.0,0.25,0.35,74,0.6459554029830527,ok,0,9,7,0.0
chb01,chb01_10.edf,2700.0,2704.0,0.25,0.35,75,0.35394981220923855,ok,0,12,11,0.0
chb01,chb01_10.edf,2700.0,2704.0,0.25,0.35,76,0.46733386419471346,ok,0,11,10,0.0
chb01,chb01_10.edf,2700.0,2704.0,0.25,0.35,77,0.9447730595988872,ok,0,6,4,0.0
chb01,chb01_10.edf,2700.0,2704.0,0.25,0.35,78,1.852376814480733,ok,0,11,9,0.0
chb01,chb01_10.edf,2700.0,2704.0,0.25,0.35,79,0.1609368397508929,ok,0,7,6,0.0
chb01,chb01_10.edf,2700.0,2704.0,0.25,0.35,80,0.2562060111147274,ok,0,14,12,0.0
chb01,chb01_10.edf,2700.0,2704.0,0.25,0.35,81,1.37073571693729,ok,0,11,8,0.0
chb01,chb01_10.edf,2700.0,2704.0,0.25,0.7,62,0.26031202261280795,ok,0,9,8,0.0
chb01,chb01_10.edf,2700.0,2704.0,0.25,0.7,63,0.1453316351455449,ok,0,8,7,0.0
chb01,chb01_10.edf,2700.0,2704.0,0.25,0.7,64,1.4498547523839662,ok,0,7,6,0.0
chb01,chb01_10.edf,2700.0,2704.0,0.25,0.7,65,1.3135022856371916,ok,0,9,8,0.0
chb01,chb01_10.edf,2700.0,2704.0,0.25,0.7,66,0.36581014159579417,ok,0,11,9,0.0
chb01,chb01_10.edf,2700.0,2704.0,0.25,0.7,67,0.3347767311008561,ok,0,9,8,0.0
chb01,chb01_10.edf,2700.0,2704.0,0.25,0.7,68,1.2674988627049195,ok,0,9,8,0.0
chb01,chb01_10.edf,2700.0,2704.0,0.25,0.7,69,1.1965080160072887,ok,0,7,6,0.0
chb01,chb01_10.edf,2700.0,2704.0,0.25,0.7,70,0.259335269635731,ok,0,7,6,0.0
chb01,chb01_10.edf,2700.0,2704.0,0.25,0.7,71,1.531087425072759,ok,0,12,10,0.0
chb01,chb01_10.edf,2700.0,2704.0,0.25,0.7,72,0.901494444661889,ok,0,9,8,0.0
chb01,chb01_10.edf,2700.0,2704.0,0.25,0.7,73,0.6200193686820603,ok,0,9,8,0.0
chb01,chb01_10.edf,2700.0,2704.0,0.25,0.7,74,0.5223033495533367,ok,0,8,6,0.0
chb01,chb01_10.edf,2700.0,2704.0,0.25,0.7,75,0.5233423328302168,ok,0,13,12,0.0
chb01,chb01_10.edf,2700.0,2704.0,0.25,0.7,76,0.2695556918317894,ok,0,11,10,0.0
chb01,chb01_10.edf,2700.0,2704.0,0.25,0.7,77,0.9448272784811769,ok,0,6,4,0.0
chb01,chb01_10.edf,2700.0,2704.0,0.25,0.7,78,1.718708588892987,ok,0,10,8,0.0
chb01,chb01_10.edf,2700.0,2704.0,0.25,0.7,79,0.3741366595242973,ok,0,9,8,0.0
chb01,chb01_10.edf,2700.0,2704.0,0.25,0.7,80,0.6401177955486069,ok,0,11,9,0.0
chb01,chb01_10.edf,2700.0,2704.0,0.25,0.7,81,1.2227927600713355,ok,0,11,9,0.0
chb01,chb01_10.edf,2700.0,2704.0,0.5,0.0,62,0.5712931377579745,ok,0,12,11,0.0
chb01,chb01_10.edf,2700.0,2704.0,0.5,0.0,63,0.16726057798219393,ok,0,8,7,0.0
chb01,chb01_10.edf,2700.0,2704.0,0.5,0.0,64,0.19637001542360058,ok,0,9,8,0.0
chb01,chb01_10.edf,2700.0,2704.0,0.5,0.0,65,0.546024803519956,ok,0,10,8,0.0
chb01,chb01_10.edf,2700.0,2704.0,0.5,0.0,66,0.3428004452807938,ok,0,11,9,0.0
chb01,chb01_10.edf,2700.0,2704.0,0.5,0.0,67,0.9454773281444654,ok,0,7,6,0.0
chb01,chb01_10.edf,2700.0,2704.0,0.5,0.0,68,1.2291207868644798,ok,0,12,11,0.0
chb01,chb01_10.edf,2700.0,2704.0,0.5,0.0,69,1.1682562182790923,ok,0,9,7,0.0
chb01,chb01_10.edf,2700.0,2704.0,0.5,0.0,70,0.5111811702061327,ok,0,14,13,0.0
chb01,chb01_10.edf,2700.0,2704.0,0.5,0.0,71,1.8179982256514546,ok,0,11,9,0.0
chb01,chb01_10.edf,2700.0,2704.0,0.5,0.0,72,0.18642507739616473,ok,0,6,5,0.0
chb01,chb01_10.edf,2700.0,2704.0,0.5,0.0,73,0.6286253346157429,ok,0,10,9,0.0
chb01,chb01_10.edf,2700.0,2704.0,0.5,0.0,74,0.6476197533905482,ok,0,9,7,0.0
chb01,chb01_10.edf,2700.0,2704.0,0.5,0.0,75,0.9626906857352386,ok,0,12,10,0.0
chb01,chb01_10.edf,2700.0,2704.0,0.5,0.0,76,0.48840569686484475,ok,0,10,9,0.0
chb01,chb01_10.edf,2700.0,2704.0,0.5,0.0,77,1.4397992123948258,ok,0,10,9,0.0
chb01,chb01_10.edf,2700.0,2704.0,0.5,0.0,78,0.8783739115481473,ok,0,10,9,0.0
chb01,chb01_10.edf,2700.0,2704.0,0.5,0.0,79,0.6660998123404629,ok,0,8,7,0.0
chb01,chb01_10.edf,2700.0,2704.0,0.5,0.0,80,0.48943288169382493,ok,0,10,8,0.0
chb01,chb01_10.edf,2700.0,2704.0,0.5,0.0,81,1.3487816138931745,ok,0,10,9,0.0
chb01,chb01_10.edf,2700.0,2704.0,0.5,0.175,62,0.5712931377579745,ok,0,12,11,0.0
chb01,chb01_10.edf,2700.0,2704.0,0.5,0.175,63,0.15255102400950155,ok,0,8,7,0.0
chb01,chb01_10.edf,2700.0,2704.0,0.5,0.175,64,0.33066737835270793,ok,0,10,9,0.0
chb01,chb01_10.edf,2700.0,2704.0,0.5,0.175,65,0.546024803519956,ok,0,10,8,0.0
chb01,chb01_10.edf,2700.0,2704.0,0.5,0.175,66,0.3428004452807938,ok,0,11,9,0.0
chb01,chb01_10.edf,2700.0,2704.0,0.5,0.175,67,0.9454773281444654,ok,0,7,6,0.0
chb01,chb01_10.edf,2700.0,2704.0,0.5,0.175,68,1.4147498679112749,ok,0,10,9,0.0
chb01,chb01_10.edf,2700.0,2704.0,0.5,0.175,69,1.2652855917900245,ok,0,9,8,0.0
chb01,chb01_10.edf,2700.0,2704.0,0.5,0.175,70,0.5111811702061327,ok,0,14,13,0.0
chb01,chb01_10.edf,2700.0,2704.0,0.5,0.175,71,1.8179982256514546,ok,0,11,9,0.0
chb01,chb01_10.edf,2700.0,2704.0,0.5,0.175,72,0.18642507739616473,ok,0,6,5,0.0
chb01,chb01_10.edf,2700.0,2704.0,0.5,0.175,73,0.5821637497658831,ok,0,9,8,0.0
chb01,chb01_10.edf,2700.0,2704.0,0.5,0.175,74,0.6476197533905482,ok,0,9,7,0.0
chb01,chb01_10.edf,2700.0,2704.0,0.5,0.175,75,0.9626906857352386,ok,0,12,10,0.0
chb01,chb01_10.edf,2700.0,2704.0,0.5,0.175,76,0.4917726859794421,ok,0,11,10,0.0
chb01,chb01_10.edf,2700.0,2704.0,0.5,0.175,77,1.487661106245009,ok,0,9,8,0.0
chb01,chb01_10.edf,2700.0,2704.0,0.5,0.175,78,0.8783739115481473,ok,0,10,9,0.0
chb01,chb01_10.edf,2700.0,2704.0,0.5,0.175,79,0.6660998123404629,ok,0,8,7,0.0
chb01,chb01_10.edf,2700.0,2704.0,0.5,0.175,80,0.8667296522251868,ok,0,9,7,0.0
chb01,chb01_10.edf,2700.0,2704.0,0.5,0.175,81,1.3487816138931745,ok,0,10,9,0.0
chb01,chb01_10.edf,2700.0,2704.0,0.5,0.35,62,0.6559757885363878,ok,0,12,11,0.0
chb01,chb01_10.edf,2700.0,2704.0,0.5,0.35,63,0.48652667357885687,ok,0,10,9,0.0
chb01,chb01_10.edf,2700.0,2704.0,0.5,0.35,64,0.33066737835270793,ok,0,10,9,0.0
chb01,chb01_10.edf,2700.0,2704.0,0.5,0.35,65,0.546024803519956,ok,0,10,8,0.0
chb01,chb01_10.edf,2700.0,2704.0,0.5,0.35,66,0.3428004452807938,ok,0,11,9,0.0
chb01,chb01_10.edf,2700.0,2704.0,0.5,0.35,67,0.9454773281444654,ok,0,7,6,0.0
chb01,chb01_10.edf,2700.0,2704.0,0.5,0.35,68,1.2946872620441492,ok,0,9,8,0.0
chb01,chb01_10.edf,2700.0,2704.0,0.5,0.35,69,1.3021781104089274,ok,0,9,7,0.0
chb01,chb01_10.edf,2700.0,2704.0,0.5,0.35,70,0.5111811702061327,ok,0,14,13,0.0
chb01,chb01_10.edf,2700.0,2704.0,0.5,0.35,71,1.8179982256514546,ok,0,11,9,0.0
chb01,chb01_10.edf,2700.0,2704.0,0.5,0.35,72,1.6663308919078004,ok,0,7,6,0.0
chb01,chb01_10.edf,2700.0,2704.0,0.5,0.35,73,0.5821637497658831,ok,0,9,8,0.0
chb01,chb01_10.edf,2700.0,2704.0,0.5,0.35,74,0.6459554029830527,ok,0,9,7,0.0
chb01,chb01_10.edf,2700.0,2704.0,0.5,0.35,75,0.9109122904933337,ok,0,11,10,0.0
chb01,chb01_10.edf,2700.0,2704.0,0.5,0.35,76,0.4917726859794421,ok,0,11,10,0.0
chb01,chb01_10.edf,2700.0,2704.0,0.5,0.35,77,1.487661106245009,ok,0,9,8,0.0
chb01,chb01_10.edf,2700.0,2704.0,0.5,0.35,78,0.5496293602183737,ok,0,11,10,0.0
chb01,chb01_10.edf,2700.0,2704.0,0.5,0.35,79,0.6660998123404629,ok,0,8,7,0.0
chb01,chb01_10.edf,2700.0,2704.0,0.5,0.35,80,0.8667296522251868,ok,0,9,7,0.0
chb01,chb01_10.edf,2700.0,2704.0,0.5,0.35,81,1.3090048744270146,ok,0,10,9,0.0
chb01,chb01_10.edf,2700.0,2704.0,0.5,0.7,62,0.7027359103299528,ok,0,11,10,0.0
chb01,chb01_10.edf,2700.0,2704.0,0.5,0.7,63,0.48543651814626115,ok,0,10,9,0.0
chb01,chb01_10.edf,2700.0,2704.0,0.5,0.7,64,0.3502273240190265,ok,0,9,8,0.0
chb01,chb01_10.edf,2700.0,2704.0,0.5,0.7,65,0.6229048828795365,ok,0,8,7,0.0
chb01,chb01_10.edf,2700.0,2704.0,0.5,0.7,66,0.3455869941264749,ok,0,11,9,0.0
chb01,chb01_10.edf,2700.0,2704.0,0.5,0.7,67,0.9454773281444654,ok,0,7,6,0.0
chb01,chb01_10.edf,2700.0,2704.0,0.5,0.7,68,1.4547993075885617,ok,0,9,8,0.0
chb01,chb01_10.edf,2700.0,2704.0,0.5,0.7,69,1.2971057920432272,ok,0,8,7,0.0
chb01,chb01_10.edf,2700.0,2704.0,0.5,0.7,70,0.47011023241640243,ok,0,13,12,0.0
chb01,chb01_10.edf,2700.0,2704.0,0.5,0.7,71,1.529316310105233,ok,0,12,10,0.0
chb01,chb01_10.edf,2700.0,2704.0,0.5,0.7,72,1.6663308919078004,ok,0,7,6,0.0
chb01,chb01_10.edf,2700.0,2704.0,0.5,0.7,73,0.6166200133120467,ok,0,9,8,0.0
chb01,chb01_10.edf,2700.0,2704.0,0.5,0.7,74,0.5317345365471402,ok,0,8,6,0.0
chb01,chb01_10.edf,2700.0,2704.0,0.5,0.7,75,0.9109122904933337,ok,0,11,10,0.0
chb01,chb01_10.edf,2700.0,2704.0,0.5,0.7,76,0.2290690021431927,ok,0,12,11,0.0
chb01,chb01_10.edf,2700.0,2704.0,0.5,0.7,77,1.4880482375000512,ok,0,9,8,0.0
chb01,chb01_10.edf,2700.0,2704.0,0.5,0.7,78,0.5356260628211359,ok,0,11,8,0.0
chb01,chb01_10.edf,2700.0,2704.0,0.5,0.7,79,0.754250604692566,ok,0,9,6,0.0
chb01,chb01_10.edf,2700.0,2704.0,0.5,0.7,80,0.9994053539964866,ok,0,8,6,0.0
chb01,chb01_10.edf,2700.0,2704.0,0.5,0.7,81,1.3091265813118869,ok,0,10,9,0.0
chb01,chb01_10.edf,2700.0,2704.0,1.0,0.0,62,0.7743914046997703,ok,0,11,10,0.0
chb01,chb01_10.edf,2700.0,2704.0,1.0,0.0,63,0.21488489744161204,ok,0,8,7,0.0
chb01,chb01_10.edf,2700.0,2704.0,1.0,0.0,64,0.17192047651837583,ok,0,10,9,0.0
chb01,chb01_10.edf,2700.0,2704.0,1.0,0.0,65,0.48620003231413916,ok,0,12,9,0.0
chb01,chb01_10.edf,2700.0,2704.0,1.0,0.0,66,1.3756822323974554,ok,0,13,11,0.0
chb01,chb01_10.edf,2700.0,2704.0,1.0,0.0,67,1.0067830609804835,ok,0,9,8,0.0
chb01,chb01_10.edf,2700.0,2704.0,1.0,0.0,68,1.5176810316646947,ok,0,13,11,0.0
chb01,chb01_10.edf,2700.0,2704.0,1.0,0.0,69,1.0610836315798138,ok,0,8,5,0.0
chb01,chb01_10.edf,2700.0,2704.0,1.0,0.0,70,0.981919803246944,ok,0,12,11,0.0
chb01,chb01_10.edf,2700.0,2704.0,1.0,0.0,71,1.7937447317653397,ok,0,10,8,0.0
chb01,chb01_10.edf,2700.0,2704.0,1.0,0.0,72,0.18642507739616473,ok,0,6,5,0.0
chb01,chb01_10.edf,2700.0,2704.0,1.0,0.0,73,0.5987516059102022,ok,0,9,8,0.0
chb01,chb01_10.edf,2700.0,2704.0,1.0,0.0,74,0.6443582292066723,ok,0,11,10,0.0
chb01,chb01_10.edf,2700.0,2704.0,1.0,0.0,75,1.65888681246551,ok,0,10,7,0.0
chb01,chb01_10.edf,2700.0,2704.0,1.0,0.0,76,0.22553402254439306,ok,0,12,11,0.0
chb01,chb01_10.edf,2700.0,2704.0,1.0,0.0,77,1.261454559020981,ok,0,10,9,0.0
chb01,chb01_10.edf,2700.0,2704.0,1.0,0.0,78,1.9856992051961986,ok,0,12,11,0.0
chb01,chb01_10.edf,2700.0,2704.0,1.0,0.0,79,0.1609368397508929,ok,0,7,6,0.0
chb01,chb01_10.edf,2700.0,2704.0,1.0,0.0,80,0.8375512923759941,ok,0,11,9,0.0
chb01,chb01_10.edf,2700.0,2704.0,1.0,0.0,81,1.3218647883394035,ok,0,10,8,0.0
chb01,chb01_10.edf,2700.0,2704.0,1.0,0.175,62,0.8207228509784782,ok,0,12,11,0.0
chb01,chb01_10.edf,2700.0,2704.0,1.0,0.175,63,0.21488489744161204,ok,0,8,7,0.0
chb01,chb01_10.edf,2700.0,2704.0,1.0,0.175,64,0.17192047651837583,ok,0,10,9,0.0
chb01,chb01_10.edf,2700.0,2704.0,1.0,0.175,65,0.48620003231413916,ok,0,12,9,0.0
chb01,chb01_10.edf,2700.0,2704.0,1.0,0.175,66,1.3756822323974554,ok,0,13,11,0.0
chb01,chb01_10.edf,2700.0,2704.0,1.0,0.175,67,1.0067830609804835,ok,0,9,8,0.0
chb01,chb01_10.edf,2700.0,2704.0,1.0,0.175,68,1.4403478634378917,ok,0,12,10,0.0
chb01,chb01_10.edf,2700.0,2704.0,1.0,0.175,69,1.0610836315798138,ok,0,8,5,0.0
chb01,chb01_10.edf,2700.0,2704.0,1.0,0.175,70,1.02561670668018,ok,0,11,8,0.0
chb01,chb01_10.edf,2700.0,2704.0,1.0,0.175,71,1.7937447317653397,ok,0,10,8,0.0
chb01,chb01_10.edf,2700.0,2704.0,1.0,0.175,72,0.18642507739616473,ok,0,6,5,0.0
chb01,chb01_10.edf,2700.0,2704.0,1.0,0.175,73,0.5987516059102022,ok,0,9,8,0.0
chb01,chb01_10.edf,2700.0,2704.0,1.0,0.175,74,0.6443582292066723,ok,0,11,10,0.0
chb01,chb01_10.edf,2700.0,2704.0,1.0,0.175,75,1.6701884111809937,ok,0,9,6,0.0
chb01,chb01_10.edf,2700.0,2704.0,1.0,0.175,76,0.21554187051388352,ok,0,13,12,0.0
chb01,chb01_10.edf,2700.0,2704.0,1.0,0.175,77,1.261454559020981,ok,0,10,9,0.0
chb01,chb01_10.edf,2700.0,2704.0,1.0,0.175,78,2.0008167178077203,ok,0,11,10,0.0
chb01,chb01_10.edf,2700.0,2704.0,1.0,0.175,79,0.1609368397508929,ok,0,7,6,0.0
chb01,chb01_10.edf,2700.0,2704.0,1.0,0.175,80,0.847592558041268,ok,0,12,10,0.0
chb01,chb01_10.edf,2700.0,2704.0,1.0,0.175,81,1.3218647883394035,ok,0,10,8,0.0
chb01,chb01_10.edf,2700.0,2704.0,1.0,0.35,62,0.8207228509784782,ok,0,12,11,0.0
chb01,chb01_10.edf,2700.0,2704.0,1.0,0.35,63,0.14655956456718455,ok,0,8,7,0.0
chb01,chb01_10.edf,2700.0,2704.0,1.0,0.35,64,0.20607064156485908,ok,0,10,9,0.0
chb01,chb01_10.edf,2700.0,2704.0,1.0,0.35,65,0.4495805831064902,ok,0,11,10,0.0
chb01,chb01_10.edf,2700.0,2704.0,1.0,0.35,66,1.5167540848237777,ok,0,12,10,0.0
chb01,chb01_10.edf,2700.0,2704.0,1.0,0.35,67,1.0067830609804835,ok,0,9,8,0.0
chb01,chb01_10.edf,2700.0,2704.0,1.0,0.35,68,0.5034444582953266,ok,0,10,8,0.0
chb01,chb01_10.edf,2700.0,2704.0,1.0,0.35,69,1.0610836315798138,ok,0,8,5,0.0
chb01,chb01_10.edf,2700.0,2704.0,1.0,0.35,70,0.9520375581830604,ok,0,11,8,0.0
chb01,chb01_10.edf,2700.0,2704.0,1.0,0.35,71,1.7937447317653397,ok,0,10,8,0.0
chb01,chb01_10.edf,2700.0,2704.0,1.0,0.35,72,0.18642507739616473,ok,0,6,5,0.0
chb01,chb01_10.edf,2700.0,2704.0,1.0,0.35,73,0.5823203888824564,ok,0,8,7,0.0
chb01,chb01_10.edf,2700.0,2704.0,1.0,0.35,74,0.6443582292066723,ok,0,11,10,0.0
chb01,chb01_10.edf,2700.0,2704.0,1.0,0.35,75,1.6701884111809937,ok,0,9,6,0.0
chb01,chb01_10.edf,2700.0,2704.0,1.0,0.35,76,0.24423235954809525,ok,0,12,11,0.0
chb01,chb01_10.edf,2700.0,2704.0,1.0,0.35,77,1.261454559020981,ok,0,10,9,0.0
chb01,chb01_10.edf,2700.0,2704.0,1.0,0.35,78,2.00169954617915,ok,0,11,10,0.0
chb01,chb01_10.edf,2700.0,2704.0,1.0,0.35,79,0.1609368397508929,ok,0,7,6,0.0
chb01,chb01_10.edf,2700.0,2704.0,1.0,0.35,80,0.847592558041268,ok,0,12,10,0.0
chb01,chb01_10.edf,2700.0,2704.0,1.0,0.35,81,1.3218647883394035,ok,0,10,8,0.0
chb01,chb01_10.edf,2700.0,2704.0,1.0,0.7,62,0.829051313747091,ok,0,12,11,0.0
chb01,chb01_10.edf,2700.0,2704.0,1.0,0.7,63,0.1453316351455449,ok,0,8,7,0.0
chb01,chb01_10.edf,2700.0,2704.0,1.0,0.7,64,0.19973261853091984,ok,0,10,8,0.0
chb01,chb01_10.edf,2700.0,2704.0,1.0,0.7,65,0.523855936428429,ok,0,10,9,0.0
chb01,chb01_10.edf,2700.0,2704.0,1.0,0.7,66,1.5630924733586862,ok,0,11,9,0.0
chb01,chb01_10.edf,2700.0,2704.0,1.0,0.7,67,1.0067830609804835,ok,0,9,8,0.0
chb01,chb01_10.edf,2700.0,2704.0,1.0,0.7,68,0.5046666377949424,ok,0,10,8,0.0
chb01,chb01_10.edf,2700.0,2704.0,1.0,0.7,69,1.3019150777542028,ok,0,8,7,0.0
chb01,chb01_10.edf,2700.0,2704.0,1.0,0.7,70,1.3790765033563652,ok,0,10,7,0.0
chb01,chb01_10.edf,2700.0,2704.0,1.0,0.7,71,1.7937447317653397,ok,0,10,8,0.0
chb01,chb01_10.edf,2700.0,2704.0,1.0,0.7,72,0.18642507739616473,ok,0,6,5,0.0
chb01,chb01_10.edf,2700.0,2704.0,1.0,0.7,73,0.6293997790358494,ok,0,8,7,0.0
chb01,chb01_10.edf,2700.0,2704.0,1.0,0.7,74,0.6443582292066723,ok,0,11,10,0.0
chb01,chb01_10.edf,2700.0,2704.0,1.0,0.7,75,0.10760536471652639,ok,0,9,6,0.0
chb01,chb01_10.edf,2700.0,2704.0,1.0,0.7,76,0.24739761407037436,ok,0,12,11,0.0
chb01,chb01_10.edf,2700.0,2704.0,1.0,0.7,77,1.261454559020981,ok,0,10,9,0.0
chb01,chb01_10.edf,2700.0,2704.0,1.0,0.7,78,1.9436130854309739,ok,0,10,9,0.0
chb01,chb01_10.edf,2700.0,2704.0,1.0,0.7,79,0.22139565258925645,ok,0,7,6,0.0
chb01,chb01_10.edf,2700.0,2704.0,1.0,0.7,80,0.847592558041268,ok,0,13,10,0.0
chb01,chb01_10.edf,2700.0,2704.0,1.0,0.7,81,1.1808695241667149,ok,0,8,6,0.0
chb01,chb01_15.edf,904.0,908.0,0.25,0.0,62,0.6171842911523988,ok,0,10,9,0.0
chb01,chb01_15.edf,904.0,908.0,0.25,0.0,63,2.043747370146671,ok,0,9,8,0.0
chb01,chb01_15.edf,904.0,908.0,0.25,0.0,64,0.8756532617719204,ok,0,9,8,0.0
chb01,chb01_15.edf,904.0,908.0,0.25,0.0,65,0.9667718123938864,ok,0,11,10,0.0
chb01,chb01_15.edf,904.0,908.0,0.25,0.0,66,0.3631787913269073,ok,0,11,9,0.0
chb01,chb01_15.edf,904.0,908.0,0.25,0.0,67,0.8092054221906116,ok,0,11,9,0.0
chb01,chb01_15.edf,904.0,908.0,0.25,0.0,68,0.9681035064574081,ok,0,9,8,0.0
chb01,chb01_15.edf,904.0,908.0,0.25,0.0,69,1.241548694349417,ok,0,10,8,0.0
chb01,chb01_15.edf,904.0,908.0,0.25,0.0,70,0.2793983295119334,ok,0,9,8,0.0
chb01,chb01_15.edf,904.0,908.0,0.25,0.0,71,1.5904417843670142,ok,0,12,11,0.0
chb01,chb01_15.edf,904.0,908.0,0.25,0.0,72,0.9990557900479503,ok,0,11,9,0.0
chb01,chb01_15.edf,904.0,908.0,0.25,0.0,73,0.4814093715175572,ok,0,8,7,0.0
chb01,chb01_15.edf,904.0,908.0,0.25,0.0,74,0.6162790697674418,ok,0,11,8,0.0
chb01,chb01_15.edf,904.0,908.0,0.25,0.0,75,0.35394981220923855,ok,0,12,11,0.0
chb01,chb01_15.edf,904.0,908.0,0.25,0.0,76,0.3909772130214703,ok,0,12,11,0.0
chb01,chb01_15.edf,904.0,908.0,0.25,0.0,77,0.9447730595988872,ok,0,6,4,0.0
chb01,chb01_15.edf,904.0,908.0,0.25,0.0,78,1.3483863463099397,ok,0,11,10,0.0
chb01,chb01_15.edf,904.0,908.0,0.25,0.0,79,0.1609368397508929,ok,0,7,6,0.0
chb01,chb01_15.edf,904.0,908.0,0.25,0.0,80,0.1797136108456547,ok,0,12,10,0.0
chb01,chb01_15.edf,904.0,908.0,0.25,0.0,81,1.4033891062507988,ok,0,10,7,0.0
chb01,chb01_15.edf,904.0,908.0,0.25,0.175,62,0.7273849360614434,ok,0,11,10,0.0
chb01,chb01_15.edf,904.0,908.0,0.25,0.175,63,2.043813729291342,ok,0,9,8,0.0
chb01,chb01_15.edf,904.0,908.0,0.25,0.175,64,0.8756532617719204,ok,0,9,8,0.0
chb01,chb01_15.edf,904.0,908.0,0.25,0.175,65,0.9667718123938864,ok,0,11,10,0.0
chb01,chb01_15.edf,904.0,908.0,0.25,0.175,66,0.3428004452807938,ok,0,11,9,0.0
chb01,chb01_15.edf,904.0,908.0,0.25,0.175,67,0.35084387449745336,ok,0,10,8,0.0
chb01,chb01_15.edf,904.0,908.0,0.25,0.175,68,1.05590166166869,ok,0,10,9,0.0
chb01,chb01_15.edf,904.0,908.0,0.25,0.175,69,1.241548694349417,ok,0,10,8,0.0
chb01,chb01_15.edf,904.0,908.0,0.25,0.175,70,0.2793983295119334,ok,0,9,8,0.0
chb01,chb01_15.edf,904.0,908.0,0.25,0.175,71,1.5904417843670142,ok,0,12,11,0.0
chb01,chb01_15.edf,904.0,908.0,0.25,0.175,72,0.9990557900479503,ok,0,11,9,0.0
chb01,chb01_15.edf,904.0,908.0,0.25,0.175,73,0.5126330160797757,ok,0,8,7,0.0
chb01,chb01_15.edf,904.0,908.0,0.25,0.175,74,0.3604077047099177,ok,0,12,9,0.0
chb01,chb01_15.edf,904.0,908.0,0.25,0.175,75,0.35394981220923855,ok,0,12,11,0.0
chb01,chb01_15.edf,904.0,908.0,0.25,0.175,76,0.3909772130214703,ok,0,12,11,0.0
chb01,chb01_15.edf,904.0,908.0,0.25,0.175,77,0.9447730595988872,ok,0,6,4,0.0
chb01,chb01_15.edf,904.0,908.0,0.25,0.175,78,1.3483863463099397,ok,0,11,10,0.0
chb01,chb01_15.edf,904.0,908.0,0.25,0.175,79,0.1609368397508929,ok,0,7,6,0.0
chb01,chb01_15.edf,904.0,908.0,0.25,0.175,80,0.18317349230170574,ok,0,11,9,0.0
chb01,chb01_15.edf,904.0,908.0,0.25,0.175,81,1.4033891062507988,ok,0,10,7,0.0
chb01,chb01_15.edf,904.0,908.0,0.25,0.35,62,0.8154904791206136,ok,0,10,9,0.0
chb01,chb01_15.edf,904.0,908.0,0.25,0.35,63,2.043813729291342,ok,0,9,8,0.0
chb01,chb01_15.edf,904.0,908.0,0.25,0.35,64,0.8763414757819065,ok,0,9,8,0.0
chb01,chb01_15.edf,904.0,908.0,0.25,0.35,65,0.9541269900175259,ok,0,11,10,0.0
chb01,chb01_15.edf,904.0,908.0,0.25,0.35,66,0.3428004452807938,ok,0,11,9,0.0
chb01,chb01_15.edf,904.0,908.0,0.25,0.35,67,0.35084387449745336,ok,0,10,8,0.0
chb01,chb01_15.edf,904.0,908.0,0.25,0.35,68,1.1046602272974877,ok,0,11,10,0.0
chb01,chb01_15.edf,904.0,908.0,0.25,0.35,69,1.0504682662376859,ok,0,11,8,0.0
chb01,chb01_15.edf,904.0,908.0,0.25,0.35,70,0.2793983295119334,ok,0,9,8,0.0
chb01,chb01_15.edf,904.0,908.0,0.25,0.35,71,1.6064083802046423,ok,0,12,11,0.0
chb01,chb01_15.edf,904.0,908.0,0.25,0.35,72,0.9948981373704396,ok,0,9,8,0.0
chb01,chb01_15.edf,904.0,908.0,0.25,0.35,73,0.49693369644938035,ok,0,7,6,0.0
chb01,chb01_15.edf,904.0,908.0,0.25,0.35,74,0.3614353642906206,ok,0,11,8,0.0
chb01,chb01_15.edf,904.0,908.0,0.25,0.35,75,0.36209868255118927,ok,0,12,11,0.0
chb01,chb01_15.edf,904.0,908.0,0.25,0.35,76,0.44120283284983636,ok,0,13,12,0.0
chb01,chb01_15.edf,904.0,908.0,0.25,0.35,77,0.9447730595988872,ok,0,6,4,0.0
chb01,chb01_15.edf,904.0,908.0,0.25,0.35,78,1.3483863463099397,ok,0,11,10,0.0
chb01,chb01_15.edf,904.0,908.0,0.25,0.35,79,0.1609368397508929,ok,0,7,6,0.0
chb01,chb01_15.edf,904.0,908.0,0.25,0.35,80,0.18317349230170574,ok,0,11,9,0.0
chb01,chb01_15.edf,904.0,908.0,0.25,0.35,81,1.4033891062507988,ok,0,10,7,0.0
chb01,chb01_15.edf,904.0,908.0,0.25,0.7,62,0.7868158256121197,ok,0,8,7,0.0
chb01,chb01_15.edf,904.0,908.0,0.25,0.7,63,1.7845104399677387,ok,0,10,9,0.0
chb01,chb01_15.edf,904.0,908.0,0.25,0.7,64,0.8763414757819065,ok,0,9,8,0.0
chb01,chb01_15.edf,904.0,908.0,0.25,0.7,65,0.9170434693341742,ok,0,11,9,0.0
chb01,chb01_15.edf,904.0,908.0,0.25,0.7,66,0.3428004452807938,ok,0,11,9,0.0
chb01,chb01_15.edf,904.0,908.0,0.25,0.7,67,0.2879614891141906,ok,0,9,8,0.0
chb01,chb01_15.edf,904.0,908.0,0.25,0.7,68,0.9967459781360588,ok,0,9,8,0.0
chb01,chb01_15.edf,904.0,908.0,0.25,0.7,69,1.0504682662376859,ok,0,11,8,0.0
chb01,chb01_15.edf,904.0,908.0,0.25,0.7,70,0.22757873597035821,ok,0,9,8,0.0
chb01,chb01_15.edf,904.0,908.0,0.25,0.7,71,1.6064083802046423,ok,0,12,11,0.0
chb01,chb01_15.edf,904.0,908.0,0.25,0.7,72,0.8361681772932803,ok,0,10,9,0.0
chb01,chb01_15.edf,904.0,908.0,0.25,0.7,73,0.4458413954610141,ok,0,9,8,0.0
chb01,chb01_15.edf,904.0,908.0,0.25,0.7,74,0.5932205357005846,ok,0,8,7,0.0
chb01,chb01_15.edf,904.0,908.0,0.25,0.7,75,0.6413597381925293,ok,0,11,10,0.0
chb01,chb01_15.edf,904.0,908.0,0.25,0.7,76,0.5045819135721813,ok,0,12,11,0.0
chb01,chb01_15.edf,904.0,908.0,0.25,0.7,77,0.9447730595988872,ok,0,6,4,0.0
chb01,chb01_15.edf,904.0,908.0,0.25,0.7,78,1.3318065976407392,ok,0,11,10,0.0
chb01,chb01_15.edf,904.0,908.0,0.25,0.7,79,0.1609368397508929,ok,0,7,6,0.0
chb01,chb01_15.edf,904.0,908.0,0.25,0.7,80,0.20639208830002573,ok,0,12,9,0.0
chb01,chb01_15.edf,904.0,908.0,0.25,0.7,81,1.403983627723492,ok,0,10,7,0.0
chb01,chb01_15.edf,904.0,908.0,0.5,0.0,62,0.5712931377579745,ok,0,12,11,0.0
chb01,chb01_15.edf,904.0,908.0,0.5,0.0,63,0.16726057798219393,ok,0,8,7,0.0
chb01,chb01_15.edf,904.0,908.0,0.5,0.0,64,0.19637001542360058,ok,0,9,8,0.0
chb01,chb01_15.edf,904.0,908.0,0.5,0.0,65,0.546024803519956,ok,0,10,8,0.0
chb01,chb01_15.edf,904.0,908.0,0.5,0.0,66,0.3428004452807938,ok,0,11,9,0.0
chb01,chb01_15.edf,904.0,908.0,0.5,0.0,67,0.9454773281444654,ok,0,7,6,0.0
chb01,chb01_15.edf,904.0,908.0,0.5,0.0,68,1.2291207868644798,ok,0,12,11,0.0
chb01,chb01_15.edf,904.0,908.0,0.5,0.0,69,1.1682562182790923,ok,0,9,7,0.0
chb01,chb01_15.edf,904.0,908.0,0.5,0.0,70,0.5111811702061327,ok,0,14,13,0.0
chb01,chb01_15.edf,904.0,908.0,0.5,0.0,71,1.8179982256514546,ok,0,11,9,0.0
chb01,chb01_15.edf,904.0,908.0,0.5,0.0,72,0.18642507739616473,ok,0,6,5,0.0
chb01,chb01_15.edf,904.0,908.0,0.5,0.0,73,0.6286253346157429,ok,0,10,9,0.0
chb01,chb01_15.edf,904.0,908.0,0.5,0.0,74,0.6476197533905482,ok,0,9,7,0.0
chb01,chb01_15.edf,904.0,908.0,0.5,0.0,75,0.9626906857352386,ok,0,12,10,0.0
chb01,chb01_15.edf,904.0,908.0,0.5,0.0,76,0.48840569686484475,ok,0,10,9,0.0
chb01,chb01_15.edf,904.0,908.0,0.5,0.0,77,1.4397992123948258,ok,0,10,9,0.0
chb01,chb01_15.edf,904.0,908.0,0.5,0.0,78,0.8783739115481473,ok,0,10,9,0.0
chb01,chb01_15.edf,904.0,908.0,0.5,0.0,79,0.6660998123404629,ok,0,8,7,0.0
chb01,chb01_15.edf,904.0,908.0,0.5,0.0,80,0.48943288169382493,ok,0,10,8,0.0
chb01,chb01_15.edf,904.0,908.0,0.5,0.0,81,1.3487816138931745,ok,0,10,9,0.0
chb01,chb01_15.edf,904.0,908.0,0.5,0.175,62,0.5712931377579745,ok,0,12,11,0.0
chb01,chb01_15.edf,904.0,908.0,0.5,0.175,63,0.16726057798219393,ok,0,8,7,0.0
chb01,chb01_15.edf,904.0,908.0,0.5,0.175,64,0.19637001542360058,ok,0,9,8,0.0
chb01,chb01_15.edf,904.0,908.0,0.5,0.175,65,0.546024803519956,ok,0,10,8,0.0
chb01,chb01_15.edf,904.0,908.0,0.5,0.175,66,0.3428004452807938,ok,0,11,9,0.0
chb01,chb01_15.edf,904.0,908.0,0.5,0.175,67,0.9454773281444654,ok,0,7,6,0.0
chb01,chb01_15.edf,904.0,908.0,0.5,0.175,68,1.2291207868644798,ok,0,12,11,0.0
chb01,chb01_15.edf,904.0,908.0,0.5,0.175,69,1.1682562182790923,ok,0,9,7,0.0
chb01,chb01_15.edf,904.0,908.0,0.5,0.175,70,0.509154547108042,ok,0,14,13,0.0
chb01,chb01_15.edf,904.0,908.0,0.5,0.175,71,1.8179982256514546,ok,0,11,9,0.0
chb01,chb01_15.edf,904.0,908.0,0.5,0.175,72,0.18642507739616473,ok,0,6,5,0.0
chb01,chb01_15.edf,904.0,908.0,0.5,0.175,73,0.6136758734117624,ok,0,11,10,0.0
chb01,chb01_15.edf,904.0,908.0,0.5,0.175,74,0.655280757217913,ok,0,10,8,0.0
chb01,chb01_15.edf,904.0,908.0,0.5,0.175,75,0.933210050881639,ok,0,11,10,0.0
chb01,chb01_15.edf,904.0,908.0,0.5,0.175,76,0.48840569686484475,ok,0,10,9,0.0
chb01,chb01_15.edf,904.0,908.0,0.5,0.175,77,1.4397992123948258,ok,0,10,9,0.0
chb01,chb01_15.edf,904.0,908.0,0.5,0.175,78,1.0142320308034332,ok,0,10,9,0.0
chb01,chb01_15.edf,904.0,908.0,0.5,0.175,79,0.1609368397508929,ok,0,7,6,0.0
chb01,chb01_15.edf,904.0,908.0,0.5,0.175,80,0.48943288169382493,ok,0,10,8,0.0
chb01,chb01_15.edf,904.0,908.0,0.5,0.175,81,1.3487816138931745,ok,0,10,9,0.0
chb01,chb01_15.edf,904.0,908.0,0.5,0.35,62,0.5790221640603994,ok,0,12,11,0.0
chb01,chb01_15.edf,904.0,908.0,0.5,0.35,63,0.16726057798219393,ok,0,8,7,0.0
chb01,chb01_15.edf,904.0,908.0,0.5,0.35,64,0.2124531602066324,ok,0,9,8,0.0
chb01,chb01_15.edf,904.0,908.0,0.5,0.35,65,0.546024803519956,ok,0,10,8,0.0
chb01,chb01_15.edf,904.0,908.0,0.5,0.35,66,0.3428004452807938,ok,0,11,9,0.0
chb01,chb01_15.edf,904.0,908.0,0.5,0.35,67,0.8103743068270468,ok,0,6,5,0.0
chb01,chb01_15.edf,904.0,908.0,0.5,0.35,68,1.249200275680096,ok,0,12,11,0.0
chb01,chb01_15.edf,904.0,908.0,0.5,0.35,69,1.0786114262823916,ok,0,10,8,0.0
chb01,chb01_15.edf,904.0,908.0,0.5,0.35,70,0.509154547108042,ok,0,14,13,0.0
chb01,chb01_15.edf,904.0,908.0,0.5,0.35,71,1.8386018855277186,ok,0,11,9,0.0
chb01,chb01_15.edf,904.0,908.0,0.5,0.35,72,0.18642507739616473,ok,0,6,5,0.0
chb01,chb01_15.edf,904.0,908.0,0.5,0.35,73,0.5422036178973236,ok,0,9,8,0.0
chb01,chb01_15.edf,904.0,908.0,0.5,0.35,74,0.655280757217913,ok,0,10,8,0.0
chb01,chb01_15.edf,904.0,908.0,0.5,0.35,75,0.7866351774840227,ok,0,12,11,0.0
chb01,chb01_15.edf,904.0,908.0,0.5,0.35,76,0.49210873425856594,ok,0,10,9,0.0
chb01,chb01_15.edf,904.0,908.0,0.5,0.35,77,1.4397992123948258,ok,0,10,9,0.0
chb01,chb01_15.edf,904.0,908.0,0.5,0.35,78,0.6047251239597644,ok,0,11,10,0.0
chb01,chb01_15.edf,904.0,908.0,0.5,0.35,79,0.1609368397508929,ok,0,7,6,0.0
chb01,chb01_15.edf,904.0,908.0,0.5,0.35,80,0.48943288169382493,ok,0,10,8,0.0
chb01,chb01_15.edf,904.0,908.0,0.5,0.35,81,1.3487816138931745,ok,0,10,9,0.0
chb01,chb01_15.edf,904.0,908.0,0.5,0.7,62,0.6552131093623249,ok,0,13,11,0.0
chb01,chb01_15.edf,904.0,908.0,0.5,0.7,63,0.5908731697710129,ok,0,9,8,0.0
chb01,chb01_15.edf,904.0,908.0,0.5,0.7,64,0.21233779770422073,ok,0,9,8,0.0
chb01,chb01_15.edf,904.0,908.0,0.5,0.7,65,0.6374377720278767,ok,0,9,7,0.0
chb01,chb01_15.edf,904.0,908.0,0.5,0.7,66,0.3428004452807938,ok,0,11,9,0.0
chb01,chb01_15.edf,904.0,908.0,0.5,0.7,67,0.8103743068270468,ok,0,6,5,0.0
chb01,chb01_15.edf,904.0,908.0,0.5,0.7,68,1.2585262620994375,ok,0,12,11,0.0
chb01,chb01_15.edf,904.0,908.0,0.5,0.7,69,0.9902062250419171,ok,0,10,7,0.0
chb01,chb01_15.edf,904.0,908.0,0.5,0.7,70,0.4957619220296901,ok,0,14,13,0.0
chb01,chb01_15.edf,904.0,908.0,0.5,0.7,71,1.8386018855277186,ok,0,11,9,0.0
chb01,chb01_15.edf,904.0,908.0,0.5,0.7,72,1.3345306750498112,ok,0,7,6,0.0
chb01,chb01_15.edf,904.0,908.0,0.5,0.7,73,0.5422036178973236,ok,0,9,8,0.0
chb01,chb01_15.edf,904.0,908.0,0.5,0.7,74,0.5240899342506906,ok,0,11,10,0.0
chb01,chb01_15.edf,904.0,908.0,0.5,0.7,75,0.8970748146804377,ok,0,10,9,0.0
chb01,chb01_15.edf,904.0,908.0,0.5,0.7,76,0.5189588627048686,ok,0,9,8,0.0
chb01,chb01_15.edf,904.0,908.0,0.5,0.7,77,0.14113296980235743,ok,0,9,8,0.0
chb01,chb01_15.edf,904.0,908.0,0.5,0.7,78,0.6136788222868687,ok,0,11,10,0.0
chb01,chb01_15.edf,904.0,908.0,0.5,0.7,79,0.15218217883084012,ok,0,8,6,0.0
chb01,chb01_15.edf,904.0,908.0,0.5,0.7,80,0.48943288169382493,ok,0,10,8,0.0
chb01,chb01_15.edf,904.0,908.0,0.5,0.7,81,1.391517680374712,ok,0,9,8,0.0
chb01,chb01_15.edf,904.0,908.0,1.0,0.0,62,0.7743914046997703,ok,0,11,10,0.0
chb01,chb01_15.edf,904.0,908.0,1.0,0.0,63,0.21488489744161204,ok,0,8,7,0.0
chb01,chb01_15.edf,904.0,908.0,1.0,0.0,64,0.17192047651837583,ok,0,10,9,0.0
chb01,chb01_15.edf,904.0,908.0,1.0,0.0,65,0.48620003231413916,ok,0,12,9,0.0
chb01,chb01_15.edf,904.0,908.0,1.0,0.0,66,1.3756822323974554,ok,0,13,11,0.0
chb01,chb01_15.edf,904.0,908.0,1.0,0.0,67,1.0067830609804835,ok,0,9,8,0.0
chb01,chb01_15.edf,904.0,908.0,1.0,0.0,68,1.5176810316646947,ok,0,13,11,0.0
chb01,chb01_15.edf,904.0,908.0,1.0,0.0,69,1.0610836315798138,ok,0,8,5,0.0
chb01,chb01_15.edf,904.0,908.0,1.0,0.0,70,0.981919803246944,ok,0,12,11,0.0
chb01,chb01_15.edf,904.0,908.0,1.0,0.0,71,1.7937447317653397,ok,0,10,8,0.0
chb01,chb01_15.edf,904.0,908.0,1.0,0.0,72,0.18642507739616473,ok,0,6,5,0.0
chb01,chb01_15.edf,904.0,908.0,1.0,0.0,73,0.5987516059102022,ok,0,9,8,0.0
chb01,chb01_15.edf,904.0,908.0,1.0,0.0,74,0.6443582292066723,ok,0,11,10,0.0
chb01,chb01_15.edf,904.0,908.0,1.0,0.0,75,1.65888681246551,ok,0,10,7,0.0
chb01,chb01_15.edf,904.0,908.0,1.0,0.0,76,0.22553402254439306,ok,0,12,11,0.0
chb01,chb01_15.edf,904.0,908.0,1.0,0.0,77,1.261454559020981,ok,0,10,9,0.0
chb01,chb01_15.edf,904.0,908.0,1.0,0.0,78,1.9856992051961986,ok,0,12,11,0.0
chb01,chb01_15.edf,904.0,908.0,1.0,0.0,79,0.1609368397508929,ok,0,7,6,0.0
chb01,chb01_15.edf,904.0,908.0,1.0,0.0,80,0.8375512923759941,ok,0,11,9,0.0
chb01,chb01_15.edf,904.0,908.0,1.0,0.0,81,1.3218647883394035,ok,0,10,8,0.0
chb01,chb01_15.edf,904.0,908.0,1.0,0.175,62,0.7743914046997703,ok,0,11,10,0.0
chb01,chb01_15.edf,904.0,908.0,1.0,0.175,63,0.16726057798219393,ok,0,8,7,0.0
chb01,chb01_15.edf,904.0,908.0,1.0,0.175,64,0.17192047651837583,ok,0,10,9,0.0
chb01,chb01_15.edf,904.0,908.0,1.0,0.175,65,0.49292157435773215,ok,0,12,10,0.0
chb01,chb01_15.edf,904.0,908.0,1.0,0.175,66,1.3756822323974554,ok,0,13,11,0.0
chb01,chb01_15.edf,904.0,908.0,1.0,0.175,67,1.0067830609804835,ok,0,9,8,0.0
chb01,chb01_15.edf,904.0,908.0,1.0,0.175,68,1.5176810316646947,ok,0,13,11,0.0
chb01,chb01_15.edf,904.0,908.0,1.0,0.175,69,1.0610836315798138,ok,0,8,5,0.0
chb01,chb01_15.edf,904.0,908.0,1.0,0.175,70,0.981919803246944,ok,0,12,11,0.0
chb01,chb01_15.edf,904.0,908.0,1.0,0.175,71,1.7937447317653397,ok,0,10,8,0.0
chb01,chb01_15.edf,904.0,908.0,1.0,0.175,72,0.18642507739616473,ok,0,6,5,0.0
chb01,chb01_15.edf,904.0,908.0,1.0,0.175,73,0.5987516059102022,ok,0,9,8,0.0
chb01,chb01_15.edf,904.0,908.0,1.0,0.175,74,0.6443582292066723,ok,0,11,10,0.0
chb01,chb01_15.edf,904.0,908.0,1.0,0.175,75,1.590513747280279,ok,0,9,7,0.0
chb01,chb01_15.edf,904.0,908.0,1.0,0.175,76,0.22553402254439306,ok,0,12,11,0.0
chb01,chb01_15.edf,904.0,908.0,1.0,0.175,77,1.261454559020981,ok,0,10,9,0.0
chb01,chb01_15.edf,904.0,908.0,1.0,0.175,78,1.9856992051961986,ok,0,12,11,0.0
chb01,chb01_15.edf,904.0,908.0,1.0,0.175,79,0.1609368397508929,ok,0,7,6,0.0
chb01,chb01_15.edf,904.0,908.0,1.0,0.175,80,0.8355892494014844,ok,0,11,9,0.0
chb01,chb01_15.edf,904.0,908.0,1.0,0.175,81,1.3218647883394035,ok,0,10,8,0.0
chb01,chb01_15.edf,904.0,908.0,1.0,0.35,62,0.7824148720164142,ok,0,11,10,0.0
chb01,chb01_15.edf,904.0,908.0,1.0,0.35,63,0.5946050294951504,ok,0,9,8,0.0
chb01,chb01_15.edf,904.0,908.0,1.0,0.35,64,0.17192047651837583,ok,0,10,9,0.0
chb01,chb01_15.edf,904.0,908.0,1.0,0.35,65,0.49292157435773215,ok,0,12,10,0.0
chb01,chb01_15.edf,904.0,908.0,1.0,0.35,66,1.5630924733586862,ok,0,11,9,0.0
chb01,chb01_15.edf,904.0,908.0,1.0,0.35,67,1.0276695755361174,ok,0,9,8,0.0
chb01,chb01_15.edf,904.0,908.0,1.0,0.35,68,1.5176810316646947,ok,0,13,11,0.0
chb01,chb01_15.edf,904.0,908.0,1.0,0.35,69,1.0610836315798138,ok,0,8,5,0.0
chb01,chb01_15.edf,904.0,908.0,1.0,0.35,70,0.981919803246944,ok,0,12,11,0.0
chb01,chb01_15.edf,904.0,908.0,1.0,0.35,71,1.7937447317653397,ok,0,10,8,0.0
chb01,chb01_15.edf,904.0,908.0,1.0,0.35,72,0.18642507739616473,ok,0,6,5,0.0
chb01,chb01_15.edf,904.0,908.0,1.0,0.35,73,0.6529719073693574,ok,0,8,7,0.0
chb01,chb01_15.edf,904.0,908.0,1.0,0.35,74,0.6443582292066723,ok,0,11,10,0.0
chb01,chb01_15.edf,904.0,908.0,1.0,0.35,75,1.5585423039488848,ok,0,8,6,0.0
chb01,chb01_15.edf,904.0,908.0,1.0,0.35,76,0.22553402254439306,ok,0,12,11,0.0
chb01,chb01_15.edf,904.0,908.0,1.0,0.35,77,1.261454559020981,ok,0,10,9,0.0
chb01,chb01_15.edf,904.0,908.0,1.0,0.35,78,1.9856992051961986,ok,0,12,11,0.0
chb01,chb01_15.edf,904.0,908.0,1.0,0.35,79,0.1609368397508929,ok,0,7,6,0.0
chb01,chb01_15.edf,904.0,908.0,1.0,0.35,80,0.6865718878188661,ok,0,12,10,0.0
chb01,chb01_15.edf,904.0,908.0,1.0,0.35,81,1.3218647883394035,ok,0,10,8,0.0
chb01,chb01_15.edf,904.0,908.0,1.0,0.7,62,1.1813789691022634,ok,0,9,8,0.0
chb01,chb01_15.edf,904.0,908.0,1.0,0.7,63,0.5946050294951504,ok,0,9,8,0.0
chb01,chb01_15.edf,904.0,908.0,1.0,0.7,64,0.19066012295924756,ok,0,10,9,0.0
chb01,chb01_15.edf,904.0,908.0,1.0,0.7,65,0.4028351212888139,ok,0,12,10,0.0
chb01,chb01_15.edf,904.0,908.0,1.0,0.7,66,1.5630924733586862,ok,0,11,9,0.0
chb01,chb01_15.edf,904.0,908.0,1.0,0.7,67,0.9478314880748807,ok,0,8,7,0.0
chb01,chb01_15.edf,904.0,908.0,1.0,0.7,68,1.5176456369858875,ok,0,13,11,0.0
chb01,chb01_15.edf,904.0,908.0,1.0,0.7,69,1.0624655170906576,ok,0,8,6,0.0
chb01,chb01_15.edf,904.0,908.0,1.0,0.7,70,1.2721040454275203,ok,0,9,8,0.0
chb01,chb01_15.edf,904.0,908.0,1.0,0.7,71,1.7937447317653397,ok,0,10,8,0.0
chb01,chb01_15.edf,904.0,908.0,1.0,0.7,72,0.18642507739616473,ok,0,6,5,0.0
chb01,chb01_15.edf,904.0,908.0,1.0,0.7,73,0.6654977406410588,ok,0,9,7,0.0
chb01,chb01_15.edf,904.0,908.0,1.0,0.7,74,0.6459406006850896,ok,0,11,10,0.0
chb01,chb01_15.edf,904.0,908.0,1.0,0.7,75,1.5741054170164905,ok,0,8,6,0.0
chb01,chb01_15.edf,904.0,908.0,1.0,0.7,76,0.22652733919178974,ok,0,12,11,0.0
chb01,chb01_15.edf,904.0,908.0,1.0,0.7,77,1.305508433790961,ok,0,10,9,0.0
chb01,chb01_15.edf,904.0,908.0,1.0,0.7,78,1.9466358065881686,ok,0,12,11,0.0
chb01,chb01_15.edf,904.0,908.0,1.0,0.7,79,0.1609368397508929,ok,0,7,6,0.0
chb01,chb01_15.edf,904.0,908.0,1.0,0.7,80,0.6865718878188661,ok,0,12,10,0.0
chb01,chb01_15.edf,904.0,908.0,1.0,0.7,81,1.3218647883394035,ok,0,10,8,0.0
chb01,chb01_15.edf,2700.0,2704.0,0.25,0.0,62,0.6171842911523988,ok,0,10,9,0.0
chb01,chb01_15.edf,2700.0,2704.0,0.25,0.0,63,2.043747370146671,ok,0,9,8,0.0
chb01,chb01_15.edf,2700.0,2704.0,0.25,0.0,64,0.8756532617719204,ok,0,9,8,0.0
chb01,chb01_15.edf,2700.0,2704.0,0.25,0.0,65,0.9667718123938864,ok,0,11,10,0.0
chb01,chb01_15.edf,2700.0,2704.0,0.25,0.0,66,0.3631787913269073,ok,0,11,9,0.0
chb01,chb01_15.edf,2700.0,2704.0,0.25,0.0,67,0.8092054221906116,ok,0,11,9,0.0
chb01,chb01_15.edf,2700.0,2704.0,0.25,0.0,68,0.9681035064574081,ok,0,9,8,0.0
chb01,chb01_15.edf,2700.0,2704.0,0.25,0.0,69,1.241548694349417,ok,0,10,8,0.0
chb01,chb01_15.edf,2700.0,2704.0,0.25,0.0,70,0.2793983295119334,ok,0,9,8,0.0
chb01,chb01_15.edf,2700.0,2704.0,0.25,0.0,71,1.5904417843670142,ok,0,12,11,0.0
chb01,chb01_15.edf,2700.0,2704.0,0.25,0.0,72,0.9990557900479503,ok,0,11,9,0.0
chb01,chb01_15.edf,2700.0,2704.0,0.25,0.0,73,0.4814093715175572,ok,0,8,7,0.0
chb01,chb01_15.edf,2700.0,2704.0,0.25,0.0,74,0.6162790697674418,ok,0,11,8,0.0
chb01,chb01_15.edf,2700.0,2704.0,0.25,0.0,75,0.35394981220923855,ok,0,12,11,0.0
chb01,chb01_15.edf,2700.0,2704.0,0.25,0.0,76,0.3909772130214703,ok,0,12,11,0.0
chb01,chb01_15.edf,2700.0,2704.0,0.25,0.0,77,0.9447730595988872,ok,0,6,4,0.0
chb01,chb01_15.edf,2700.0,2704.0,0.25,0.0,78,1.3483863463099397,ok,0,11,10,0.0
chb01,chb01_15.edf,2700.0,2704.0,0.25,0.0,79,0.1609368397508929,ok,0,7,6,0.0
chb01,chb01_15.edf,2700.0,2704.0,0.25,0.0,80,0.1797136108456547,ok,0,12,10,0.0
chb01,chb01_15.edf,2700.0,2704.0,0.25,0.0,81,1.4033891062507988,ok,0,10,7,0.0
chb01,chb01_15.edf,2700.0,2704.0,0.25,0.175,62,0.6131091365064931,ok,0,10,9,0.0
chb01,chb01_15.edf,2700.0,2704.0,0.25,0.175,63,2.0341077992701977,ok,0,9,8,0.0
chb01,chb01_15.edf,2700.0,2704.0,0.25,0.175,64,0.8756532617719204,ok,0,9,8,0.0
chb01,chb01_15.edf,2700.0,2704.0,0.25,0.175,65,0.9667718123938864,ok,0,11,10,0.0
chb01,chb01_15.edf,2700.0,2704.0,0.25,0.175,66,0.3428004452807938,ok,0,11,9,0.0
chb01,chb01_15.edf,2700.0,2704.0,0.25,0.175,67,0.818340372717771,ok,0,11,9,0.0
chb01,chb01_15.edf,2700.0,2704.0,0.25,0.175,68,0.895157178062396,ok,0,8,7,0.0
chb01,chb01_15.edf,2700.0,2704.0,0.25,0.175,69,1.1475643884109248,ok,0,10,7,0.0
chb01,chb01_15.edf,2700.0,2704.0,0.25,0.175,70,0.2793983295119334,ok,0,9,8,0.0
chb01,chb01_15.edf,2700.0,2704.0,0.25,0.175,71,1.5904417843670142,ok,0,12,11,0.0
chb01,chb01_15.edf,2700.0,2704.0,0.25,0.175,72,0.999228243504632,ok,0,11,9,0.0
chb01,chb01_15.edf,2700.0,2704.0,0.25,0.175,73,0.5562782086554805,ok,0,9,7,0.0
chb01,chb01_15.edf,2700.0,2704.0,0.25,0.175,74,0.6162790697674418,ok,0,11,8,0.0
chb01,chb01_15.edf,2700.0,2704.0,0.25,0.175,75,0.36209868255118927,ok,0,12,11,0.0
chb01,chb01_15.edf,2700.0,2704.0,0.25,0.175,76,0.3909772130214703,ok,0,12,11,0.0
chb01,chb01_15.edf,2700.0,2704.0,0.25,0.175,77,0.9447730595988872,ok,0,6,4,0.0
chb01,chb01_15.edf,2700.0,2704.0,0.25,0.175,78,1.3407604740280588,ok,0,11,10,0.0
chb01,chb01_15.edf,2700.0,2704.0,0.25,0.175,79,0.1609368397508929,ok,0,7,6,0.0
chb01,chb01_15.edf,2700.0,2704.0,0.25,0.175,80,0.1797136108456547,ok,0,12,10,0.0
chb01,chb01_15.edf,2700.0,2704.0,0.25,0.175,81,1.391697303472564,ok,0,9,8,0.0
chb01,chb01_15.edf,2700.0,2704.0,0.25,0.35,62,0.6494808152811989,ok,0,10,9,0.0
chb01,chb01_15.edf,2700.0,2704.0,0.25,0.35,63,2.0341077992701977,ok,0,9,8,0.0
chb01,chb01_15.edf,2700.0,2704.0,0.25,0.35,64,0.8756532617719204,ok,0,9,8,0.0
chb01,chb01_15.edf,2700.0,2704.0,0.25,0.35,65,0.9667718123938864,ok,0,11,10,0.0
chb01,chb01_15.edf,2700.0,2704.0,0.25,0.35,66,0.3428004452807938,ok,0,11,9,0.0
chb01,chb01_15.edf,2700.0,2704.0,0.25,0.35,67,0.8325412628470155,ok,0,11,10,0.0
chb01,chb01_15.edf,2700.0,2704.0,0.25,0.35,68,0.9009258192440588,ok,0,8,7,0.0
chb01,chb01_15.edf,2700.0,2704.0,0.25,0.35,69,1.1475643884109248,ok,0,10,7,0.0
chb01,chb01_15.edf,2700.0,2704.0,0.25,0.35,70,0.2793983295119334,ok,0,9,8,0.0
chb01,chb01_15.edf,2700.0,2704.0,0.25,0.35,71,1.6064083802046423,ok,0,12,11,0.0
chb01,chb01_15.edf,2700.0,2704.0,0.25,0.35,72,1.0153301098497254,ok,0,10,8,0.0
chb01,chb01_15.edf,2700.0,2704.0,0.25,0.35,73,0.5330618335351849,ok,0,9,8,0.0
chb01,chb01_15.edf,2700.0,2704.0,0.25,0.35,74,0.6162790697674418,ok,0,11,8,0.0
chb01,chb01_15.edf,2700.0,2704.0,0.25,0.35,75,0.3489563514964871,ok,0,12,11,0.0
chb01,chb01_15.edf,2700.0,2704.0,0.25,0.35,76,0.3909772130214703,ok,0,12,11,0.0
chb01,chb01_15.edf,2700.0,2704.0,0.25,0.35,77,0.9447730595988872,ok,0,6,4,0.0
chb01,chb01_15.edf,2700.0,2704.0,0.25,0.35,78,1.3407604740280588,ok,0,11,10,0.0
chb01,chb01_15.edf,2700.0,2704.0,0.25,0.35,79,0.1609368397508929,ok,0,7,6,0.0
chb01,chb01_15.edf,2700.0,2704.0,0.25,0.35,80,0.15726355033921774,ok,0,11,10,0.0
chb01,chb01_15.edf,2700.0,2704.0,0.25,0.35,81,1.391697303472564,ok,0,9,8,0.0
chb01,chb01_15.edf,2700.0,2704.0,0.25,0.7,62,0.7546134183318501,ok,0,9,8,0.0
chb01,chb01_15.edf,2700.0,2704.0,0.25,0.7,63,1.8881273183046672,ok,0,9,7,0.0
chb01,chb01_15.edf,2700.0,2704.0,0.25,0.7,64,0.8940162638303714,ok,0,9,8,0.0
chb01,chb01_15.edf,2700.0,2704.0,0.25,0.7,65,0.847677168137186,ok,0,12,11,0.0
chb01,chb01_15.edf,2700.0,2704.0,0.25,0.7,66,0.3428004452807938,ok,0,11,9,0.0
chb01,chb01_15.edf,2700.0,2704.0,0.25,0.7,67,0.2246504690329512,ok,0,11,10,0.0
chb01,chb01_15.edf,2700.0,2704.0,0.25,0.7,68,0.9009258192440588,ok,0,8,7,0.0
chb01,chb01_15.edf,2700.0,2704.0,0.25,0.7,69,1.1737918177949873,ok,0,10,7,0.0
chb01,chb01_15.edf,2700.0,2704.0,0.25,0.7,70,0.2793983295119334,ok,0,9,8,0.0
chb01,chb01_15.edf,2700.0,2704.0,0.25,0.7,71,1.5370605617415218,ok,0,12,10,0.0
chb01,chb01_15.edf,2700.0,2704.0,0.25,0.7,72,1.003077647385009,ok,0,10,8,0.0
chb01,chb01_15.edf,2700.0,2704.0,0.25,0.7,73,0.5995813706813304,ok,0,8,7,0.0
chb01,chb01_15.edf,2700.0,2704.0,0.25,0.7,74,0.7299063855349154,ok,0,10,7,0.0
chb01,chb01_15.edf,2700.0,2704.0,0.25,0.7,75,0.3360401923913816,ok,0,13,12,0.0
chb01,chb01_15.edf,2700.0,2704.0,0.25,0.7,76,0.3693760014407749,ok,0,12,11,0.0
chb01,chb01_15.edf,2700.0,2704.0,0.25,0.7,77,0.9447730595988872,ok,0,6,4,0.0
chb01,chb01_15.edf,2700.0,2704.0,0.25,0.7,78,1.3407604740280588,ok,0,11,10,0.0
chb01,chb01_15.edf,2700.0,2704.0,0.25,0.7,79,0.1568870781527907,ok,0,8,5,0.0
chb01,chb01_15.edf,2700.0,2704.0,0.25,0.7,80,0.1585452397831112,ok,0,11,10,0.0
chb01,chb01_15.edf,2700.0,2704.0,0.25,0.7,81,1.391697303472564,ok,0,9,8,0.0
chb01,chb01_15.edf,2700.0,2704.0,0.5,0.0,62,0.5712931377579745,ok,0,12,11,0.0
chb01,chb01_15.edf,2700.0,2704.0,0.5,0.0,63,0.16726057798219393,ok,0,8,7,0.0
chb01,chb01_15.edf,2700.0,2704.0,0.5,0.0,64,0.19637001542360058,ok,0,9,8,0.0
chb01,chb01_15.edf,2700.0,2704.0,0.5,0.0,65,0.546024803519956,ok,0,10,8,0.0
chb01,chb01_15.edf,2700.0,2704.0,0.5,0.0,66,0.3428004452807938,ok,0,11,9,0.0
chb01,chb01_15.edf,2700.0,2704.0,0.5,0.0,67,0.9454773281444654,ok,0,7,6,0.0
chb01,chb01_15.edf,2700.0,2704.0,0.5,0.0,68,1.2291207868644798,ok,0,12,11,0.0
chb01,chb01_15.edf,2700.0,2704.0,0.5,0.0,69,1.1682562182790923,ok,0,9,7,0.0
chb01,chb01_15.edf,2700.0,2704.0,0.5,0.0,70,0.5111811702061327,ok,0,14,13,0.0
chb01,chb01_15.edf,2700.0,2704.0,0.5,0.0,71,1.8179982256514546,ok,0,11,9,0.0
chb01,chb01_15.edf,2700.0,2704.0,0.5,0.0,72,0.18642507739616473,ok,0,6,5,0.0
chb01,chb01_15.edf,2700.0,2704.0,0.5,0.0,73,0.6286253346157429,ok,0,10,9,0.0
chb01,chb01_15.edf,2700.0,2704.0,0.5,0.0,74,0.6476197533905482,ok,0,9,7,0.0
chb01,chb01_15.edf,2700.0,2704.0,0.5,0.0,75,0.9626906857352386,ok,0,12,10,0.0
chb01,chb01_15.edf,2700.0,2704.0,0.5,0.0,76,0.48840569686484475,ok,0,10,9,0.0
chb01,chb01_15.edf,2700.0,2704.0,0.5,0.0,77,1.4397992123948258,ok,0,10,9,0.0
chb01,chb01_15.edf,2700.0,2704.0,0.5,0.0,78,0.8783739115481473,ok,0,10,9,0.0
chb01,chb01_15.edf,2700.0,2704.0,0.5,0.0,79,0.6660998123404629,ok,0,8,7,0.0
chb01,chb01_15.edf,2700.0,2704.0,0.5,0.0,80,0.48943288169382493,ok,0,10,8,0.0
chb01,chb01_15.edf,2700.0,2704.0,0.5,0.0,81,1.3487816138931745,ok,0,10,9,0.0
chb01,chb01_15.edf,2700.0,2704.0,0.5,0.175,62,0.5687028088741318,ok,0,12,11,0.0
chb01,chb01_15.edf,2700.0,2704.0,0.5,0.175,63,0.14655956456718455,ok,0,8,7,0.0
chb01,chb01_15.edf,2700.0,2704.0,0.5,0.175,64,0.19637001542360058,ok,0,9,8,0.0
chb01,chb01_15.edf,2700.0,2704.0,0.5,0.175,65,0.546024803519956,ok,0,10,8,0.0
chb01,chb01_15.edf,2700.0,2704.0,0.5,0.175,66,0.3428004452807938,ok,0,11,9,0.0
chb01,chb01_15.edf,2700.0,2704.0,0.5,0.175,67,0.8377672197615914,ok,0,6,5,0.0
chb01,chb01_15.edf,2700.0,2704.0,0.5,0.175,68,1.2563716415680837,ok,0,11,10,0.0
chb01,chb01_15.edf,2700.0,2704.0,0.5,0.175,69,1.1682562182790923,ok,0,9,7,0.0
chb01,chb01_15.edf,2700.0,2704.0,0.5,0.175,70,0.509154547108042,ok,0,14,13,0.0
chb01,chb01_15.edf,2700.0,2704.0,0.5,0.175,71,1.8179982256514546,ok,0,11,9,0.0
chb01,chb01_15.edf,2700.0,2704.0,0.5,0.175,72,0.18642507739616473,ok,0,6,5,0.0
chb01,chb01_15.edf,2700.0,2704.0,0.5,0.175,73,0.6055742018279381,ok,0,9,8,0.0
chb01,chb01_15.edf,2700.0,2704.0,0.5,0.175,74,0.6459554029830527,ok,0,9,7,0.0
chb01,chb01_15.edf,2700.0,2704.0,0.5,0.175,75,0.9654666566235744,ok,0,12,10,0.0
chb01,chb01_15.edf,2700.0,2704.0,0.5,0.175,76,0.36298934659700444,ok,0,11,10,0.0
chb01,chb01_15.edf,2700.0,2704.0,0.5,0.175,77,1.4397992123948258,ok,0,10,9,0.0
chb01,chb01_15.edf,2700.0,2704.0,0.5,0.175,78,0.8764622074007292,ok,0,10,9,0.0
chb01,chb01_15.edf,2700.0,2704.0,0.5,0.175,79,0.6660998123404629,ok,0,8,7,0.0
chb01,chb01_15.edf,2700.0,2704.0,0.5,0.175,80,0.48943288169382493,ok,0,10,8,0.0
chb01,chb01_15.edf,2700.0,2704.0,0.5,0.175,81,1.3487816138931745,ok,0,10,9,0.0
chb01,chb01_15.edf,2700.0,2704.0,0.5,0.35,62,0.552256108710918,ok,0,12,11,0.0
chb01,chb01_15.edf,2700.0,2704.0,0.5,0.35,63,0.14655956456718455,ok,0,8,7,0.0
chb01,chb01_15.edf,2700.0,2704.0,0.5,0.35,64,0.33066737835270793,ok,0,10,9,0.0
chb01,chb01_15.edf,2700.0,2704.0,0.5,0.35,65,0.546024803519956,ok,0,10,8,0.0
chb01,chb01_15.edf,2700.0,2704.0,0.5,0.35,66,0.3428004452807938,ok,0,11,9,0.0
chb01,chb01_15.edf,2700.0,2704.0,0.5,0.35,67,0.8103743068270468,ok,0,6,5,0.0
chb01,chb01_15.edf,2700.0,2704.0,0.5,0.35,68,1.1655060874171033,ok,0,12,11,0.0
chb01,chb01_15.edf,2700.0,2704.0,0.5,0.35,69,1.1698666796376167,ok,0,9,7,0.0
chb01,chb01_15.edf,2700.0,2704.0,0.5,0.35,70,0.5092842053945499,ok,0,14,13,0.0
chb01,chb01_15.edf,2700.0,2704.0,0.5,0.35,71,1.8386018855277186,ok,0,11,9,0.0
chb01,chb01_15.edf,2700.0,2704.0,0.5,0.35,72,0.1692486635019696,ok,0,6,5,0.0
chb01,chb01_15.edf,2700.0,2704.0,0.5,0.35,73,0.6314649825666528,ok,0,10,9,0.0
chb01,chb01_15.edf,2700.0,2704.0,0.5,0.35,74,0.6459554029830528,ok,0,9,7,0.0
chb01,chb01_15.edf,2700.0,2704.0,0.5,0.35,75,0.933210050881639,ok,0,11,10,0.0
chb01,chb01_15.edf,2700.0,2704.0,0.5,0.35,76,0.36298934659700444,ok,0,11,10,0.0
chb01,chb01_15.edf,2700.0,2704.0,0.5,0.35,77,1.4397992123948258,ok,0,10,9,0.0
chb01,chb01_15.edf,2700.0,2704.0,0.5,0.35,78,0.8764622074007292,ok,0,10,9,0.0
chb01,chb01_15.edf,2700.0,2704.0,0.5,0.35,79,0.7580899903147936,ok,0,9,7,0.0
chb01,chb01_15.edf,2700.0,2704.0,0.5,0.35,80,0.48943288169382493,ok,0,10,8,0.0
chb01,chb01_15.edf,2700.0,2704.0,0.5,0.35,81,1.3455109473415157,ok,0,10,9,0.0
chb01,chb01_15.edf,2700.0,2704.0,0.5,0.7,62,0.6207828041515958,ok,0,12,11,0.0
chb01,chb01_15.edf,2700.0,2704.0,0.5,0.7,63,0.1341085138747142,ok,0,8,7,0.0
chb01,chb01_15.edf,2700.0,2704.0,0.5,0.7,64,0.33066737835270793,ok,0,10,9,0.0
chb01,chb01_15.edf,2700.0,2704.0,0.5,0.7,65,0.5117589871531611,ok,0,9,8,0.0
chb01,chb01_15.edf,2700.0,2704.0,0.5,0.7,66,0.3428004452807938,ok,0,11,9,0.0
chb01,chb01_15.edf,2700.0,2704.0,0.5,0.7,67,0.8103743068270468,ok,0,6,5,0.0
chb01,chb01_15.edf,2700.0,2704.0,0.5,0.7,68,1.1655060874171033,ok,0,12,11,0.0
chb01,chb01_15.edf,2700.0,2704.0,0.5,0.7,69,1.2059610866277488,ok,0,8,6,0.0
chb01,chb01_15.edf,2700.0,2704.0,0.5,0.7,70,0.5051509297657385,ok,0,13,12,0.0
chb01,chb01_15.edf,2700.0,2704.0,0.5,0.7,71,1.8386018855277186,ok,0,11,9,0.0
chb01,chb01_15.edf,2700.0,2704.0,0.5,0.7,72,0.16433130527249512,ok,0,6,5,0.0
chb01,chb01_15.edf,2700.0,2704.0,0.5,0.7,73,0.63343398558566,ok,0,10,9,0.0
chb01,chb01_15.edf,2700.0,2704.0,0.5,0.7,74,0.6422544361760395,ok,0,9,7,0.0
chb01,chb01_15.edf,2700.0,2704.0,0.5,0.7,75,0.9382617451167234,ok,0,11,10,0.0
chb01,chb01_15.edf,2700.0,2704.0,0.5,0.7,76,0.36298934659700444,ok,0,11,10,0.0
chb01,chb01_15.edf,2700.0,2704.0,0.5,0.7,77,1.4404366547069316,ok,0,10,9,0.0
chb01,chb01_15.edf,2700.0,2704.0,0.5,0.7,78,0.8779361803529375,ok,0,10,9,0.0
chb01,chb01_15.edf,2700.0,2704.0,0.5,0.7,79,0.7580899903147936,ok,0,9,7,0.0
chb01,chb01_15.edf,2700.0,2704.0,0.5,0.7,80,0.4465461618076503,ok,0,10,7,0.0
chb01,chb01_15.edf,2700.0,2704.0,0.5,0.7,81,1.3453019320978854,ok,0,10,9,0.0
chb01,chb01_15.edf,2700.0,2704.0,1.0,0.0,62,0.7743914046997703,ok,0,11,10,0.0
chb01,chb01_15.edf,2700.0,2704.0,1.0,0.0,63,0.21488489744161204,ok,0,8,7,0.0
chb01,chb01_15.edf,2700.0,2704.0,1.0,0.0,64,0.17192047651837583,ok,0,10,9,0.0
chb01,chb01_15.edf,2700.0,2704.0,1.0,0.0,65,0.48620003231413916,ok,0,12,9,0.0
chb01,chb01_15.edf,2700.0,2704.0,1.0,0.0,66,1.3756822323974554,ok,0,13,11,0.0
chb01,chb01_15.edf,2700.0,2704.0,1.0,0.0,67,1.0067830609804835,ok,0,9,8,0.0
chb01,chb01_15.edf,2700.0,2704.0,1.0,0.0,68,1.5176810316646947,ok,0,13,11,0.0
chb01,chb01_15.edf,2700.0,2704.0,1.0,0.0,69,1.0610836315798138,ok,0,8,5,0.0
chb01,chb01_15.edf,2700.0,2704.0,1.0,0.0,70,0.981919803246944,ok,0,12,11,0.0
chb01,chb01_15.edf,2700.0,2704.0,1.0,0.0,71,1.7937447317653397,ok,0,10,8,0.0
chb01,chb01_15.edf,2700.0,2704.0,1.0,0.0,72,0.18642507739616473,ok,0,6,5,0.0
chb01,chb01_15.edf,2700.0,2704.0,1.0,0.0,73,0.5987516059102022,ok,0,9,8,0.0
chb01,chb01_15.edf,2700.0,2704.0,1.0,0.0,74,0.6443582292066723,ok,0,11,10,0.0
chb01,chb01_15.edf,2700.0,2704.0,1.0,0.0,75,1.65888681246551,ok,0,10,7,0.0
chb01,chb01_15.edf,2700.0,2704.0,1.0,0.0,76,0.22553402254439306,ok,0,12,11,0.0
chb01,chb01_15.edf,2700.0,2704.0,1.0,0.0,77,1.261454559020981,ok,0,10,9,0.0
chb01,chb01_15.edf,2700.0,2704.0,1.0,0.0,78,1.9856992051961986,ok,0,12,11,0.0
chb01,chb01_15.edf,2700.0,2704.0,1.0,0.0,79,0.1609368397508929,ok,0,7,6,0.0
chb01,chb01_15.edf,2700.0,2704.0,1.0,0.0,80,0.8375512923759941,ok,0,11,9,0.0
chb01,chb01_15.edf,2700.0,2704.0,1.0,0.0,81,1.3218647883394035,ok,0,10,8,0.0
chb01,chb01_15.edf,2700.0,2704.0,1.0,0.175,62,0.8207228509784782,ok,0,12,11,0.0
chb01,chb01_15.edf,2700.0,2704.0,1.0,0.175,63,0.16726057798219393,ok,0,8,7,0.0
chb01,chb01_15.edf,2700.0,2704.0,1.0,0.175,64,0.17192047651837583,ok,0,10,9,0.0
chb01,chb01_15.edf,2700.0,2704.0,1.0,0.175,65,0.48620003231413916,ok,0,12,9,0.0
chb01,chb01_15.edf,2700.0,2704.0,1.0,0.175,66,1.3756822323974554,ok,0,13,11,0.0
chb01,chb01_15.edf,2700.0,2704.0,1.0,0.175,67,1.0067830609804835,ok,0,9,8,0.0
chb01,chb01_15.edf,2700.0,2704.0,1.0,0.175,68,1.5176810316646947,ok,0,13,11,0.0
chb01,chb01_15.edf,2700.0,2704.0,1.0,0.175,69,1.0610836315798138,ok,0,8,5,0.0
chb01,chb01_15.edf,2700.0,2704.0,1.0,0.175,70,1.0503580581633432,ok,0,12,10,0.0
chb01,chb01_15.edf,2700.0,2704.0,1.0,0.175,71,1.7937447317653397,ok,0,10,8,0.0
chb01,chb01_15.edf,2700.0,2704.0,1.0,0.175,72,0.1692486635019696,ok,0,6,5,0.0
chb01,chb01_15.edf,2700.0,2704.0,1.0,0.175,73,0.5987516059102022,ok,0,9,8,0.0
chb01,chb01_15.edf,2700.0,2704.0,1.0,0.175,74,0.6459406006850896,ok,0,11,10,0.0
chb01,chb01_15.edf,2700.0,2704.0,1.0,0.175,75,1.65888681246551,ok,0,10,7,0.0
chb01,chb01_15.edf,2700.0,2704.0,1.0,0.175,76,0.22553402254439306,ok,0,12,11,0.0
chb01,chb01_15.edf,2700.0,2704.0,1.0,0.175,77,1.261454559020981,ok,0,10,9,0.0
chb01,chb01_15.edf,2700.0,2704.0,1.0,0.175,78,1.9856992051961986,ok,0,12,11,0.0
chb01,chb01_15.edf,2700.0,2704.0,1.0,0.175,79,0.1609368397508929,ok,0,7,6,0.0
chb01,chb01_15.edf,2700.0,2704.0,1.0,0.175,80,0.9244954663863411,ok,0,10,8,0.0
chb01,chb01_15.edf,2700.0,2704.0,1.0,0.175,81,1.3218647883394035,ok,0,10,8,0.0
chb01,chb01_15.edf,2700.0,2704.0,1.0,0.35,62,0.7983136868304992,ok,0,11,10,0.0
chb01,chb01_15.edf,2700.0,2704.0,1.0,0.35,63,0.14655956456718455,ok,0,8,7,0.0
chb01,chb01_15.edf,2700.0,2704.0,1.0,0.35,64,0.17192047651837583,ok,0,10,9,0.0
chb01,chb01_15.edf,2700.0,2704.0,1.0,0.35,65,0.4351303559822154,ok,0,11,9,0.0
chb01,chb01_15.edf,2700.0,2704.0,1.0,0.35,66,1.3756822323974554,ok,0,13,11,0.0
chb01,chb01_15.edf,2700.0,2704.0,1.0,0.35,67,1.0067830609804835,ok,0,9,8,0.0
chb01,chb01_15.edf,2700.0,2704.0,1.0,0.35,68,1.4921200874339864,ok,0,13,11,0.0
chb01,chb01_15.edf,2700.0,2704.0,1.0,0.35,69,1.0610836315798138,ok,0,8,5,0.0
chb01,chb01_15.edf,2700.0,2704.0,1.0,0.35,70,1.0503580581633432,ok,0,12,10,0.0
chb01,chb01_15.edf,2700.0,2704.0,1.0,0.35,71,1.7937447317653397,ok,0,10,8,0.0
chb01,chb01_15.edf,2700.0,2704.0,1.0,0.35,72,0.1692486635019696,ok,0,6,5,0.0
chb01,chb01_15.edf,2700.0,2704.0,1.0,0.35,73,0.5987516059102022,ok,0,9,8,0.0
chb01,chb01_15.edf,2700.0,2704.0,1.0,0.35,74,0.6459406006850896,ok,0,11,10,0.0
chb01,chb01_15.edf,2700.0,2704.0,1.0,0.35,75,1.65888681246551,ok,0,10,7,0.0
chb01,chb01_15.edf,2700.0,2704.0,1.0,0.35,76,0.22652733919178974,ok,0,12,11,0.0
chb01,chb01_15.edf,2700.0,2704.0,1.0,0.35,77,1.261454559020981,ok,0,10,9,0.0
chb01,chb01_15.edf,2700.0,2704.0,1.0,0.35,78,1.9856992051961986,ok,0,12,11,0.0
chb01,chb01_15.edf,2700.0,2704.0,1.0,0.35,79,0.1609368397508929,ok,0,7,6,0.0
chb01,chb01_15.edf,2700.0,2704.0,1.0,0.35,80,0.7001723173641382,ok,0,11,9,0.0
chb01,chb01_15.edf,2700.0,2704.0,1.0,0.35,81,1.3218647883394035,ok,0,10,8,0.0
chb01,chb01_15.edf,2700.0,2704.0,1.0,0.7,62,0.7983136868304992,ok,0,11,10,0.0
chb01,chb01_15.edf,2700.0,2704.0,1.0,0.7,63,0.14655956456718455,ok,0,8,7,0.0
chb01,chb01_15.edf,2700.0,2704.0,1.0,0.7,64,0.17192047651837583,ok,0,10,9,0.0
chb01,chb01_15.edf,2700.0,2704.0,1.0,0.7,65,0.4351303559822154,ok,0,11,9,0.0
chb01,chb01_15.edf,2700.0,2704.0,1.0,0.7,66,1.3756822323974554,ok,0,13,11,0.0
chb01,chb01_15.edf,2700.0,2704.0,1.0,0.7,67,0.9228231309004452,ok,0,8,7,0.0
chb01,chb01_15.edf,2700.0,2704.0,1.0,0.7,68,1.4921200874339864,ok,0,13,11,0.0
chb01,chb01_15.edf,2700.0,2704.0,1.0,0.7,69,1.0610836315798138,ok,0,8,5,0.0
chb01,chb01_15.edf,2700.0,2704.0,1.0,0.7,70,1.0503580581633432,ok,0,12,10,0.0
chb01,chb01_15.edf,2700.0,2704.0,1.0,0.7,71,1.7937447317653397,ok,0,10,8,0.0
chb01,chb01_15.edf,2700.0,2704.0,1.0,0.7,72,0.16433130527249512,ok,0,6,5,0.0
chb01,chb01_15.edf,2700.0,2704.0,1.0,0.7,73,0.599754010011926,ok,0,9,8,0.0
chb01,chb01_15.edf,2700.0,2704.0,1.0,0.7,74,0.6459406006850896,ok,0,11,10,0.0
chb01,chb01_15.edf,2700.0,2704.0,1.0,0.7,75,1.5912551774874504,ok,0,9,7,0.0
chb01,chb01_15.edf,2700.0,2704.0,1.0,0.7,76,0.22652733919178974,ok,0,12,11,0.0
chb01,chb01_15.edf,2700.0,2704.0,1.0,0.7,77,1.261454559020981,ok,0,10,9,0.0
chb01,chb01_15.edf,2700.0,2704.0,1.0,0.7,78,1.9856992051961986,ok,0,12,11,0.0
chb01,chb01_15.edf,2700.0,2704.0,1.0,0.7,79,0.1878077787684282,ok,0,7,6,0.0
chb01,chb01_15.edf,2700.0,2704.0,1.0,0.7,80,0.7001723173641382,ok,0,11,9,0.0
chb01,chb01_15.edf,2700.0,2704.0,1.0,0.7,81,1.3218647883394035,ok,0,10,8,0.0
chb01,chb01_16.edf,904.0,908.0,0.25,0.0,62,0.6171842911523988,ok,0,10,9,0.0
chb01,chb01_16.edf,904.0,908.0,0.25,0.0,63,2.043747370146671,ok,0,9,8,0.0
chb01,chb01_16.edf,904.0,908.0,0.25,0.0,64,0.8756532617719204,ok,0,9,8,0.0
chb01,chb01_16.edf,904.0,908.0,0.25,0.0,65,0.9667718123938864,ok,0,11,10,0.0
chb01,chb01_16.edf,904.0,908.0,0.25,0.0,66,0.3631787913269073,ok,0,11,9,0.0
chb01,chb01_16.edf,904.0,908.0,0.25,0.0,67,0.8092054221906116,ok,0,11,9,0.0
chb01,chb01_16.edf,904.0,908.0,0.25,0.0,68,0.9681035064574081,ok,0,9,8,0.0
chb01,chb01_16.edf,904.0,908.0,0.25,0.0,69,1.241548694349417,ok,0,10,8,0.0
chb01,chb01_16.edf,904.0,908.0,0.25,0.0,70,0.2793983295119334,ok,0,9,8,0.0
chb01,chb01_16.edf,904.0,908.0,0.25,0.0,71,1.5904417843670142,ok,0,12,11,0.0
chb01,chb01_16.edf,904.0,908.0,0.25,0.0,72,0.9990557900479503,ok,0,11,9,0.0
chb01,chb01_16.edf,904.0,908.0,0.25,0.0,73,0.4814093715175572,ok,0,8,7,0.0
chb01,chb01_16.edf,904.0,908.0,0.25,0.0,74,0.6162790697674418,ok,0,11,8,0.0
chb01,chb01_16.edf,904.0,908.0,0.25,0.0,75,0.35394981220923855,ok,0,12,11,0.0
chb01,chb01_16.edf,904.0,908.0,0.25,0.0,76,0.3909772130214703,ok,0,12,11,0.0
chb01,chb01_16.edf,904.0,908.0,0.25,0.0,77,0.9447730595988872,ok,0,6,4,0.0
chb01,chb01_16.edf,904.0,908.0,0.25,0.0,78,1.3483863463099397,ok,0,11,10,0.0
chb01,chb01_16.edf,904.0,908.0,0.25,0.0,79,0.1609368397508929,ok,0,7,6,0.0
chb01,chb01_16.edf,904.0,908.0,0.25,0.0,80,0.1797136108456547,ok,0,12,10,0.0
chb01,chb01_16.edf,904.0,908.0,0.25,0.0,81,1.4033891062507988,ok,0,10,7,0.0
chb01,chb01_16.edf,904.0,908.0,0.25,0.175,62,0.5561303924929162,ok,0,10,9,0.0
chb01,chb01_16.edf,904.0,908.0,0.25,0.175,63,0.23111040959749207,ok,0,9,8,0.0
chb01,chb01_16.edf,904.0,908.0,0.25,0.175,64,0.8756532617719204,ok,0,9,8,0.0
chb01,chb01_16.edf,904.0,908.0,0.25,0.175,65,1.4959296639228927,ok,0,11,9,0.0
chb01,chb01_16.edf,904.0,908.0,0.25,0.175,66,0.3428004452807938,ok,0,11,9,0.0
chb01,chb01_16.edf,904.0,908.0,0.25,0.175,67,0.316281909332361,ok,0,10,8,0.0
chb01,chb01_16.edf,904.0,908.0,0.25,0.175,68,0.9548224725295615,ok,0,9,8,0.0
chb01,chb01_16.edf,904.0,908.0,0.25,0.175,69,1.241548694349417,ok,0,10,8,0.0
chb01,chb01_16.edf,904.0,908.0,0.25,0.175,70,0.2793983295119334,ok,0,9,8,0.0
chb01,chb01_16.edf,904.0,908.0,0.25,0.175,71,1.5904417843670142,ok,0,12,11,0.0
chb01,chb01_16.edf,904.0,908.0,0.25,0.175,72,1.036602579331663,ok,0,12,9,0.0
chb01,chb01_16.edf,904.0,908.0,0.25,0.175,73,0.4964099431426518,ok,0,7,6,0.0
chb01,chb01_16.edf,904.0,908.0,0.25,0.175,74,0.5676782562522674,ok,0,12,9,0.0
chb01,chb01_16.edf,904.0,908.0,0.25,0.175,75,0.5896755223375995,ok,0,11,10,0.0
chb01,chb01_16.edf,904.0,908.0,0.25,0.175,76,0.9853027208035106,ok,0,10,8,0.0
chb01,chb01_16.edf,904.0,908.0,0.25,0.175,77,0.9447730595988872,ok,0,6,4,0.0
chb01,chb01_16.edf,904.0,908.0,0.25,0.175,78,1.3019074560201331,ok,0,11,9,0.0
chb01,chb01_16.edf,904.0,908.0,0.25,0.175,79,0.1609368397508929,ok,0,7,6,0.0
chb01,chb01_16.edf,904.0,908.0,0.25,0.175,80,0.16139070270625072,ok,0,11,10,0.0
chb01,chb01_16.edf,904.0,908.0,0.25,0.175,81,1.2885523902641125,ok,0,9,8,0.0
chb01,chb01_16.edf,904.0,908.0,0.25,0.35,62,0.5623256796882844,ok,0,10,9,0.0
chb01,chb01_16.edf,904.0,908.0,0.25,0.35,63,0.18960006561314807,ok,0,8,7,0.0
chb01,chb01_16.edf,904.0,908.0,0.25,0.35,64,0.8756532617719204,ok,0,9,8,0.0
chb01,chb01_16.edf,904.0,908.0,0.25,0.35,65,1.4959296639228927,ok,0,11,9,0.0
chb01,chb01_16.edf,904.0,908.0,0.25,0.35,66,0.3428004452807938,ok,0,11,9,0.0
chb01,chb01_16.edf,904.0,908.0,0.25,0.35,67,0.4033813927116258,ok,0,10,8,0.0
chb01,chb01_16.edf,904.0,908.0,0.25,0.35,68,0.9621081940610469,ok,0,9,8,0.0
chb01,chb01_16.edf,904.0,908.0,0.25,0.35,69,1.1493631610129051,ok,0,9,7,0.0
chb01,chb01_16.edf,904.0,908.0,0.25,0.35,70,0.2850088804323723,ok,0,8,7,0.0
chb01,chb01_16.edf,904.0,908.0,0.25,0.35,71,1.3880944615992352,ok,0,13,12,0.0
chb01,chb01_16.edf,904.0,908.0,0.25,0.35,72,0.9997704940731007,ok,0,11,9,0.0
chb01,chb01_16.edf,904.0,908.0,0.25,0.35,73,0.500226125325891,ok,0,7,6,0.0
chb01,chb01_16.edf,904.0,908.0,0.25,0.35,74,0.5447068646780547,ok,0,11,8,0.0
chb01,chb01_16.edf,904.0,908.0,0.25,0.35,75,0.5328381491937418,ok,0,10,9,0.0
chb01,chb01_16.edf,904.0,908.0,0.25,0.35,76,1.1114122384373326,ok,0,11,10,0.0
chb01,chb01_16.edf,904.0,908.0,0.25,0.35,77,0.9447730595988872,ok,0,6,4,0.0
chb01,chb01_16.edf,904.0,908.0,0.25,0.35,78,1.2903493341374306,ok,0,10,9,0.0
chb01,chb01_16.edf,904.0,908.0,0.25,0.35,79,0.1568870781527907,ok,0,8,5,0.0
chb01,chb01_16.edf,904.0,908.0,0.25,0.35,80,0.1851386628487887,ok,0,11,10,0.0
chb01,chb01_16.edf,904.0,908.0,0.25,0.35,81,1.2885523902641125,ok,0,9,8,0.0
chb01,chb01_16.edf,904.0,908.0,0.25,0.7,62,0.5820654320358967,ok,0,10,9,0.0
chb01,chb01_16.edf,904.0,908.0,0.25,0.7,63,0.18960006561314807,ok,0,8,7,0.0
chb01,chb01_16.edf,904.0,908.0,0.25,0.7,64,0.8165269379102781,ok,0,9,7,0.0
chb01,chb01_16.edf,904.0,908.0,0.25,0.7,65,1.249669389116988,ok,0,9,6,0.0
chb01,chb01_16.edf,904.0,908.0,0.25,0.7,66,0.3375933909545367,ok,0,11,9,0.0
chb01,chb01_16.edf,904.0,908.0,0.25,0.7,67,0.2802044663032481,ok,0,9,8,0.0
chb01,chb01_16.edf,904.0,908.0,0.25,0.7,68,1.1602506485079571,ok,0,8,7,0.0
chb01,chb01_16.edf,904.0,908.0,0.25,0.7,69,1.0633558253918516,ok,0,10,8,0.0
chb01,chb01_16.edf,904.0,908.0,0.25,0.7,70,0.2850088804323723,ok,0,8,7,0.0
chb01,chb01_16.edf,904.0,908.0,0.25,0.7,71,1.3880944615992352,ok,0,13,12,0.0
chb01,chb01_16.edf,904.0,908.0,0.25,0.7,72,1.5701958252101884,ok,0,9,8,0.0
chb01,chb01_16.edf,904.0,908.0,0.25,0.7,73,0.3952387248553628,ok,0,10,9,0.0
chb01,chb01_16.edf,904.0,908.0,0.25,0.7,74,0.37226381166895434,ok,0,10,9,0.0
chb01,chb01_16.edf,904.0,908.0,0.25,0.7,75,0.550764976240383,ok,0,10,9,0.0
chb01,chb01_16.edf,904.0,908.0,0.25,0.7,76,0.7923092718448628,ok,0,9,8,0.0
chb01,chb01_16.edf,904.0,908.0,0.25,0.7,77,0.7840421286939154,ok,0,6,4,0.0
chb01,chb01_16.edf,904.0,908.0,0.25,0.7,78,1.2577803952335023,ok,0,11,9,0.0
chb01,chb01_16.edf,904.0,908.0,0.25,0.7,79,0.15218217883084012,ok,0,8,6,0.0
chb01,chb01_16.edf,904.0,908.0,0.25,0.7,80,0.2783595788455784,ok,0,14,12,0.0
chb01,chb01_16.edf,904.0,908.0,0.25,0.7,81,1.2527704452743986,ok,0,9,7,0.0
chb01,chb01_16.edf,904.0,908.0,0.5,0.0,62,0.5712931377579745,ok,0,12,11,0.0
chb01,chb01_16.edf,904.0,908.0,0.5,0.0,63,0.16726057798219393,ok,0,8,7,0.0
chb01,chb01_16.edf,904.0,908.0,0.5,0.0,64,0.19637001542360058,ok,0,9,8,0.0
chb01,chb01_16.edf,904.0,908.0,0.5,0.0,65,0.546024803519956,ok,0,10,8,0.0
chb01,chb01_16.edf,904.0,908.0,0.5,0.0,66,0.3428004452807938,ok,0,11,9,0.0
chb01,chb01_16.edf,904.0,908.0,0.5,0.0,67,0.9454773281444654,ok,0,7,6,0.0
chb01,chb01_16.edf,904.0,908.0,0.5,0.0,68,1.2291207868644798,ok,0,12,11,0.0
chb01,chb01_16.edf,904.0,908.0,0.5,0.0,69,1.1682562182790923,ok,0,9,7,0.0
chb01,chb01_16.edf,904.0,908.0,0.5,0.0,70,0.5111811702061327,ok,0,14,13,0.0
chb01,chb01_16.edf,904.0,908.0,0.5,0.0,71,1.8179982256514546,ok,0,11,9,0.0
chb01,chb01_16.edf,904.0,908.0,0.5,0.0,72,0.18642507739616473,ok,0,6,5,0.0
chb01,chb01_16.edf,904.0,908.0,0.5,0.0,73,0.6286253346157429,ok,0,10,9,0.0
chb01,chb01_16.edf,904.0,908.0,0.5,0.0,74,0.6476197533905482,ok,0,9,7,0.0
chb01,chb01_16.edf,904.0,908.0,0.5,0.0,75,0.9626906857352386,ok,0,12,10,0.0
chb01,chb01_16.edf,904.0,908.0,0.5,0.0,76,0.48840569686484475,ok,0,10,9,0.0
chb01,chb01_16.edf,904.0,908.0,0.5,0.0,77,1.4397992123948258,ok,0,10,9,0.0
chb01,chb01_16.edf,904.0,908.0,0.5,0.0,78,0.8783739115481473,ok,0,10,9,0.0
chb01,chb01_16.edf,904.0,908.0,0.5,0.0,79,0.6660998123404629,ok,0,8,7,0.0
chb01,chb01_16.edf,904.0,908.0,0.5,0.0,80,0.48943288169382493,ok,0,10,8,0.0
chb01,chb01_16.edf,904.0,908.0,0.5,0.0,81,1.3487816138931745,ok,0,10,9,0.0
chb01,chb01_16.edf,904.0,908.0,0.5,0.175,62,0.5294834872571414,ok,0,12,10,0.0
chb01,chb01_16.edf,904.0,908.0,0.5,0.175,63,0.14655956456718455,ok,0,8,7,0.0
chb01,chb01_16.edf,904.0,908.0,0.5,0.175,64,0.32911106008116,ok,0,10,9,0.0
chb01,chb01_16.edf,904.0,908.0,0.5,0.175,65,0.5518250131061467,ok,0,10,8,0.0
chb01,chb01_16.edf,904.0,908.0,0.5,0.175,66,0.3428004452807938,ok,0,11,9,0.0
chb01,chb01_16.edf,904.0,908.0,0.5,0.175,67,0.9454773281444654,ok,0,7,6,0.0
chb01,chb01_16.edf,904.0,908.0,0.5,0.175,68,1.2563716415680837,ok,0,11,10,0.0
chb01,chb01_16.edf,904.0,908.0,0.5,0.175,69,1.2636524125816837,ok,0,9,8,0.0
chb01,chb01_16.edf,904.0,908.0,0.5,0.175,70,0.5111811702061327,ok,0,14,13,0.0
chb01,chb01_16.edf,904.0,908.0,0.5,0.175,71,1.8814282450408817,ok,0,11,10,0.0
chb01,chb01_16.edf,904.0,908.0,0.5,0.175,72,0.18642507739616473,ok,0,6,5,0.0
chb01,chb01_16.edf,904.0,908.0,0.5,0.175,73,0.6775584925731184,ok,0,10,9,0.0
chb01,chb01_16.edf,904.0,908.0,0.5,0.175,74,0.6476197533905482,ok,0,9,7,0.0
chb01,chb01_16.edf,904.0,908.0,0.5,0.175,75,0.933210050881639,ok,0,11,10,0.0
chb01,chb01_16.edf,904.0,908.0,0.5,0.175,76,0.48840569686484475,ok,0,10,9,0.0
chb01,chb01_16.edf,904.0,908.0,0.5,0.175,77,1.4882095124675974,ok,0,9,8,0.0
chb01,chb01_16.edf,904.0,908.0,0.5,0.175,78,0.842869542983464,ok,0,10,9,0.0
chb01,chb01_16.edf,904.0,908.0,0.5,0.175,79,0.6660998123404629,ok,0,8,7,0.0
chb01,chb01_16.edf,904.0,908.0,0.5,0.175,80,0.7001723173641382,ok,0,11,9,0.0
chb01,chb01_16.edf,904.0,908.0,0.5,0.175,81,1.3487816138931745,ok,0,10,9,0.0
chb01,chb01_16.edf,904.0,908.0,0.5,0.35,62,0.5294834872571414,ok,0,12,10,0.0
chb01,chb01_16.edf,904.0,908.0,0.5,0.35,63,0.14655956456718455,ok,0,8,7,0.0
chb01,chb01_16.edf,904.0,908.0,0.5,0.35,64,0.32911106008116,ok,0,10,9,0.0
chb01,chb01_16.edf,904.0,908.0,0.5,0.35,65,0.5474024512937127,ok,0,10,7,0.0
chb01,chb01_16.edf,904.0,908.0,0.5,0.35,66,0.3375933909545367,ok,0,11,9,0.0
chb01,chb01_16.edf,904.0,908.0,0.5,0.35,67,0.9220659889498258,ok,0,7,6,0.0
chb01,chb01_16.edf,904.0,908.0,0.5,0.35,68,1.3856201814466502,ok,0,10,9,0.0
chb01,chb01_16.edf,904.0,908.0,0.5,0.35,69,1.3140217803565544,ok,0,10,9,0.0
chb01,chb01_16.edf,904.0,908.0,0.5,0.35,70,0.5111811702061327,ok,0,14,13,0.0
chb01,chb01_16.edf,904.0,908.0,0.5,0.35,71,1.8814282450408817,ok,0,11,10,0.0
chb01,chb01_16.edf,904.0,908.0,0.5,0.35,72,0.18642507739616473,ok,0,6,5,0.0
chb01,chb01_16.edf,904.0,908.0,0.5,0.35,73,0.6549617290350132,ok,0,9,8,0.0
chb01,chb01_16.edf,904.0,908.0,0.5,0.35,74,0.679518065785539,ok,0,9,8,0.0
chb01,chb01_16.edf,904.0,908.0,0.5,0.35,75,0.7866351774840227,ok,0,12,11,0.0
chb01,chb01_16.edf,904.0,908.0,0.5,0.35,76,0.4917726859794421,ok,0,11,10,0.0
chb01,chb01_16.edf,904.0,908.0,0.5,0.35,77,1.4885965011016011,ok,0,9,8,0.0
chb01,chb01_16.edf,904.0,908.0,0.5,0.35,78,0.7491803736177324,ok,0,9,7,0.0
chb01,chb01_16.edf,904.0,908.0,0.5,0.35,79,0.7580899903147936,ok,0,9,7,0.0
chb01,chb01_16.edf,904.0,908.0,0.5,0.35,80,0.7001723173641382,ok,0,11,9,0.0
chb01,chb01_16.edf,904.0,908.0,0.5,0.35,81,1.3455109473415157,ok,0,10,9,0.0
chb01,chb01_16.edf,904.0,908.0,0.5,0.7,62,0.8280278883942644,ok,0,10,8,0.0
chb01,chb01_16.edf,904.0,908.0,0.5,0.7,63,0.5916894312588454,ok,0,9,8,0.0
chb01,chb01_16.edf,904.0,908.0,0.5,0.7,64,0.33065012420294204,ok,0,10,8,0.0
chb01,chb01_16.edf,904.0,908.0,0.5,0.7,65,0.775678143263159,ok,0,10,6,0.0
chb01,chb01_16.edf,904.0,908.0,0.5,0.7,66,0.3375933909545367,ok,0,11,9,0.0
chb01,chb01_16.edf,904.0,908.0,0.5,0.7,67,0.8545925679623042,ok,0,6,5,0.0
chb01,chb01_16.edf,904.0,908.0,0.5,0.7,68,1.4189611815970886,ok,0,9,8,0.0
chb01,chb01_16.edf,904.0,908.0,0.5,0.7,69,1.1278302807453278,ok,0,11,9,0.0
chb01,chb01_16.edf,904.0,908.0,0.5,0.7,70,0.6368640921118522,ok,0,13,12,0.0
chb01,chb01_16.edf,904.0,908.0,0.5,0.7,71,1.5957623648460275,ok,0,12,11,0.0
chb01,chb01_16.edf,904.0,908.0,0.5,0.7,72,1.735567618462016,ok,0,8,6,0.0
chb01,chb01_16.edf,904.0,908.0,0.5,0.7,73,0.6419088992064482,ok,0,10,9,0.0
chb01,chb01_16.edf,904.0,908.0,0.5,0.7,74,0.6715192004312903,ok,0,9,8,0.0
chb01,chb01_16.edf,904.0,908.0,0.5,0.7,75,0.7838470258169992,ok,0,12,11,0.0
chb01,chb01_16.edf,904.0,908.0,0.5,0.7,76,0.4917726859794421,ok,0,11,10,0.0
chb01,chb01_16.edf,904.0,908.0,0.5,0.7,77,1.4285411119869236,ok,0,9,7,0.0
chb01,chb01_16.edf,904.0,908.0,0.5,0.7,78,1.001267528037902,ok,0,8,6,0.0
chb01,chb01_16.edf,904.0,908.0,0.5,0.7,79,0.4344516015647198,ok,0,10,8,0.0
chb01,chb01_16.edf,904.0,908.0,0.5,0.7,80,0.5825101504040131,ok,0,9,7,0.0
chb01,chb01_16.edf,904.0,908.0,0.5,0.7,81,1.2896157374391355,ok,0,10,8,0.0
chb01,chb01_16.edf,904.0,908.0,1.0,0.0,62,0.7743914046997703,ok,0,11,10,0.0
chb01,chb01_16.edf,904.0,908.0,1.0,0.0,63,0.21488489744161204,ok,0,8,7,0.0
chb01,chb01_16.edf,904.0,908.0,1.0,0.0,64,0.17192047651837583,ok,0,10,9,0.0
chb01,chb01_16.edf,904.0,908.0,1.0,0.0,65,0.48620003231413916,ok,0,12,9,0.0
chb01,chb01_16.edf,904.0,908.0,1.0,0.0,66,1.3756822323974554,ok,0,13,11,0.0
chb01,chb01_16.edf,904.0,908.0,1.0,0.0,67,1.0067830609804835,ok,0,9,8,0.0
chb01,chb01_16.edf,904.0,908.0,1.0,0.0,68,1.5176810316646947,ok,0,13,11,0.0
chb01,chb01_16.edf,904.0,908.0,1.0,0.0,69,1.0610836315798138,ok,0,8,5,0.0
chb01,chb01_16.edf,904.0,908.0,1.0,0.0,70,0.981919803246944,ok,0,12,11,0.0
chb01,chb01_16.edf,904.0,908.0,1.0,0.0,71,1.7937447317653397,ok,0,10,8,0.0
chb01,chb01_16.edf,904.0,908.0,1.0,0.0,72,0.18642507739616473,ok,0,6,5,0.0
chb01,chb01_16.edf,904.0,908.0,1.0,0.0,73,0.5987516059102022,ok,0,9,8,0.0
chb01,chb01_16.edf,904.0,908.0,1.0,0.0,74,0.6443582292066723,ok,0,11,10,0.0
chb01,chb01_16.edf,904.0,908.0,1.0,0.0,75,1.65888681246551,ok,0,10,7,0.0
chb01,chb01_16.edf,904.0,908.0,1.0,0.0,76,0.22553402254439306,ok,0,12,11,0.0
chb01,chb01_16.edf,904.0,908.0,1.0,0.0,77,1.261454559020981,ok,0,10,9,0.0
chb01,chb01_16.edf,904.0,908.0,1.0,0.0,78,1.9856992051961986,ok,0,12,11,0.0
chb01,chb01_16.edf,904.0,908.0,1.0,0.0,79,0.1609368397508929,ok,0,7,6,0.0
chb01,chb01_16.edf,904.0,908.0,1.0,0.0,80,0.8375512923759941,ok,0,11,9,0.0
chb01,chb01_16.edf,904.0,908.0,1.0,0.0,81,1.3218647883394035,ok,0,10,8,0.0
chb01,chb01_16.edf,904.0,908.0,1.0,0.175,62,0.7796306885747217,ok,0,12,10,0.0
chb01,chb01_16.edf,904.0,908.0,1.0,0.175,63,0.16726057798219393,ok,0,8,7,0.0
chb01,chb01_16.edf,904.0,908.0,1.0,0.175,64,0.17192047651837583,ok,0,10,9,0.0
chb01,chb01_16.edf,904.0,908.0,1.0,0.175,65,0.48620003231413916,ok,0,12,9,0.0
chb01,chb01_16.edf,904.0,908.0,1.0,0.175,66,1.3756822323974554,ok,0,13,11,0.0
chb01,chb01_16.edf,904.0,908.0,1.0,0.175,67,1.0067830609804835,ok,0,9,8,0.0
chb01,chb01_16.edf,904.0,908.0,1.0,0.175,68,1.4403478634378917,ok,0,12,10,0.0
chb01,chb01_16.edf,904.0,908.0,1.0,0.175,69,1.0610836315798138,ok,0,8,5,0.0
chb01,chb01_16.edf,904.0,908.0,1.0,0.175,70,0.981919803246944,ok,0,12,11,0.0
chb01,chb01_16.edf,904.0,908.0,1.0,0.175,71,1.7937447317653397,ok,0,10,8,0.0
chb01,chb01_16.edf,904.0,908.0,1.0,0.175,72,0.18642507739616473,ok,0,6,5,0.0
chb01,chb01_16.edf,904.0,908.0,1.0,0.175,73,0.5994183380129673,ok,0,9,8,0.0
chb01,chb01_16.edf,904.0,908.0,1.0,0.175,74,0.6443582292066723,ok,0,11,10,0.0
chb01,chb01_16.edf,904.0,908.0,1.0,0.175,75,1.590513747280279,ok,0,9,7,0.0
chb01,chb01_16.edf,904.0,908.0,1.0,0.175,76,0.21554187051388352,ok,0,13,12,0.0
chb01,chb01_16.edf,904.0,908.0,1.0,0.175,77,1.261454559020981,ok,0,10,9,0.0
chb01,chb01_16.edf,904.0,908.0,1.0,0.175,78,1.9856992051961986,ok,0,12,11,0.0
chb01,chb01_16.edf,904.0,908.0,1.0,0.175,79,0.1609368397508929,ok,0,7,6,0.0
chb01,chb01_16.edf,904.0,908.0,1.0,0.175,80,0.847592558041268,ok,0,12,10,0.0
chb01,chb01_16.edf,904.0,908.0,1.0,0.175,81,1.3218647883394035,ok,0,10,8,0.0
chb01,chb01_16.edf,904.0,908.0,1.0,0.35,62,0.7796306885747217,ok,0,12,10,0.0
chb01,chb01_16.edf,904.0,908.0,1.0,0.35,63,0.14655956456718455,ok,0,8,7,0.0
chb01,chb01_16.edf,904.0,908.0,1.0,0.35,64,0.17599259780918877,ok,0,10,8,0.0
chb01,chb01_16.edf,904.0,908.0,1.0,0.35,65,0.48620003231413916,ok,0,12,9,0.0
chb01,chb01_16.edf,904.0,908.0,1.0,0.35,66,1.4500666645278386,ok,0,13,11,0.0
chb01,chb01_16.edf,904.0,908.0,1.0,0.35,67,1.0067830609804835,ok,0,9,8,0.0
chb01,chb01_16.edf,904.0,908.0,1.0,0.35,68,1.4403478634378917,ok,0,12,10,0.0
chb01,chb01_16.edf,904.0,908.0,1.0,0.35,69,1.20327226737019,ok,0,8,6,0.0
chb01,chb01_16.edf,904.0,908.0,1.0,0.35,70,0.981919803246944,ok,0,12,11,0.0
chb01,chb01_16.edf,904.0,908.0,1.0,0.35,71,1.7937447317653397,ok,0,10,8,0.0
chb01,chb01_16.edf,904.0,908.0,1.0,0.35,72,0.025983731852596812,ok,0,7,5,0.0
chb01,chb01_16.edf,904.0,908.0,1.0,0.35,73,0.6612092390740908,ok,0,10,9,0.0
chb01,chb01_16.edf,904.0,908.0,1.0,0.35,74,0.6459406006850896,ok,0,11,10,0.0
chb01,chb01_16.edf,904.0,908.0,1.0,0.35,75,1.590513747280279,ok,0,9,7,0.0
chb01,chb01_16.edf,904.0,908.0,1.0,0.35,76,0.21554187051388352,ok,0,13,12,0.0
chb01,chb01_16.edf,904.0,908.0,1.0,0.35,77,1.262029887125709,ok,0,9,8,0.0
chb01,chb01_16.edf,904.0,908.0,1.0,0.35,78,1.9856992051961986,ok,0,12,11,0.0
chb01,chb01_16.edf,904.0,908.0,1.0,0.35,79,0.1609368397508929,ok,0,7,6,0.0
chb01,chb01_16.edf,904.0,908.0,1.0,0.35,80,0.8460001481744026,ok,0,12,10,0.0
chb01,chb01_16.edf,904.0,908.0,1.0,0.35,81,1.3218647883394035,ok,0,10,8,0.0
chb01,chb01_16.edf,904.0,908.0,1.0,0.7,62,0.792915767480773,ok,0,13,10,0.0
chb01,chb01_16.edf,904.0,908.0,1.0,0.7,63,0.14655956456718455,ok,0,8,7,0.0
chb01,chb01_16.edf,904.0,908.0,1.0,0.7,64,0.19787703507497612,ok,0,10,9,0.0
chb01,chb01_16.edf,904.0,908.0,1.0,0.7,65,0.48620003231413916,ok,0,12,9,0.0
chb01,chb01_16.edf,904.0,908.0,1.0,0.7,66,1.4500666645278386,ok,0,13,11,0.0
chb01,chb01_16.edf,904.0,908.0,1.0,0.7,67,1.0067830609804835,ok,0,9,8,0.0
chb01,chb01_16.edf,904.0,908.0,1.0,0.7,68,1.401413679987985,ok,0,12,9,0.0
chb01,chb01_16.edf,904.0,908.0,1.0,0.7,69,1.2007134745252162,ok,0,7,6,0.0
chb01,chb01_16.edf,904.0,908.0,1.0,0.7,70,0.9935916312915196,ok,0,11,8,0.0
chb01,chb01_16.edf,904.0,908.0,1.0,0.7,71,1.7937447317653397,ok,0,10,8,0.0
chb01,chb01_16.edf,904.0,908.0,1.0,0.7,72,0.24098688218879177,ok,0,6,5,0.0
chb01,chb01_16.edf,904.0,908.0,1.0,0.7,73,0.7003565273687683,ok,0,9,8,0.0
chb01,chb01_16.edf,904.0,908.0,1.0,0.7,74,0.6388595466829557,ok,0,11,10,0.0
chb01,chb01_16.edf,904.0,908.0,1.0,0.7,75,1.5955909285876222,ok,0,8,6,0.0
chb01,chb01_16.edf,904.0,908.0,1.0,0.7,76,0.2708631787598698,ok,0,12,11,0.0
chb01,chb01_16.edf,904.0,908.0,1.0,0.7,77,1.262029887125709,ok,0,9,8,0.0
chb01,chb01_16.edf,904.0,908.0,1.0,0.7,78,1.9399579787191303,ok,0,11,10,0.0
chb01,chb01_16.edf,904.0,908.0,1.0,0.7,79,0.1609368397508929,ok,0,7,6,0.0
chb01,chb01_16.edf,904.0,908.0,1.0,0.7,80,0.7663137249005401,ok,0,11,9,0.0
chb01,chb01_16.edf,904.0,908.0,1.0,0.7,81,1.2173879558635392,ok,0,8,6,0.0
chb01,chb01_16.edf,2700.0,2704.0,0.25,0.0,62,0.6171842911523988,ok,0,10,9,0.0
chb01,chb01_16.edf,2700.0,2704.0,0.25,0.0,63,2.043747370146671,ok,0,9,8,0.0
chb01,chb01_16.edf,2700.0,2704.0,0.25,0.0,64,0.8756532617719204,ok,0,9,8,0.0
chb01,chb01_16.edf,2700.0,2704.0,0.25,0.0,65,0.9667718123938864,ok,0,11,10,0.0
chb01,chb01_16.edf,2700.0,2704.0,0.25,0.0,66,0.3631787913269073,ok,0,11,9,0.0
chb01,chb01_16.edf,2700.0,2704.0,0.25,0.0,67,0.8092054221906116,ok,0,11,9,0.0
chb01,chb01_16.edf,2700.0,2704.0,0.25,0.0,68,0.9681035064574081,ok,0,9,8,0.0
chb01,chb01_16.edf,2700.0,2704.0,0.25,0.0,69,1.241548694349417,ok,0,10,8,0.0
chb01,chb01_16.edf,2700.0,2704.0,0.25,0.0,70,0.2793983295119334,ok,0,9,8,0.0
chb01,chb01_16.edf,2700.0,2704.0,0.25,0.0,71,1.5904417843670142,ok,0,12,11,0.0
chb01,chb01_16.edf,2700.0,2704.0,0.25,0.0,72,0.9990557900479503,ok,0,11,9,0.0
chb01,chb01_16.edf,2700.0,2704.0,0.25,0.0,73,0.4814093715175572,ok,0,8,7,0.0
chb01,chb01_16.edf,2700.0,2704.0,0.25,0.0,74,0.6162790697674418,ok,0,11,8,0.0
chb01,chb01_16.edf,2700.0,2704.0,0.25,0.0,75,0.35394981220923855,ok,0,12,11,0.0
chb01,chb01_16.edf,2700.0,2704.0,0.25,0.0,76,0.3909772130214703,ok,0,12,11,0.0
chb01,chb01_16.edf,2700.0,2704.0,0.25,0.0,77,0.9447730595988872,ok,0,6,4,0.0
chb01,chb01_16.edf,2700.0,2704.0,0.25,0.0,78,1.3483863463099397,ok,0,11,10,0.0
chb01,chb01_16.edf,2700.0,2704.0,0.25,0.0,79,0.1609368397508929,ok,0,7,6,0.0
chb01,chb01_16.edf,2700.0,2704.0,0.25,0.0,80,0.1797136108456547,ok,0,12,10,0.0
chb01,chb01_16.edf,2700.0,2704.0,0.25,0.0,81,1.4033891062507988,ok,0,10,7,0.0
chb01,chb01_16.edf,2700.0,2704.0,0.25,0.175,62,0.3820997729884146,ok,0,9,8,0.0
chb01,chb01_16.edf,2700.0,2704.0,0.25,0.175,63,0.227675812532863,ok,0,9,8,0.0
chb01,chb01_16.edf,2700.0,2704.0,0.25,0.175,64,0.8756532617719204,ok,0,9,8,0.0
chb01,chb01_16.edf,2700.0,2704.0,0.25,0.175,65,0.9414616009623639,ok,0,11,9,0.0
chb01,chb01_16.edf,2700.0,2704.0,0.25,0.175,66,0.3631787913269073,ok,0,11,9,0.0
chb01,chb01_16.edf,2700.0,2704.0,0.25,0.175,67,0.818340372717771,ok,0,11,9,0.0
chb01,chb01_16.edf,2700.0,2704.0,0.25,0.175,68,1.046349240967186,ok,0,10,9,0.0
chb01,chb01_16.edf,2700.0,2704.0,0.25,0.175,69,1.3021781104089274,ok,0,9,7,0.0
chb01,chb01_16.edf,2700.0,2704.0,0.25,0.175,70,0.2793983295119334,ok,0,9,8,0.0
chb01,chb01_16.edf,2700.0,2704.0,0.25,0.175,71,1.3880944615992352,ok,0,13,12,0.0
chb01,chb01_16.edf,2700.0,2704.0,0.25,0.175,72,1.3479668110204819,ok,0,10,8,0.0
chb01,chb01_16.edf,2700.0,2704.0,0.25,0.175,73,0.5908840479455721,ok,0,10,9,0.0
chb01,chb01_16.edf,2700.0,2704.0,0.25,0.175,74,0.5676782562522674,ok,0,12,9,0.0
chb01,chb01_16.edf,2700.0,2704.0,0.25,0.175,75,0.35394981220923855,ok,0,12,11,0.0
chb01,chb01_16.edf,2700.0,2704.0,0.25,0.175,76,0.27839668599774914,ok,0,9,8,0.0
chb01,chb01_16.edf,2700.0,2704.0,0.25,0.175,77,0.9447730595988872,ok,0,6,4,0.0
chb01,chb01_16.edf,2700.0,2704.0,0.25,0.175,78,1.8281855767388948,ok,0,10,9,0.0
chb01,chb01_16.edf,2700.0,2704.0,0.25,0.175,79,0.1609368397508929,ok,0,7,6,0.0
chb01,chb01_16.edf,2700.0,2704.0,0.25,0.175,80,0.20805602846257226,ok,0,12,9,0.0
chb01,chb01_16.edf,2700.0,2704.0,0.25,0.175,81,1.3487816138931745,ok,0,10,9,0.0
chb01,chb01_16.edf,2700.0,2704.0,0.25,0.35,62,0.3752318473936703,ok,0,9,7,0.0
chb01,chb01_16.edf,2700.0,2704.0,0.25,0.35,63,0.20805116380691183,ok,0,8,7,0.0
chb01,chb01_16.edf,2700.0,2704.0,0.25,0.35,64,0.8763414757819065,ok,0,9,8,0.0
chb01,chb01_16.edf,2700.0,2704.0,0.25,0.35,65,0.8015409484088747,ok,0,13,11,0.0
chb01,chb01_16.edf,2700.0,2704.0,0.25,0.35,66,0.3631787913269073,ok,0,11,9,0.0
chb01,chb01_16.edf,2700.0,2704.0,0.25,0.35,67,0.818340372717771,ok,0,11,9,0.0
chb01,chb01_16.edf,2700.0,2704.0,0.25,0.35,68,1.3299994473271437,ok,0,9,8,0.0
chb01,chb01_16.edf,2700.0,2704.0,0.25,0.35,69,1.3021781104089274,ok,0,9,7,0.0
chb01,chb01_16.edf,2700.0,2704.0,0.25,0.35,70,0.24552668943746467,ok,0,9,8,0.0
chb01,chb01_16.edf,2700.0,2704.0,0.25,0.35,71,1.3629761720618159,ok,0,13,12,0.0
chb01,chb01_16.edf,2700.0,2704.0,0.25,0.35,72,1.245449670997602,ok,0,9,7,0.0
chb01,chb01_16.edf,2700.0,2704.0,0.25,0.35,73,0.5908840479455721,ok,0,10,9,0.0
chb01,chb01_16.edf,2700.0,2704.0,0.25,0.35,74,0.5379688121722975,ok,0,11,10,0.0
chb01,chb01_16.edf,2700.0,2704.0,0.25,0.35,75,0.5674668301845591,ok,0,10,9,0.0
chb01,chb01_16.edf,2700.0,2704.0,0.25,0.35,76,0.4128510096393636,ok,0,10,9,0.0
chb01,chb01_16.edf,2700.0,2704.0,0.25,0.35,77,0.9447730595988872,ok,0,6,4,0.0
chb01,chb01_16.edf,2700.0,2704.0,0.25,0.35,78,1.7187891797643269,ok,0,10,8,0.0
chb01,chb01_16.edf,2700.0,2704.0,0.25,0.35,79,0.1609368397508929,ok,0,7,6,0.0
chb01,chb01_16.edf,2700.0,2704.0,0.25,0.35,80,0.354987876346857,ok,0,12,10,0.0
chb01,chb01_16.edf,2700.0,2704.0,0.25,0.35,81,1.3487816138931745,ok,0,10,9,0.0
chb01,chb01_16.edf,2700.0,2704.0,0.25,0.7,62,1.5569665712307654,ok,0,9,8,0.0
chb01,chb01_16.edf,2700.0,2704.0,0.25,0.7,63,0.5946050294951504,ok,0,9,8,0.0
chb01,chb01_16.edf,2700.0,2704.0,0.25,0.7,64,1.300386756727577,ok,0,8,7,0.0
chb01,chb01_16.edf,2700.0,2704.0,0.25,0.7,65,0.937881711244379,ok,0,11,9,0.0
chb01,chb01_16.edf,2700.0,2704.0,0.25,0.7,66,0.3631787913269073,ok,0,11,9,0.0
chb01,chb01_16.edf,2700.0,2704.0,0.25,0.7,67,0.5428570089754136,ok,0,12,11,0.0
chb01,chb01_16.edf,2700.0,2704.0,0.25,0.7,68,1.3994114515407607,ok,0,9,7,0.0
chb01,chb01_16.edf,2700.0,2704.0,0.25,0.7,69,1.205339926327948,ok,0,9,6,0.0
chb01,chb01_16.edf,2700.0,2704.0,0.25,0.7,70,0.24552668943746467,ok,0,9,8,0.0
chb01,chb01_16.edf,2700.0,2704.0,0.25,0.7,71,1.4253749291469928,ok,0,15,14,0.0
chb01,chb01_16.edf,2700.0,2704.0,0.25,0.7,72,1.0568093959380727,ok,0,12,10,0.0
chb01,chb01_16.edf,2700.0,2704.0,0.25,0.7,73,0.5829309701834277,ok,0,11,10,0.0
chb01,chb01_16.edf,2700.0,2704.0,0.25,0.7,74,0.4892502555468591,ok,0,10,9,0.0
chb01,chb01_16.edf,2700.0,2704.0,0.25,0.7,75,0.7293046863741078,ok,0,9,8,0.0
chb01,chb01_16.edf,2700.0,2704.0,0.25,0.7,76,0.28185279694714654,ok,0,10,9,0.0
chb01,chb01_16.edf,2700.0,2704.0,0.25,0.7,77,0.5526000164907082,ok,0,7,5,0.0
chb01,chb01_16.edf,2700.0,2704.0,0.25,0.7,78,1.7101318702266808,ok,0,10,8,0.0
chb01,chb01_16.edf,2700.0,2704.0,0.25,0.7,79,0.17494881379475946,ok,0,8,7,0.0
chb01,chb01_16.edf,2700.0,2704.0,0.25,0.7,80,0.591662858129854,ok,0,9,8,0.0
chb01,chb01_16.edf,2700.0,2704.0,0.25,0.7,81,0.8077750405747407,ok,0,12,11,0.0
chb01,chb01_16.edf,2700.0,2704.0,0.5,0.0,62,0.5712931377579745,ok,0,12,11,0.0
chb01,chb01_16.edf,2700.0,2704.0,0.5,0.0,63,0.16726057798219393,ok,0,8,7,0.0
chb01,chb01_16.edf,2700.0,2704.0,0.5,0.0,64,0.19637001542360058,ok,0,9,8,0.0
chb01,chb01_16.edf,2700.0,2704.0,0.5,0.0,65,0.546024803519956,ok,0,10,8,0.0
chb01,chb01_16.edf,2700.0,2704.0,0.5,0.0,66,0.3428004452807938,ok,0,11,9,0.0
chb01,chb01_16.edf,2700.0,2704.0,0.5,0.0,67,0.9454773281444654,ok,0,7,6,0.0
chb01,chb01_16.edf,2700.0,2704.0,0.5,0.0,68,1.2291207868644798,ok,0,12,11,0.0
chb01,chb01_16.edf,2700.0,2704.0,0.5,0.0,69,1.1682562182790923,ok,0,9,7,0.0
chb01,chb01_16.edf,2700.0,2704.0,0.5,0.0,70,0.5111811702061327,ok,0,14,13,0.0
chb01,chb01_16.edf,2700.0,2704.0,0.5,0.0,71,1.8179982256514546,ok,0,11,9,0.0
chb01,chb01_16.edf,2700.0,2704.0,0.5,0.0,72,0.18642507739616473,ok,0,6,5,0.0
chb01,chb01_16.edf,2700.0,2704.0,0.5,0.0,73,0.6286253346157429,ok,0,10,9,0.0
chb01,chb01_16.edf,2700.0,2704.0,0.5,0.0,74,0.6476197533905482,ok,0,9,7,0.0
chb01,chb01_16.edf,2700.0,2704.0,0.5,0.0,75,0.9626906857352386,ok,0,12,10,0.0
chb01,chb01_16.edf,2700.0,2704.0,0.5,0.0,76,0.48840569686484475,ok,0,10,9,0.0
chb01,chb01_16.edf,2700.0,2704.0,0.5,0.0,77,1.4397992123948258,ok,0,10,9,0.0
chb01,chb01_16.edf,2700.0,2704.0,0.5,0.0,78,0.8783739115481473,ok,0,10,9,0.0
chb01,chb01_16.edf,2700.0,2704.0,0.5,0.0,79,0.6660998123404629,ok,0,8,7,0.0
chb01,chb01_16.edf,2700.0,2704.0,0.5,0.0,80,0.48943288169382493,ok,0,10,8,0.0
chb01,chb01_16.edf,2700.0,2704.0,0.5,0.0,81,1.3487816138931745,ok,0,10,9,0.0
chb01,chb01_16.edf,2700.0,2704.0,0.5,0.175,62,0.6559757885363878,ok,0,12,11,0.0
chb01,chb01_16.edf,2700.0,2704.0,0.5,0.175,63,0.5946050294951504,ok,0,9,8,0.0
chb01,chb01_16.edf,2700.0,2704.0,0.5,0.175,64,0.33066737835270793,ok,0,10,9,0.0
chb01,chb01_16.edf,2700.0,2704.0,0.5,0.175,65,0.546024803519956,ok,0,10,8,0.0
chb01,chb01_16.edf,2700.0,2704.0,0.5,0.175,66,0.3428004452807938,ok,0,11,9,0.0
chb01,chb01_16.edf,2700.0,2704.0,0.5,0.175,67,0.9454773281444654,ok,0,7,6,0.0
chb01,chb01_16.edf,2700.0,2704.0,0.5,0.175,68,1.341276321721398,ok,0,11,10,0.0
chb01,chb01_16.edf,2700.0,2704.0,0.5,0.175,69,1.2023157860598088,ok,0,8,6,0.0
chb01,chb01_16.edf,2700.0,2704.0,0.5,0.175,70,0.5111811702061327,ok,0,14,13,0.0
chb01,chb01_16.edf,2700.0,2704.0,0.5,0.175,71,1.5475911032956122,ok,0,12,10,0.0
chb01,chb01_16.edf,2700.0,2704.0,0.5,0.175,72,1.6697225311422743,ok,0,7,6,0.0
chb01,chb01_16.edf,2700.0,2704.0,0.5,0.175,73,0.6562848932899151,ok,0,11,10,0.0
chb01,chb01_16.edf,2700.0,2704.0,0.5,0.175,74,0.655280757217913,ok,0,10,8,0.0
chb01,chb01_16.edf,2700.0,2704.0,0.5,0.175,75,0.9626906857352386,ok,0,12,10,0.0
chb01,chb01_16.edf,2700.0,2704.0,0.5,0.175,76,0.48840569686484475,ok,0,10,9,0.0
chb01,chb01_16.edf,2700.0,2704.0,0.5,0.175,77,1.487661106245009,ok,0,9,8,0.0
chb01,chb01_16.edf,2700.0,2704.0,0.5,0.175,78,0.8783739115481473,ok,0,10,9,0.0
chb01,chb01_16.edf,2700.0,2704.0,0.5,0.175,79,0.6660998123404629,ok,0,8,7,0.0
chb01,chb01_16.edf,2700.0,2704.0,0.5,0.175,80,0.6840478909884533,ok,0,10,8,0.0
chb01,chb01_16.edf,2700.0,2704.0,0.5,0.175,81,1.3487816138931745,ok,0,10,9,0.0
chb01,chb01_16.edf,2700.0,2704.0,0.5,0.35,62,0.7027359103299528,ok,0,11,10,0.0
chb01,chb01_16.edf,2700.0,2704.0,0.5,0.35,63,0.5748948410982928,ok,0,10,9,0.0
chb01,chb01_16.edf,2700.0,2704.0,0.5,0.35,64,0.33261264678610436,ok,0,9,8,0.0
chb01,chb01_16.edf,2700.0,2704.0,0.5,0.35,65,0.546024803519956,ok,0,10,8,0.0
chb01,chb01_16.edf,2700.0,2704.0,0.5,0.35,66,0.3428004452807938,ok,0,11,9,0.0
chb01,chb01_16.edf,2700.0,2704.0,0.5,0.35,67,0.9454773281444654,ok,0,7,6,0.0
chb01,chb01_16.edf,2700.0,2704.0,0.5,0.35,68,1.4829775537207577,ok,0,9,8,0.0
chb01,chb01_16.edf,2700.0,2704.0,0.5,0.35,69,1.1865336541958327,ok,0,9,6,0.0
chb01,chb01_16.edf,2700.0,2704.0,0.5,0.35,70,0.4722185583041345,ok,0,13,12,0.0
chb01,chb01_16.edf,2700.0,2704.0,0.5,0.35,71,1.5957623648460275,ok,0,12,11,0.0
chb01,chb01_16.edf,2700.0,2704.0,0.5,0.35,72,1.6697225311422743,ok,0,7,6,0.0
chb01,chb01_16.edf,2700.0,2704.0,0.5,0.35,73,0.7036160479251652,ok,0,9,8,0.0
chb01,chb01_16.edf,2700.0,2704.0,0.5,0.35,74,0.8161320945581801,ok,0,10,9,0.0
chb01,chb01_16.edf,2700.0,2704.0,0.5,0.35,75,0.9626906857352386,ok,0,12,10,0.0
chb01,chb01_16.edf,2700.0,2704.0,0.5,0.35,76,0.4917726859794421,ok,0,11,10,0.0
chb01,chb01_16.edf,2700.0,2704.0,0.5,0.35,77,1.487661106245009,ok,0,9,8,0.0
chb01,chb01_16.edf,2700.0,2704.0,0.5,0.35,78,1.106218056833675,ok,0,9,8,0.0
chb01,chb01_16.edf,2700.0,2704.0,0.5,0.35,79,0.6660998123404629,ok,0,8,7,0.0
chb01,chb01_16.edf,2700.0,2704.0,0.5,0.35,80,0.8208758076270698,ok,0,8,7,0.0
chb01,chb01_16.edf,2700.0,2704.0,0.5,0.35,81,1.3487816138931745,ok,0,10,9,0.0
chb01,chb01_16.edf,2700.0,2704.0,0.5,0.7,62,0.7189204686686522,ok,0,10,9,0.0
chb01,chb01_16.edf,2700.0,2704.0,0.5,0.7,63,0.5820138612831873,ok,0,10,9,0.0
chb01,chb01_16.edf,2700.0,2704.0,0.5,0.7,64,0.330987401192259,ok,0,9,8,0.0
chb01,chb01_16.edf,2700.0,2704.0,0.5,0.7,65,1.3333961928899851,ok,0,10,8,0.0
chb01,chb01_16.edf,2700.0,2704.0,0.5,0.7,66,0.3428004452807938,ok,0,11,9,0.0
chb01,chb01_16.edf,2700.0,2704.0,0.5,0.7,67,0.5946954539367785,ok,0,7,6,0.0
chb01,chb01_16.edf,2700.0,2704.0,0.5,0.7,68,1.4829775537207577,ok,0,9,8,0.0
chb01,chb01_16.edf,2700.0,2704.0,0.5,0.7,69,1.1865336541958327,ok,0,9,6,0.0
chb01,chb01_16.edf,2700.0,2704.0,0.5,0.7,70,0.47011023241640243,ok,0,13,12,0.0
chb01,chb01_16.edf,2700.0,2704.0,0.5,0.7,71,1.5614638150611624,ok,0,12,11,0.0
chb01,chb01_16.edf,2700.0,2704.0,0.5,0.7,72,1.6697225311422743,ok,0,7,6,0.0
chb01,chb01_16.edf,2700.0,2704.0,0.5,0.7,73,0.536143301102834,ok,0,9,8,0.0
chb01,chb01_16.edf,2700.0,2704.0,0.5,0.7,74,0.4928881564271012,ok,0,10,9,0.0
chb01,chb01_16.edf,2700.0,2704.0,0.5,0.7,75,0.7631205286037526,ok,0,12,10,0.0
chb01,chb01_16.edf,2700.0,2704.0,0.5,0.7,76,0.2832685154807598,ok,0,11,10,0.0
chb01,chb01_16.edf,2700.0,2704.0,0.5,0.7,77,1.4880482375000512,ok,0,9,8,0.0
chb01,chb01_16.edf,2700.0,2704.0,0.5,0.7,78,0.19544803043142314,ok,0,9,7,0.0
chb01,chb01_16.edf,2700.0,2704.0,0.5,0.7,79,0.3669515499354104,ok,0,9,8,0.0
chb01,chb01_16.edf,2700.0,2704.0,0.5,0.7,80,0.9521990392701893,ok,0,7,6,0.0
chb01,chb01_16.edf,2700.0,2704.0,0.5,0.7,81,1.3282457340076834,ok,0,10,8,0.0
chb01,chb01_16.edf,2700.0,2704.0,1.0,0.0,62,0.7743914046997703,ok,0,11,10,0.0
chb01,chb01_16.edf,2700.0,2704.0,1.0,0.0,63,0.21488489744161204,ok,0,8,7,0.0
chb01,chb01_16.edf,2700.0,2704.0,1.0,0.0,64,0.17192047651837583,ok,0,10,9,0.0
chb01,chb01_16.edf,2700.0,2704.0,1.0,0.0,65,0.48620003231413916,ok,0,12,9,0.0
chb01,chb01_16.edf,2700.0,2704.0,1.0,0.0,66,1.3756822323974554,ok,0,13,11,0.0
chb01,chb01_16.edf,2700.0,2704.0,1.0,0.0,67,1.0067830609804835,ok,0,9,8,0.0
chb01,chb01_16.edf,2700.0,2704.0,1.0,0.0,68,1.5176810316646947,ok,0,13,11,0.0
chb01,chb01_16.edf,2700.0,2704.0,1.0,0.0,69,1.0610836315798138,ok,0,8,5,0.0
chb01,chb01_16.edf,2700.0,2704.0,1.0,0.0,70,0.981919803246944,ok,0,12,11,0.0
chb01,chb01_16.edf,2700.0,2704.0,1.0,0.0,71,1.7937447317653397,ok,0,10,8,0.0
chb01,chb01_16.edf,2700.0,2704.0,1.0,0.0,72,0.18642507739616473,ok,0,6,5,0.0
chb01,chb01_16.edf,2700.0,2704.0,1.0,0.0,73,0.5987516059102022,ok,0,9,8,0.0
chb01,chb01_16.edf,2700.0,2704.0,1.0,0.0,74,0.6443582292066723,ok,0,11,10,0.0
chb01,chb01_16.edf,2700.0,2704.0,1.0,0.0,75,1.65888681246551,ok,0,10,7,0.0
chb01,chb01_16.edf,2700.0,2704.0,1.0,0.0,76,0.22553402254439306,ok,0,12,11,0.0
chb01,chb01_16.edf,2700.0,2704.0,1.0,0.0,77,1.261454559020981,ok,0,10,9,0.0
chb01,chb01_16.edf,2700.0,2704.0,1.0,0.0,78,1.9856992051961986,ok,0,12,11,0.0
chb01,chb01_16.edf,2700.0,2704.0,1.0,0.0,79,0.1609368397508929,ok,0,7,6,0.0
chb01,chb01_16.edf,2700.0,2704.0,1.0,0.0,80,0.8375512923759941,ok,0,11,9,0.0
chb01,chb01_16.edf,2700.0,2704.0,1.0,0.0,81,1.3218647883394035,ok,0,10,8,0.0
chb01,chb01_16.edf,2700.0,2704.0,1.0,0.175,62,0.8207228509784782,ok,0,12,11,0.0
chb01,chb01_16.edf,2700.0,2704.0,1.0,0.175,63,0.16726057798219393,ok,0,8,7,0.0
chb01,chb01_16.edf,2700.0,2704.0,1.0,0.175,64,0.17192047651837583,ok,0,10,9,0.0
chb01,chb01_16.edf,2700.0,2704.0,1.0,0.175,65,0.48620003231413916,ok,0,12,9,0.0
chb01,chb01_16.edf,2700.0,2704.0,1.0,0.175,66,1.5167540848237777,ok,0,12,10,0.0
chb01,chb01_16.edf,2700.0,2704.0,1.0,0.175,67,1.0067830609804835,ok,0,9,8,0.0
chb01,chb01_16.edf,2700.0,2704.0,1.0,0.175,68,0.2073097915140307,ok,0,12,10,0.0
chb01,chb01_16.edf,2700.0,2704.0,1.0,0.175,69,1.0610836315798138,ok,0,8,5,0.0
chb01,chb01_16.edf,2700.0,2704.0,1.0,0.175,70,1.0083746404808245,ok,0,12,9,0.0
chb01,chb01_16.edf,2700.0,2704.0,1.0,0.175,71,1.7937447317653397,ok,0,10,8,0.0
chb01,chb01_16.edf,2700.0,2704.0,1.0,0.175,72,0.18642507739616473,ok,0,6,5,0.0
chb01,chb01_16.edf,2700.0,2704.0,1.0,0.175,73,0.6119902858539218,ok,0,8,7,0.0
chb01,chb01_16.edf,2700.0,2704.0,1.0,0.175,74,0.6443582292066723,ok,0,11,10,0.0
chb01,chb01_16.edf,2700.0,2704.0,1.0,0.175,75,1.5912551774874504,ok,0,9,7,0.0
chb01,chb01_16.edf,2700.0,2704.0,1.0,0.175,76,0.21554187051388352,ok,0,13,12,0.0
chb01,chb01_16.edf,2700.0,2704.0,1.0,0.175,77,1.261454559020981,ok,0,10,9,0.0
chb01,chb01_16.edf,2700.0,2704.0,1.0,0.175,78,2.0008167178077203,ok,0,11,10,0.0
chb01,chb01_16.edf,2700.0,2704.0,1.0,0.175,79,0.1609368397508929,ok,0,7,6,0.0
chb01,chb01_16.edf,2700.0,2704.0,1.0,0.175,80,0.834135594105113,ok,0,11,9,0.0
chb01,chb01_16.edf,2700.0,2704.0,1.0,0.175,81,1.3218647883394035,ok,0,10,8,0.0
chb01,chb01_16.edf,2700.0,2704.0,1.0,0.35,62,0.8207228509784782,ok,0,12,11,0.0
chb01,chb01_16.edf,2700.0,2704.0,1.0,0.35,63,0.16726057798219393,ok,0,8,7,0.0
chb01,chb01_16.edf,2700.0,2704.0,1.0,0.35,64,0.17192047651837583,ok,0,10,9,0.0
chb01,chb01_16.edf,2700.0,2704.0,1.0,0.35,65,0.48620003231413916,ok,0,12,9,0.0
chb01,chb01_16.edf,2700.0,2704.0,1.0,0.35,66,1.5167540848237777,ok,0,12,10,0.0
chb01,chb01_16.edf,2700.0,2704.0,1.0,0.35,67,1.0415983018471413,ok,0,10,9,0.0
chb01,chb01_16.edf,2700.0,2704.0,1.0,0.35,68,0.2073097915140307,ok,0,12,10,0.0
chb01,chb01_16.edf,2700.0,2704.0,1.0,0.35,69,1.0610836315798138,ok,0,8,5,0.0
chb01,chb01_16.edf,2700.0,2704.0,1.0,0.35,70,1.513673864575496,ok,0,11,8,0.0
chb01,chb01_16.edf,2700.0,2704.0,1.0,0.35,71,1.5539808857919553,ok,0,11,9,0.0
chb01,chb01_16.edf,2700.0,2704.0,1.0,0.35,72,0.1586900018443984,ok,0,6,5,0.0
chb01,chb01_16.edf,2700.0,2704.0,1.0,0.35,73,0.8350582895779757,ok,0,7,6,0.0
chb01,chb01_16.edf,2700.0,2704.0,1.0,0.35,74,0.6443582292066723,ok,0,11,10,0.0
chb01,chb01_16.edf,2700.0,2704.0,1.0,0.35,75,1.5955909285876222,ok,0,8,6,0.0
chb01,chb01_16.edf,2700.0,2704.0,1.0,0.35,76,0.2708631787598698,ok,0,12,11,0.0
chb01,chb01_16.edf,2700.0,2704.0,1.0,0.35,77,1.343118500340693,ok,0,10,9,0.0
chb01,chb01_16.edf,2700.0,2704.0,1.0,0.35,78,2.0008167178077203,ok,0,11,10,0.0
chb01,chb01_16.edf,2700.0,2704.0,1.0,0.35,79,0.1609368397508929,ok,0,7,6,0.0
chb01,chb01_16.edf,2700.0,2704.0,1.0,0.35,80,0.7379169594656534,ok,0,9,8,0.0
chb01,chb01_16.edf,2700.0,2704.0,1.0,0.35,81,1.358734595506705,ok,0,9,7,0.0
chb01,chb01_16.edf,2700.0,2704.0,1.0,0.7,62,0.8207228509784782,ok,0,12,11,0.0
chb01,chb01_16.edf,2700.0,2704.0,1.0,0.7,63,0.5946050294951504,ok,0,9,8,0.0
chb01,chb01_16.edf,2700.0,2704.0,1.0,0.7,64,0.19066012295924756,ok,0,10,9,0.0
chb01,chb01_16.edf,2700.0,2704.0,1.0,0.7,65,0.2685473529413434,ok,0,11,8,0.0
chb01,chb01_16.edf,2700.0,2704.0,1.0,0.7,66,1.540404073681187,ok,0,11,9,0.0
chb01,chb01_16.edf,2700.0,2704.0,1.0,0.7,67,1.0642984661700254,ok,0,10,9,0.0
chb01,chb01_16.edf,2700.0,2704.0,1.0,0.7,68,0.21788545711898696,ok,0,11,9,0.0
chb01,chb01_16.edf,2700.0,2704.0,1.0,0.7,69,1.0610836315798138,ok,0,8,5,0.0
chb01,chb01_16.edf,2700.0,2704.0,1.0,0.7,70,1.3035565271621858,ok,0,11,8,0.0
chb01,chb01_16.edf,2700.0,2704.0,1.0,0.7,71,1.5539808857919553,ok,0,11,9,0.0
chb01,chb01_16.edf,2700.0,2704.0,1.0,0.7,72,0.1411264794352152,ok,0,6,5,0.0
chb01,chb01_16.edf,2700.0,2704.0,1.0,0.7,73,0.8354169562365433,ok,0,7,6,0.0
chb01,chb01_16.edf,2700.0,2704.0,1.0,0.7,74,0.6327104345221741,ok,0,11,10,0.0
chb01,chb01_16.edf,2700.0,2704.0,1.0,0.7,75,1.1479287051960323,ok,0,10,8,0.0
chb01,chb01_16.edf,2700.0,2704.0,1.0,0.7,76,0.29029593398680453,ok,0,11,10,0.0
chb01,chb01_16.edf,2700.0,2704.0,1.0,0.7,77,1.343118500340693,ok,0,10,9,0.0
chb01,chb01_16.edf,2700.0,2704.0,1.0,0.7,78,2.0008167178077203,ok,0,11,10,0.0
chb01,chb01_16.edf,2700.0,2704.0,1.0,0.7,79,0.1609368397508929,ok,0,7,6,0.0
chb01,chb01_16.edf,2700.0,2704.0,1.0,0.7,80,0.7466190169292267,ok,0,9,8,0.0
chb01,chb01_16.edf,2700.0,2704.0,1.0,0.7,81,1.225960337955748,ok,0,8,6,0.0
chb01,chb01_18.edf,904.0,908.0,0.25,0.0,62,0.6171842911523988,ok,0,10,9,0.0
chb01,chb01_18.edf,904.0,908.0,0.25,0.0,63,2.043747370146671,ok,0,9,8,0.0
chb01,chb01_18.edf,904.0,908.0,0.25,0.0,64,0.8756532617719204,ok,0,9,8,0.0
chb01,chb01_18.edf,904.0,908.0,0.25,0.0,65,0.9667718123938864,ok,0,11,10,0.0
chb01,chb01_18.edf,904.0,908.0,0.25,0.0,66,0.3631787913269073,ok,0,11,9,0.0
chb01,chb01_18.edf,904.0,908.0,0.25,0.0,67,0.8092054221906116,ok,0,11,9,0.0
chb01,chb01_18.edf,904.0,908.0,0.25,0.0,68,0.9681035064574081,ok,0,9,8,0.0
chb01,chb01_18.edf,904.0,908.0,0.25,0.0,69,1.241548694349417,ok,0,10,8,0.0
chb01,chb01_18.edf,904.0,908.0,0.25,0.0,70,0.2793983295119334,ok,0,9,8,0.0
chb01,chb01_18.edf,904.0,908.0,0.25,0.0,71,1.5904417843670142,ok,0,12,11,0.0
chb01,chb01_18.edf,904.0,908.0,0.25,0.0,72,0.9990557900479503,ok,0,11,9,0.0
chb01,chb01_18.edf,904.0,908.0,0.25,0.0,73,0.4814093715175572,ok,0,8,7,0.0
chb01,chb01_18.edf,904.0,908.0,0.25,0.0,74,0.6162790697674418,ok,0,11,8,0.0
chb01,chb01_18.edf,904.0,908.0,0.25,0.0,75,0.35394981220923855,ok,0,12,11,0.0
chb01,chb01_18.edf,904.0,908.0,0.25,0.0,76,0.3909772130214703,ok,0,12,11,0.0
chb01,chb01_18.edf,904.0,908.0,0.25,0.0,77,0.9447730595988872,ok,0,6,4,0.0
chb01,chb01_18.edf,904.0,908.0,0.25,0.0,78,1.3483863463099397,ok,0,11,10,0.0
chb01,chb01_18.edf,904.0,908.0,0.25,0.0,79,0.1609368397508929,ok,0,7,6,0.0
chb01,chb01_18.edf,904.0,908.0,0.25,0.0,80,0.1797136108456547,ok,0,12,10,0.0
chb01,chb01_18.edf,904.0,908.0,0.25,0.0,81,1.4033891062507988,ok,0,10,7,0.0
chb01,chb01_18.edf,904.0,908.0,0.25,0.175,62,0.6101321823550158,ok,0,11,10,0.0
chb01,chb01_18.edf,904.0,908.0,0.25,0.175,63,2.0341347488873796,ok,0,9,8,0.0
chb01,chb01_18.edf,904.0,908.0,0.25,0.175,64,0.8756532617719204,ok,0,9,8,0.0
chb01,chb01_18.edf,904.0,908.0,0.25,0.175,65,0.9667718123938864,ok,0,11,10,0.0
chb01,chb01_18.edf,904.0,908.0,0.25,0.175,66,0.3428004452807938,ok,0,11,9,0.0
chb01,chb01_18.edf,904.0,908.0,0.25,0.175,67,0.7837496720494512,ok,0,11,9,0.0
chb01,chb01_18.edf,904.0,908.0,0.25,0.175,68,0.9681035064574081,ok,0,9,8,0.0
chb01,chb01_18.edf,904.0,908.0,0.25,0.175,69,1.241548694349417,ok,0,10,8,0.0
chb01,chb01_18.edf,904.0,908.0,0.25,0.175,70,0.2793983295119334,ok,0,9,8,0.0
chb01,chb01_18.edf,904.0,908.0,0.25,0.175,71,1.5904417843670142,ok,0,12,11,0.0
chb01,chb01_18.edf,904.0,908.0,0.25,0.175,72,0.999228243504632,ok,0,11,9,0.0
chb01,chb01_18.edf,904.0,908.0,0.25,0.175,73,0.4814093715175572,ok,0,8,7,0.0
chb01,chb01_18.edf,904.0,908.0,0.25,0.175,74,0.6162790697674418,ok,0,11,8,0.0
chb01,chb01_18.edf,904.0,908.0,0.25,0.175,75,0.35394981220923855,ok,0,12,11,0.0
chb01,chb01_18.edf,904.0,908.0,0.25,0.175,76,0.3909772130214703,ok,0,12,11,0.0
chb01,chb01_18.edf,904.0,908.0,0.25,0.175,77,0.9447730595988872,ok,0,6,4,0.0
chb01,chb01_18.edf,904.0,908.0,0.25,0.175,78,1.3483863463099397,ok,0,11,10,0.0
chb01,chb01_18.edf,904.0,908.0,0.25,0.175,79,0.1609368397508929,ok,0,7,6,0.0
chb01,chb01_18.edf,904.0,908.0,0.25,0.175,80,0.16139070270625072,ok,0,11,10,0.0
chb01,chb01_18.edf,904.0,908.0,0.25,0.175,81,1.391697303472564,ok,0,9,8,0.0
chb01,chb01_18.edf,904.0,908.0,0.25,0.35,62,0.4761415133645246,ok,0,12,11,0.0
chb01,chb01_18.edf,904.0,908.0,0.25,0.35,63,0.2031409819900667,ok,0,8,7,0.0
chb01,chb01_18.edf,904.0,908.0,0.25,0.35,64,0.8756532617719204,ok,0,9,8,0.0
chb01,chb01_18.edf,904.0,908.0,0.25,0.35,65,1.4824847269439707,ok,0,10,9,0.0
chb01,chb01_18.edf,904.0,908.0,0.25,0.35,66,0.3428004452807938,ok,0,11,9,0.0
chb01,chb01_18.edf,904.0,908.0,0.25,0.35,67,0.7837496720494512,ok,0,11,9,0.0
chb01,chb01_18.edf,904.0,908.0,0.25,0.35,68,0.9681035064574081,ok,0,9,8,0.0
chb01,chb01_18.edf,904.0,908.0,0.25,0.35,69,1.241548694349417,ok,0,10,8,0.0
chb01,chb01_18.edf,904.0,908.0,0.25,0.35,70,0.2793983295119334,ok,0,9,8,0.0
chb01,chb01_18.edf,904.0,908.0,0.25,0.35,71,1.5904417843670142,ok,0,12,11,0.0
chb01,chb01_18.edf,904.0,908.0,0.25,0.35,72,0.999228243504632,ok,0,11,9,0.0
chb01,chb01_18.edf,904.0,908.0,0.25,0.35,73,0.4814093715175572,ok,0,8,7,0.0
chb01,chb01_18.edf,904.0,908.0,0.25,0.35,74,0.6166080736540861,ok,0,11,8,0.0
chb01,chb01_18.edf,904.0,908.0,0.25,0.35,75,0.35328348033541795,ok,0,12,11,0.0
chb01,chb01_18.edf,904.0,908.0,0.25,0.35,76,0.6458582493463446,ok,0,11,10,0.0
chb01,chb01_18.edf,904.0,908.0,0.25,0.35,77,0.9447730595988872,ok,0,6,4,0.0
chb01,chb01_18.edf,904.0,908.0,0.25,0.35,78,1.3483863463099397,ok,0,11,10,0.0
chb01,chb01_18.edf,904.0,908.0,0.25,0.35,79,0.1878077787684282,ok,0,7,6,0.0
chb01,chb01_18.edf,904.0,908.0,0.25,0.35,80,0.16139070270625072,ok,0,11,10,0.0
chb01,chb01_18.edf,904.0,908.0,0.25,0.35,81,1.391517680374712,ok,0,9,8,0.0
chb01,chb01_18.edf,904.0,908.0,0.25,0.7,62,0.4467758655734814,ok,0,11,10,0.0
chb01,chb01_18.edf,904.0,908.0,0.25,0.7,63,0.2247724803960947,ok,0,8,7,0.0
chb01,chb01_18.edf,904.0,908.0,0.25,0.7,64,0.8797157319407379,ok,0,9,8,0.0
chb01,chb01_18.edf,904.0,908.0,0.25,0.7,65,1.4824847269439707,ok,0,10,9,0.0
chb01,chb01_18.edf,904.0,908.0,0.25,0.7,66,0.3428004452807938,ok,0,11,9,0.0
chb01,chb01_18.edf,904.0,908.0,0.25,0.7,67,0.7837496720494512,ok,0,11,9,0.0
chb01,chb01_18.edf,904.0,908.0,0.25,0.7,68,0.9548224725295615,ok,0,9,8,0.0
chb01,chb01_18.edf,904.0,908.0,0.25,0.7,69,1.2413538655479686,ok,0,10,8,0.0
chb01,chb01_18.edf,904.0,908.0,0.25,0.7,70,0.2793983295119334,ok,0,9,8,0.0
chb01,chb01_18.edf,904.0,908.0,0.25,0.7,71,1.5832381035513712,ok,0,12,11,0.0
chb01,chb01_18.edf,904.0,908.0,0.25,0.7,72,0.999228243504632,ok,0,11,9,0.0
chb01,chb01_18.edf,904.0,908.0,0.25,0.7,73,0.6067753989722754,ok,0,7,6,0.0
chb01,chb01_18.edf,904.0,908.0,0.25,0.7,74,0.6082740002178945,ok,0,11,8,0.0
chb01,chb01_18.edf,904.0,908.0,0.25,0.7,75,0.36141492306277506,ok,0,12,11,0.0
chb01,chb01_18.edf,904.0,908.0,0.25,0.7,76,0.8036248911037296,ok,0,9,8,0.0
chb01,chb01_18.edf,904.0,908.0,0.25,0.7,77,0.9447730595988872,ok,0,6,4,0.0
chb01,chb01_18.edf,904.0,908.0,0.25,0.7,78,1.3508024254096314,ok,0,11,10,0.0
chb01,chb01_18.edf,904.0,908.0,0.25,0.7,79,0.1878077787684282,ok,0,7,6,0.0
chb01,chb01_18.edf,904.0,908.0,0.25,0.7,80,0.16139070270625072,ok,0,11,10,0.0
chb01,chb01_18.edf,904.0,908.0,0.25,0.7,81,1.391517680374712,ok,0,9,8,0.0
chb01,chb01_18.edf,904.0,908.0,0.5,0.0,62,0.5712931377579745,ok,0,12,11,0.0
chb01,chb01_18.edf,904.0,908.0,0.5,0.0,63,0.16726057798219393,ok,0,8,7,0.0
chb01,chb01_18.edf,904.0,908.0,0.5,0.0,64,0.19637001542360058,ok,0,9,8,0.0
chb01,chb01_18.edf,904.0,908.0,0.5,0.0,65,0.546024803519956,ok,0,10,8,0.0
chb01,chb01_18.edf,904.0,908.0,0.5,0.0,66,0.3428004452807938,ok,0,11,9,0.0
chb01,chb01_18.edf,904.0,908.0,0.5,0.0,67,0.9454773281444654,ok,0,7,6,0.0
chb01,chb01_18.edf,904.0,908.0,0.5,0.0,68,1.2291207868644798,ok,0,12,11,0.0
chb01,chb01_18.edf,904.0,908.0,0.5,0.0,69,1.1682562182790923,ok,0,9,7,0.0
chb01,chb01_18.edf,904.0,908.0,0.5,0.0,70,0.5111811702061327,ok,0,14,13,0.0
chb01,chb01_18.edf,904.0,908.0,0.5,0.0,71,1.8179982256514546,ok,0,11,9,0.0
chb01,chb01_18.edf,904.0,908.0,0.5,0.0,72,0.18642507739616473,ok,0,6,5,0.0
chb01,chb01_18.edf,904.0,908.0,0.5,0.0,73,0.6286253346157429,ok,0,10,9,0.0
chb01,chb01_18.edf,904.0,908.0,0.5,0.0,74,0.6476197533905482,ok,0,9,7,0.0
chb01,chb01_18.edf,904.0,908.0,0.5,0.0,75,0.9626906857352386,ok,0,12,10,0.0
chb01,chb01_18.edf,904.0,908.0,0.5,0.0,76,0.48840569686484475,ok,0,10,9,0.0
chb01,chb01_18.edf,904.0,908.0,0.5,0.0,77,1.4397992123948258,ok,0,10,9,0.0
chb01,chb01_18.edf,904.0,908.0,0.5,0.0,78,0.8783739115481473,ok,0,10,9,0.0
chb01,chb01_18.edf,904.0,908.0,0.5,0.0,79,0.6660998123404629,ok,0,8,7,0.0
chb01,chb01_18.edf,904.0,908.0,0.5,0.0,80,0.48943288169382493,ok,0,10,8,0.0
chb01,chb01_18.edf,904.0,908.0,0.5,0.0,81,1.3487816138931745,ok,0,10,9,0.0
chb01,chb01_18.edf,904.0,908.0,0.5,0.175,62,0.5712931377579745,ok,0,12,11,0.0
chb01,chb01_18.edf,904.0,908.0,0.5,0.175,63,0.14655956456718455,ok,0,8,7,0.0
chb01,chb01_18.edf,904.0,908.0,0.5,0.175,64,0.19637001542360058,ok,0,9,8,0.0
chb01,chb01_18.edf,904.0,908.0,0.5,0.175,65,0.5518250131061467,ok,0,10,8,0.0
chb01,chb01_18.edf,904.0,908.0,0.5,0.175,66,0.3428004452807938,ok,0,11,9,0.0
chb01,chb01_18.edf,904.0,908.0,0.5,0.175,67,0.9454773281444654,ok,0,7,6,0.0
chb01,chb01_18.edf,904.0,908.0,0.5,0.175,68,1.2291207868644798,ok,0,12,11,0.0
chb01,chb01_18.edf,904.0,908.0,0.5,0.175,69,1.2636524125816837,ok,0,9,8,0.0
chb01,chb01_18.edf,904.0,908.0,0.5,0.175,70,0.509154547108042,ok,0,14,13,0.0
chb01,chb01_18.edf,904.0,908.0,0.5,0.175,71,1.8179982256514546,ok,0,11,9,0.0
chb01,chb01_18.edf,904.0,908.0,0.5,0.175,72,0.18642507739616473,ok,0,6,5,0.0
chb01,chb01_18.edf,904.0,908.0,0.5,0.175,73,0.6286253346157429,ok,0,10,9,0.0
chb01,chb01_18.edf,904.0,908.0,0.5,0.175,74,0.6476197533905482,ok,0,9,7,0.0
chb01,chb01_18.edf,904.0,908.0,0.5,0.175,75,0.9626906857352386,ok,0,12,10,0.0
chb01,chb01_18.edf,904.0,908.0,0.5,0.175,76,0.48840569686484475,ok,0,10,9,0.0
chb01,chb01_18.edf,904.0,908.0,0.5,0.175,77,1.4397992123948258,ok,0,10,9,0.0
chb01,chb01_18.edf,904.0,908.0,0.5,0.175,78,0.8798446818952417,ok,0,10,9,0.0
chb01,chb01_18.edf,904.0,908.0,0.5,0.175,79,0.669320371720449,ok,0,8,7,0.0
chb01,chb01_18.edf,904.0,908.0,0.5,0.175,80,0.7001723173641382,ok,0,11,9,0.0
chb01,chb01_18.edf,904.0,908.0,0.5,0.175,81,1.3485722789127093,ok,0,10,9,0.0
chb01,chb01_18.edf,904.0,908.0,0.5,0.35,62,0.5712931377579745,ok,0,12,11,0.0
chb01,chb01_18.edf,904.0,908.0,0.5,0.35,63,0.14655956456718455,ok,0,8,7,0.0
chb01,chb01_18.edf,904.0,908.0,0.5,0.35,64,0.19637001542360058,ok,0,9,8,0.0
chb01,chb01_18.edf,904.0,908.0,0.5,0.35,65,0.5518250131061467,ok,0,10,8,0.0
chb01,chb01_18.edf,904.0,908.0,0.5,0.35,66,0.3428004452807938,ok,0,11,9,0.0
chb01,chb01_18.edf,904.0,908.0,0.5,0.35,67,0.9454773281444654,ok,0,7,6,0.0
chb01,chb01_18.edf,904.0,908.0,0.5,0.35,68,1.2291207868644798,ok,0,12,11,0.0
chb01,chb01_18.edf,904.0,908.0,0.5,0.35,69,1.2636524125816837,ok,0,9,8,0.0
chb01,chb01_18.edf,904.0,908.0,0.5,0.35,70,0.509154547108042,ok,0,14,13,0.0
chb01,chb01_18.edf,904.0,908.0,0.5,0.35,71,1.8179982256514546,ok,0,11,9,0.0
chb01,chb01_18.edf,904.0,908.0,0.5,0.35,72,0.18642507739616473,ok,0,6,5,0.0
chb01,chb01_18.edf,904.0,908.0,0.5,0.35,73,0.6286253346157429,ok,0,10,9,0.0
chb01,chb01_18.edf,904.0,908.0,0.5,0.35,74,0.6476197533905482,ok,0,9,7,0.0
chb01,chb01_18.edf,904.0,908.0,0.5,0.35,75,0.9626906857352386,ok,0,12,10,0.0
chb01,chb01_18.edf,904.0,908.0,0.5,0.35,76,0.48840569686484475,ok,0,10,9,0.0
chb01,chb01_18.edf,904.0,908.0,0.5,0.35,77,1.4397992123948258,ok,0,10,9,0.0
chb01,chb01_18.edf,904.0,908.0,0.5,0.35,78,0.8798446818952417,ok,0,10,9,0.0
chb01,chb01_18.edf,904.0,908.0,0.5,0.35,79,0.669320371720449,ok,0,8,7,0.0
chb01,chb01_18.edf,904.0,908.0,0.5,0.35,80,0.7001723173641382,ok,0,11,9,0.0
chb01,chb01_18.edf,904.0,908.0,0.5,0.35,81,1.3453019320978854,ok,0,10,9,0.0
chb01,chb01_18.edf,904.0,908.0,0.5,0.7,62,0.5687028088741318,ok,0,12,11,0.0
chb01,chb01_18.edf,904.0,908.0,0.5,0.7,63,0.15255102400950155,ok,0,8,7,0.0
chb01,chb01_18.edf,904.0,908.0,0.5,0.7,64,0.33066737835270793,ok,0,10,9,0.0
chb01,chb01_18.edf,904.0,908.0,0.5,0.7,65,0.5518250131061467,ok,0,10,8,0.0
chb01,chb01_18.edf,904.0,908.0,0.5,0.7,66,0.3428004452807938,ok,0,11,9,0.0
chb01,chb01_18.edf,904.0,908.0,0.5,0.7,67,0.9454773281444654,ok,0,7,6,0.0
chb01,chb01_18.edf,904.0,908.0,0.5,0.7,68,1.2291207868644798,ok,0,12,11,0.0
chb01,chb01_18.edf,904.0,908.0,0.5,0.7,69,1.263471376705154,ok,0,9,8,0.0
chb01,chb01_18.edf,904.0,908.0,0.5,0.7,70,0.5063250877657728,ok,0,14,13,0.0
chb01,chb01_18.edf,904.0,908.0,0.5,0.7,71,1.8814282450408817,ok,0,11,10,0.0
chb01,chb01_18.edf,904.0,908.0,0.5,0.7,72,0.18642507739616473,ok,0,6,5,0.0
chb01,chb01_18.edf,904.0,908.0,0.5,0.7,73,0.6144221352960508,ok,0,10,9,0.0
chb01,chb01_18.edf,904.0,908.0,0.5,0.7,74,0.64783345738243,ok,0,9,7,0.0
chb01,chb01_18.edf,904.0,908.0,0.5,0.7,75,0.9654666566235744,ok,0,12,10,0.0
chb01,chb01_18.edf,904.0,908.0,0.5,0.7,76,0.48840569686484475,ok,0,10,9,0.0
chb01,chb01_18.edf,904.0,908.0,0.5,0.7,77,1.487661106245009,ok,0,9,8,0.0
chb01,chb01_18.edf,904.0,908.0,0.5,0.7,78,0.8443186321178225,ok,0,10,9,0.0
chb01,chb01_18.edf,904.0,908.0,0.5,0.7,79,0.669320371720449,ok,0,8,7,0.0
chb01,chb01_18.edf,904.0,908.0,0.5,0.7,80,0.7001723173641382,ok,0,11,9,0.0
chb01,chb01_18.edf,904.0,908.0,0.5,0.7,81,1.3453019320978854,ok,0,10,9,0.0
chb01,chb01_18.edf,904.0,908.0,1.0,0.0,62,0.7743914046997703,ok,0,11,10,0.0
chb01,chb01_18.edf,904.0,908.0,1.0,0.0,63,0.21488489744161204,ok,0,8,7,0.0
chb01,chb01_18.edf,904.0,908.0,1.0,0.0,64,0.17192047651837583,ok,0,10,9,0.0
chb01,chb01_18.edf,904.0,908.0,1.0,0.0,65,0.48620003231413916,ok,0,12,9,0.0
chb01,chb01_18.edf,904.0,908.0,1.0,0.0,66,1.3756822323974554,ok,0,13,11,0.0
chb01,chb01_18.edf,904.0,908.0,1.0,0.0,67,1.0067830609804835,ok,0,9,8,0.0
chb01,chb01_18.edf,904.0,908.0,1.0,0.0,68,1.5176810316646947,ok,0,13,11,0.0
chb01,chb01_18.edf,904.0,908.0,1.0,0.0,69,1.0610836315798138,ok,0,8,5,0.0
chb01,chb01_18.edf,904.0,908.0,1.0,0.0,70,0.981919803246944,ok,0,12,11,0.0
chb01,chb01_18.edf,904.0,908.0,1.0,0.0,71,1.7937447317653397,ok,0,10,8,0.0
chb01,chb01_18.edf,904.0,908.0,1.0,0.0,72,0.18642507739616473,ok,0,6,5,0.0
chb01,chb01_18.edf,904.0,908.0,1.0,0.0,73,0.5987516059102022,ok,0,9,8,0.0
chb01,chb01_18.edf,904.0,908.0,1.0,0.0,74,0.6443582292066723,ok,0,11,10,0.0
chb01,chb01_18.edf,904.0,908.0,1.0,0.0,75,1.65888681246551,ok,0,10,7,0.0
chb01,chb01_18.edf,904.0,908.0,1.0,0.0,76,0.22553402254439306,ok,0,12,11,0.0
chb01,chb01_18.edf,904.0,908.0,1.0,0.0,77,1.261454559020981,ok,0,10,9,0.0
chb01,chb01_18.edf,904.0,908.0,1.0,0.0,78,1.9856992051961986,ok,0,12,11,0.0
chb01,chb01_18.edf,904.0,908.0,1.0,0.0,79,0.1609368397508929,ok,0,7,6,0.0
chb01,chb01_18.edf,904.0,908.0,1.0,0.0,80,0.8375512923759941,ok,0,11,9,0.0
chb01,chb01_18.edf,904.0,908.0,1.0,0.0,81,1.3218647883394035,ok,0,10,8,0.0
chb01,chb01_18.edf,904.0,908.0,1.0,0.175,62,0.7743914046997703,ok,0,11,10,0.0
chb01,chb01_18.edf,904.0,908.0,1.0,0.175,63,0.19649437297296482,ok,0,8,7,0.0
chb01,chb01_18.edf,904.0,908.0,1.0,0.175,64,0.17192047651837583,ok,0,10,9,0.0
chb01,chb01_18.edf,904.0,908.0,1.0,0.175,65,0.48620003231413916,ok,0,12,9,0.0
chb01,chb01_18.edf,904.0,908.0,1.0,0.175,66,1.3756822323974554,ok,0,13,11,0.0
chb01,chb01_18.edf,904.0,908.0,1.0,0.175,67,1.0067830609804835,ok,0,9,8,0.0
chb01,chb01_18.edf,904.0,908.0,1.0,0.175,68,1.5176810316646947,ok,0,13,11,0.0
chb01,chb01_18.edf,904.0,908.0,1.0,0.175,69,1.20327226737019,ok,0,8,6,0.0
chb01,chb01_18.edf,904.0,908.0,1.0,0.175,70,0.981919803246944,ok,0,12,11,0.0
chb01,chb01_18.edf,904.0,908.0,1.0,0.175,71,1.7937447317653397,ok,0,10,8,0.0
chb01,chb01_18.edf,904.0,908.0,1.0,0.175,72,0.18642507739616473,ok,0,6,5,0.0
chb01,chb01_18.edf,904.0,908.0,1.0,0.175,73,0.5987516059102022,ok,0,9,8,0.0
chb01,chb01_18.edf,904.0,908.0,1.0,0.175,74,0.6459406006850896,ok,0,11,10,0.0
chb01,chb01_18.edf,904.0,908.0,1.0,0.175,75,1.65888681246551,ok,0,10,7,0.0
chb01,chb01_18.edf,904.0,908.0,1.0,0.175,76,0.22553402254439306,ok,0,12,11,0.0
chb01,chb01_18.edf,904.0,908.0,1.0,0.175,77,1.261454559020981,ok,0,10,9,0.0
chb01,chb01_18.edf,904.0,908.0,1.0,0.175,78,1.9856992051961986,ok,0,12,11,0.0
chb01,chb01_18.edf,904.0,908.0,1.0,0.175,79,0.1609368397508929,ok,0,7,6,0.0
chb01,chb01_18.edf,904.0,908.0,1.0,0.175,80,0.8375512923759941,ok,0,11,9,0.0
chb01,chb01_18.edf,904.0,908.0,1.0,0.175,81,1.3218647883394035,ok,0,10,8,0.0
chb01,chb01_18.edf,904.0,908.0,1.0,0.35,62,0.7743914046997703,ok,0,11,10,0.0
chb01,chb01_18.edf,904.0,908.0,1.0,0.35,63,0.19649437297296482,ok,0,8,7,0.0
chb01,chb01_18.edf,904.0,908.0,1.0,0.35,64,0.17192047651837583,ok,0,10,9,0.0
chb01,chb01_18.edf,904.0,908.0,1.0,0.35,65,0.48620003231413916,ok,0,12,9,0.0
chb01,chb01_18.edf,904.0,908.0,1.0,0.35,66,1.3756822323974554,ok,0,13,11,0.0
chb01,chb01_18.edf,904.0,908.0,1.0,0.35,67,1.0067830609804835,ok,0,9,8,0.0
chb01,chb01_18.edf,904.0,908.0,1.0,0.35,68,1.5176810316646947,ok,0,13,11,0.0
chb01,chb01_18.edf,904.0,908.0,1.0,0.35,69,1.20327226737019,ok,0,8,6,0.0
chb01,chb01_18.edf,904.0,908.0,1.0,0.35,70,0.981919803246944,ok,0,12,11,0.0
chb01,chb01_18.edf,904.0,908.0,1.0,0.35,71,1.7937447317653397,ok,0,10,8,0.0
chb01,chb01_18.edf,904.0,908.0,1.0,0.35,72,0.18642507739616473,ok,0,6,5,0.0
chb01,chb01_18.edf,904.0,908.0,1.0,0.35,73,0.6191720810400293,ok,0,9,8,0.0
chb01,chb01_18.edf,904.0,908.0,1.0,0.35,74,0.6459406006850896,ok,0,11,10,0.0
chb01,chb01_18.edf,904.0,908.0,1.0,0.35,75,1.65888681246551,ok,0,10,7,0.0
chb01,chb01_18.edf,904.0,908.0,1.0,0.35,76,0.22553402254439306,ok,0,12,11,0.0
chb01,chb01_18.edf,904.0,908.0,1.0,0.35,77,1.261454559020981,ok,0,10,9,0.0
chb01,chb01_18.edf,904.0,908.0,1.0,0.35,78,1.9856992051961986,ok,0,12,11,0.0
chb01,chb01_18.edf,904.0,908.0,1.0,0.35,79,0.1878077787684282,ok,0,7,6,0.0
chb01,chb01_18.edf,904.0,908.0,1.0,0.35,80,0.847592558041268,ok,0,12,10,0.0
chb01,chb01_18.edf,904.0,908.0,1.0,0.35,81,1.3218647883394035,ok,0,10,8,0.0
chb01,chb01_18.edf,904.0,908.0,1.0,0.7,62,0.7743914046997703,ok,0,11,10,0.0
chb01,chb01_18.edf,904.0,908.0,1.0,0.7,63,0.19649437297296482,ok,0,8,7,0.0
chb01,chb01_18.edf,904.0,908.0,1.0,0.7,64,0.16173847447666995,ok,0,10,9,0.0
chb01,chb01_18.edf,904.0,908.0,1.0,0.7,65,0.48620003231413916,ok,0,12,9,0.0
chb01,chb01_18.edf,904.0,908.0,1.0,0.7,66,1.3756822323974554,ok,0,13,11,0.0
chb01,chb01_18.edf,904.0,908.0,1.0,0.7,67,1.0067830609804835,ok,0,9,8,0.0
chb01,chb01_18.edf,904.0,908.0,1.0,0.7,68,1.5176810316646947,ok,0,13,11,0.0
chb01,chb01_18.edf,904.0,908.0,1.0,0.7,69,1.20327226737019,ok,0,8,6,0.0
chb01,chb01_18.edf,904.0,908.0,1.0,0.7,70,0.981919803246944,ok,0,12,11,0.0
chb01,chb01_18.edf,904.0,908.0,1.0,0.7,71,1.7937447317653397,ok,0,10,8,0.0
chb01,chb01_18.edf,904.0,908.0,1.0,0.7,72,0.18642507739616473,ok,0,6,5,0.0
chb01,chb01_18.edf,904.0,908.0,1.0,0.7,73,0.6119902858539218,ok,0,8,7,0.0
chb01,chb01_18.edf,904.0,908.0,1.0,0.7,74,0.6460674754564742,ok,0,11,10,0.0
chb01,chb01_18.edf,904.0,908.0,1.0,0.7,75,1.65888681246551,ok,0,10,7,0.0
chb01,chb01_18.edf,904.0,908.0,1.0,0.7,76,0.22553402254439306,ok,0,12,11,0.0
chb01,chb01_18.edf,904.0,908.0,1.0,0.7,77,1.261454559020981,ok,0,10,9,0.0
chb01,chb01_18.edf,904.0,908.0,1.0,0.7,78,1.985819910369588,ok,0,12,11,0.0
chb01,chb01_18.edf,904.0,908.0,1.0,0.7,79,0.1878077787684282,ok,0,7,6,0.0
chb01,chb01_18.edf,904.0,908.0,1.0,0.7,80,0.8460001481744026,ok,0,12,10,0.0
chb01,chb01_18.edf,904.0,908.0,1.0,0.7,81,1.3218647883394035,ok,0,10,8,0.0
chb01,chb01_18.edf,2700.0,2704.0,0.25,0.0,62,0.6171842911523988,ok,0,10,9,0.0
chb01,chb01_18.edf,2700.0,2704.0,0.25,0.0,63,2.043747370146671,ok,0,9,8,0.0
chb01,chb01_18.edf,2700.0,2704.0,0.25,0.0,64,0.8756532617719204,ok,0,9,8,0.0
chb01,chb01_18.edf,2700.0,2704.0,0.25,0.0,65,0.9667718123938864,ok,0,11,10,0.0
chb01,chb01_18.edf,2700.0,2704.0,0.25,0.0,66,0.3631787913269073,ok,0,11,9,0.0
chb01,chb01_18.edf,2700.0,2704.0,0.25,0.0,67,0.8092054221906116,ok,0,11,9,0.0
chb01,chb01_18.edf,2700.0,2704.0,0.25,0.0,68,0.9681035064574081,ok,0,9,8,0.0
chb01,chb01_18.edf,2700.0,2704.0,0.25,0.0,69,1.241548694349417,ok,0,10,8,0.0
chb01,chb01_18.edf,2700.0,2704.0,0.25,0.0,70,0.2793983295119334,ok,0,9,8,0.0
chb01,chb01_18.edf,2700.0,2704.0,0.25,0.0,71,1.5904417843670142,ok,0,12,11,0.0
chb01,chb01_18.edf,2700.0,2704.0,0.25,0.0,72,0.9990557900479503,ok,0,11,9,0.0
chb01,chb01_18.edf,2700.0,2704.0,0.25,0.0,73,0.4814093715175572,ok,0,8,7,0.0
chb01,chb01_18.edf,2700.0,2704.0,0.25,0.0,74,0.6162790697674418,ok,0,11,8,0.0
chb01,chb01_18.edf,2700.0,2704.0,0.25,0.0,75,0.35394981220923855,ok,0,12,11,0.0
chb01,chb01_18.edf,2700.0,2704.0,0.25,0.0,76,0.3909772130214703,ok,0,12,11,0.0
chb01,chb01_18.edf,2700.0,2704.0,0.25,0.0,77,0.9447730595988872,ok,0,6,4,0.0
chb01,chb01_18.edf,2700.0,2704.0,0.25,0.0,78,1.3483863463099397,ok,0,11,10,0.0
chb01,chb01_18.edf,2700.0,2704.0,0.25,0.0,79,0.1609368397508929,ok,0,7,6,0.0
chb01,chb01_18.edf,2700.0,2704.0,0.25,0.0,80,0.1797136108456547,ok,0,12,10,0.0
chb01,chb01_18.edf,2700.0,2704.0,0.25,0.0,81,1.4033891062507988,ok,0,10,7,0.0
chb01,chb01_18.edf,2700.0,2704.0,0.25,0.175,62,0.6136062228392102,ok,0,10,9,0.0
chb01,chb01_18.edf,2700.0,2704.0,0.25,0.175,63,2.043813729291342,ok,0,9,8,0.0
chb01,chb01_18.edf,2700.0,2704.0,0.25,0.175,64,0.8756532617719204,ok,0,9,8,0.0
chb01,chb01_18.edf,2700.0,2704.0,0.25,0.175,65,0.9667718123938864,ok,0,11,10,0.0
chb01,chb01_18.edf,2700.0,2704.0,0.25,0.175,66,0.3428004452807938,ok,0,11,9,0.0
chb01,chb01_18.edf,2700.0,2704.0,0.25,0.175,67,0.7837496720494512,ok,0,11,9,0.0
chb01,chb01_18.edf,2700.0,2704.0,0.25,0.175,68,0.9681035064574081,ok,0,9,8,0.0
chb01,chb01_18.edf,2700.0,2704.0,0.25,0.175,69,1.1475643884109248,ok,0,10,7,0.0
chb01,chb01_18.edf,2700.0,2704.0,0.25,0.175,70,0.2793983295119334,ok,0,9,8,0.0
chb01,chb01_18.edf,2700.0,2704.0,0.25,0.175,71,1.5904417843670142,ok,0,12,11,0.0
chb01,chb01_18.edf,2700.0,2704.0,0.25,0.175,72,1.0196656406522506,ok,0,10,8,0.0
chb01,chb01_18.edf,2700.0,2704.0,0.25,0.175,73,0.46686788998380735,ok,0,9,8,0.0
chb01,chb01_18.edf,2700.0,2704.0,0.25,0.175,74,0.35069153462949404,ok,0,12,9,0.0
chb01,chb01_18.edf,2700.0,2704.0,0.25,0.175,75,0.35394981220923855,ok,0,12,11,0.0
chb01,chb01_18.edf,2700.0,2704.0,0.25,0.175,76,0.3909772130214703,ok,0,12,11,0.0
chb01,chb01_18.edf,2700.0,2704.0,0.25,0.175,77,0.9447730595988872,ok,0,6,4,0.0
chb01,chb01_18.edf,2700.0,2704.0,0.25,0.175,78,1.3019074560201331,ok,0,11,9,0.0
chb01,chb01_18.edf,2700.0,2704.0,0.25,0.175,79,0.1609368397508929,ok,0,7,6,0.0
chb01,chb01_18.edf,2700.0,2704.0,0.25,0.175,80,0.1797136108456547,ok,0,12,10,0.0
chb01,chb01_18.edf,2700.0,2704.0,0.25,0.175,81,1.391697303472564,ok,0,9,8,0.0
chb01,chb01_18.edf,2700.0,2704.0,0.25,0.35,62,0.8076629269481681,ok,0,10,9,0.0
chb01,chb01_18.edf,2700.0,2704.0,0.25,0.35,63,1.8975503893753731,ok,0,9,7,0.0
chb01,chb01_18.edf,2700.0,2704.0,0.25,0.35,64,0.8756532617719204,ok,0,9,8,0.0
chb01,chb01_18.edf,2700.0,2704.0,0.25,0.35,65,0.867807967652256,ok,0,13,11,0.0
chb01,chb01_18.edf,2700.0,2704.0,0.25,0.35,66,0.3428004452807938,ok,0,11,9,0.0
chb01,chb01_18.edf,2700.0,2704.0,0.25,0.35,67,0.7837496720494512,ok,0,11,9,0.0
chb01,chb01_18.edf,2700.0,2704.0,0.25,0.35,68,0.895157178062396,ok,0,8,7,0.0
chb01,chb01_18.edf,2700.0,2704.0,0.25,0.35,69,1.2377839868059548,ok,0,11,8,0.0
chb01,chb01_18.edf,2700.0,2704.0,0.25,0.35,70,0.2793983295119334,ok,0,9,8,0.0
chb01,chb01_18.edf,2700.0,2704.0,0.25,0.35,71,1.5904417843670142,ok,0,12,11,0.0
chb01,chb01_18.edf,2700.0,2704.0,0.25,0.35,72,1.0196656406522506,ok,0,10,8,0.0
chb01,chb01_18.edf,2700.0,2704.0,0.25,0.35,73,0.45776650490220516,ok,0,10,9,0.0
chb01,chb01_18.edf,2700.0,2704.0,0.25,0.35,74,0.3172735732474943,ok,0,11,8,0.0
chb01,chb01_18.edf,2700.0,2704.0,0.25,0.35,75,0.6143867705920638,ok,0,10,9,0.0
chb01,chb01_18.edf,2700.0,2704.0,0.25,0.35,76,0.3577381487368438,ok,0,12,11,0.0
chb01,chb01_18.edf,2700.0,2704.0,0.25,0.35,77,0.9447730595988872,ok,0,6,4,0.0
chb01,chb01_18.edf,2700.0,2704.0,0.25,0.35,78,1.306156354898009,ok,0,10,8,0.0
chb01,chb01_18.edf,2700.0,2704.0,0.25,0.35,79,0.1609368397508929,ok,0,7,6,0.0
chb01,chb01_18.edf,2700.0,2704.0,0.25,0.35,80,0.16139070270625072,ok,0,11,10,0.0
chb01,chb01_18.edf,2700.0,2704.0,0.25,0.35,81,1.3591282992381686,ok,0,9,8,0.0
chb01,chb01_18.edf,2700.0,2704.0,0.25,0.7,62,0.9069139200494727,ok,0,11,10,0.0
chb01,chb01_18.edf,2700.0,2704.0,0.25,0.7,63,1.8975503893753731,ok,0,9,7,0.0
chb01,chb01_18.edf,2700.0,2704.0,0.25,0.7,64,0.8797157319407379,ok,0,9,8,0.0
chb01,chb01_18.edf,2700.0,2704.0,0.25,0.7,65,0.7881372552203204,ok,0,11,10,0.0
chb01,chb01_18.edf,2700.0,2704.0,0.25,0.7,66,0.3428004452807938,ok,0,11,9,0.0
chb01,chb01_18.edf,2700.0,2704.0,0.25,0.7,67,0.5128784329107092,ok,0,12,10,0.0
chb01,chb01_18.edf,2700.0,2704.0,0.25,0.7,68,1.0308364858131243,ok,0,9,8,0.0
chb01,chb01_18.edf,2700.0,2704.0,0.25,0.7,69,1.2284472677126403,ok,0,10,8,0.0
chb01,chb01_18.edf,2700.0,2704.0,0.25,0.7,70,0.2793983295119334,ok,0,9,8,0.0
chb01,chb01_18.edf,2700.0,2704.0,0.25,0.7,71,1.6064083802046423,ok,0,12,11,0.0
chb01,chb01_18.edf,2700.0,2704.0,0.25,0.7,72,1.6700823879959537,ok,0,7,6,0.0
chb01,chb01_18.edf,2700.0,2704.0,0.25,0.7,73,0.4190002522178619,ok,0,8,7,0.0
chb01,chb01_18.edf,2700.0,2704.0,0.25,0.7,74,0.31599262652174614,ok,0,11,8,0.0
chb01,chb01_18.edf,2700.0,2704.0,0.25,0.7,75,0.6269584983670182,ok,0,10,9,0.0
chb01,chb01_18.edf,2700.0,2704.0,0.25,0.7,76,0.3537831256575135,ok,0,12,11,0.0
chb01,chb01_18.edf,2700.0,2704.0,0.25,0.7,77,0.8472260305815239,ok,0,6,5,0.0
chb01,chb01_18.edf,2700.0,2704.0,0.25,0.7,78,1.3060279034875522,ok,0,10,8,0.0
chb01,chb01_18.edf,2700.0,2704.0,0.25,0.7,79,0.1609368397508929,ok,0,7,6,0.0
chb01,chb01_18.edf,2700.0,2704.0,0.25,0.7,80,0.09743871156398681,ok,0,12,11,0.0
chb01,chb01_18.edf,2700.0,2704.0,0.25,0.7,81,1.319491443559637,ok,0,9,7,0.0
chb01,chb01_18.edf,2700.0,2704.0,0.5,0.0,62,0.5712931377579745,ok,0,12,11,0.0
chb01,chb01_18.edf,2700.0,2704.0,0.5,0.0,63,0.16726057798219393,ok,0,8,7,0.0
chb01,chb01_18.edf,2700.0,2704.0,0.5,0.0,64,0.19637001542360058,ok,0,9,8,0.0
chb01,chb01_18.edf,2700.0,2704.0,0.5,0.0,65,0.546024803519956,ok,0,10,8,0.0
chb01,chb01_18.edf,2700.0,2704.0,0.5,0.0,66,0.3428004452807938,ok,0,11,9,0.0
chb01,chb01_18.edf,2700.0,2704.0,0.5,0.0,67,0.9454773281444654,ok,0,7,6,0.0
chb01,chb01_18.edf,2700.0,2704.0,0.5,0.0,68,1.2291207868644798,ok,0,12,11,0.0
chb01,chb01_18.edf,2700.0,2704.0,0.5,0.0,69,1.1682562182790923,ok,0,9,7,0.0
chb01,chb01_18.edf,2700.0,2704.0,0.5,0.0,70,0.5111811702061327,ok,0,14,13,0.0
chb01,chb01_18.edf,2700.0,2704.0,0.5,0.0,71,1.8179982256514546,ok,0,11,9,0.0
chb01,chb01_18.edf,2700.0,2704.0,0.5,0.0,72,0.18642507739616473,ok,0,6,5,0.0
chb01,chb01_18.edf,2700.0,2704.0,0.5,0.0,73,0.6286253346157429,ok,0,10,9,0.0
chb01,chb01_18.edf,2700.0,2704.0,0.5,0.0,74,0.6476197533905482,ok,0,9,7,0.0
chb01,chb01_18.edf,2700.0,2704.0,0.5,0.0,75,0.9626906857352386,ok,0,12,10,0.0
chb01,chb01_18.edf,2700.0,2704.0,0.5,0.0,76,0.48840569686484475,ok,0,10,9,0.0
chb01,chb01_18.edf,2700.0,2704.0,0.5,0.0,77,1.4397992123948258,ok,0,10,9,0.0
chb01,chb01_18.edf,2700.0,2704.0,0.5,0.0,78,0.8783739115481473,ok,0,10,9,0.0
chb01,chb01_18.edf,2700.0,2704.0,0.5,0.0,79,0.6660998123404629,ok,0,8,7,0.0
chb01,chb01_18.edf,2700.0,2704.0,0.5,0.0,80,0.48943288169382493,ok,0,10,8,0.0
chb01,chb01_18.edf,2700.0,2704.0,0.5,0.0,81,1.3487816138931745,ok,0,10,9,0.0
chb01,chb01_18.edf,2700.0,2704.0,0.5,0.175,62,0.5681709798095599,ok,0,12,11,0.0
chb01,chb01_18.edf,2700.0,2704.0,0.5,0.175,63,0.16726057798219393,ok,0,8,7,0.0
chb01,chb01_18.edf,2700.0,2704.0,0.5,0.175,64,0.33066737835270793,ok,0,10,9,0.0
chb01,chb01_18.edf,2700.0,2704.0,0.5,0.175,65,0.5518250131061467,ok,0,10,8,0.0
chb01,chb01_18.edf,2700.0,2704.0,0.5,0.175,66,0.3428004452807938,ok,0,11,9,0.0
chb01,chb01_18.edf,2700.0,2704.0,0.5,0.175,67,0.9454773281444654,ok,0,7,6,0.0
chb01,chb01_18.edf,2700.0,2704.0,0.5,0.175,68,1.2291207868644798,ok,0,12,11,0.0
chb01,chb01_18.edf,2700.0,2704.0,0.5,0.175,69,1.1682562182790923,ok,0,9,7,0.0
chb01,chb01_18.edf,2700.0,2704.0,0.5,0.175,70,0.5111811702061327,ok,0,14,13,0.0
chb01,chb01_18.edf,2700.0,2704.0,0.5,0.175,71,1.8814282450408817,ok,0,11,10,0.0
chb01,chb01_18.edf,2700.0,2704.0,0.5,0.175,72,0.18642507739616473,ok,0,6,5,0.0
chb01,chb01_18.edf,2700.0,2704.0,0.5,0.175,73,0.6286253346157429,ok,0,10,9,0.0
chb01,chb01_18.edf,2700.0,2704.0,0.5,0.175,74,0.655280757217913,ok,0,10,8,0.0
chb01,chb01_18.edf,2700.0,2704.0,0.5,0.175,75,0.9626906857352386,ok,0,12,10,0.0
chb01,chb01_18.edf,2700.0,2704.0,0.5,0.175,76,0.48840569686484475,ok,0,10,9,0.0
chb01,chb01_18.edf,2700.0,2704.0,0.5,0.175,77,1.4397992123948258,ok,0,10,9,0.0
chb01,chb01_18.edf,2700.0,2704.0,0.5,0.175,78,0.842869542983464,ok,0,10,9,0.0
chb01,chb01_18.edf,2700.0,2704.0,0.5,0.175,79,0.6660998123404629,ok,0,8,7,0.0
chb01,chb01_18.edf,2700.0,2704.0,0.5,0.175,80,0.48943288169382493,ok,0,10,8,0.0
chb01,chb01_18.edf,2700.0,2704.0,0.5,0.175,81,1.3487816138931745,ok,0,10,9,0.0
chb01,chb01_18.edf,2700.0,2704.0,0.5,0.35,62,0.5681709798095599,ok,0,12,11,0.0
chb01,chb01_18.edf,2700.0,2704.0,0.5,0.35,63,0.16726057798219393,ok,0,8,7,0.0
chb01,chb01_18.edf,2700.0,2704.0,0.5,0.35,64,0.33066737835270793,ok,0,10,9,0.0
chb01,chb01_18.edf,2700.0,2704.0,0.5,0.35,65,0.5518250131061467,ok,0,10,8,0.0
chb01,chb01_18.edf,2700.0,2704.0,0.5,0.35,66,0.3428004452807938,ok,0,11,9,0.0
chb01,chb01_18.edf,2700.0,2704.0,0.5,0.35,67,0.9454773281444654,ok,0,7,6,0.0
chb01,chb01_18.edf,2700.0,2704.0,0.5,0.35,68,1.2563716415680837,ok,0,11,10,0.0
chb01,chb01_18.edf,2700.0,2704.0,0.5,0.35,69,1.2192157557534467,ok,0,10,8,0.0
chb01,chb01_18.edf,2700.0,2704.0,0.5,0.35,70,0.5111811702061327,ok,0,14,13,0.0
chb01,chb01_18.edf,2700.0,2704.0,0.5,0.35,71,1.8814282450408817,ok,0,11,10,0.0
chb01,chb01_18.edf,2700.0,2704.0,0.5,0.35,72,0.18642507739616473,ok,0,6,5,0.0
chb01,chb01_18.edf,2700.0,2704.0,0.5,0.35,73,0.6355420927953377,ok,0,10,9,0.0
chb01,chb01_18.edf,2700.0,2704.0,0.5,0.35,74,0.643765204137692,ok,0,10,8,0.0
chb01,chb01_18.edf,2700.0,2704.0,0.5,0.35,75,0.9335265826540219,ok,0,11,10,0.0
chb01,chb01_18.edf,2700.0,2704.0,0.5,0.35,76,0.48840569686484475,ok,0,10,9,0.0
chb01,chb01_18.edf,2700.0,2704.0,0.5,0.35,77,1.4397992123948258,ok,0,10,9,0.0
chb01,chb01_18.edf,2700.0,2704.0,0.5,0.35,78,0.8355165148768237,ok,0,10,8,0.0
chb01,chb01_18.edf,2700.0,2704.0,0.5,0.35,79,0.6660998123404629,ok,0,8,7,0.0
chb01,chb01_18.edf,2700.0,2704.0,0.5,0.35,80,0.48222572467525254,ok,0,10,8,0.0
chb01,chb01_18.edf,2700.0,2704.0,0.5,0.35,81,1.3453019320978854,ok,0,10,9,0.0
chb01,chb01_18.edf,2700.0,2704.0,0.5,0.7,62,0.5923538036050858,ok,0,13,11,0.0
chb01,chb01_18.edf,2700.0,2704.0,0.5,0.7,63,0.20228833216391953,ok,0,8,7,0.0
chb01,chb01_18.edf,2700.0,2704.0,0.5,0.7,64,0.33066737835270793,ok,0,10,9,0.0
chb01,chb01_18.edf,2700.0,2704.0,0.5,0.7,65,0.9564870239354323,ok,0,10,9,0.0
chb01,chb01_18.edf,2700.0,2704.0,0.5,0.7,66,0.3428004452807938,ok,0,11,9,0.0
chb01,chb01_18.edf,2700.0,2704.0,0.5,0.7,67,0.8447931131786981,ok,0,6,5,0.0
chb01,chb01_18.edf,2700.0,2704.0,0.5,0.7,68,1.277195559579795,ok,0,11,10,0.0
chb01,chb01_18.edf,2700.0,2704.0,0.5,0.7,69,1.422177858160389,ok,0,9,8,0.0
chb01,chb01_18.edf,2700.0,2704.0,0.5,0.7,70,0.4839757627615466,ok,0,13,12,0.0
chb01,chb01_18.edf,2700.0,2704.0,0.5,0.7,71,1.9023929873762566,ok,0,11,10,0.0
chb01,chb01_18.edf,2700.0,2704.0,0.5,0.7,72,0.2182492190335565,ok,0,6,5,0.0
chb01,chb01_18.edf,2700.0,2704.0,0.5,0.7,73,0.5744742565089895,ok,0,12,11,0.0
chb01,chb01_18.edf,2700.0,2704.0,0.5,0.7,74,0.5380806592396263,ok,0,9,7,0.0
chb01,chb01_18.edf,2700.0,2704.0,0.5,0.7,75,0.9355454177974625,ok,0,11,10,0.0
chb01,chb01_18.edf,2700.0,2704.0,0.5,0.7,76,0.5111297385677903,ok,0,11,10,0.0
chb01,chb01_18.edf,2700.0,2704.0,0.5,0.7,77,1.4397992123948258,ok,0,10,9,0.0
chb01,chb01_18.edf,2700.0,2704.0,0.5,0.7,78,0.8355165148768237,ok,0,10,8,0.0
chb01,chb01_18.edf,2700.0,2704.0,0.5,0.7,79,0.669320371720449,ok,0,8,7,0.0
chb01,chb01_18.edf,2700.0,2704.0,0.5,0.7,80,0.48222572467525254,ok,0,10,8,0.0
chb01,chb01_18.edf,2700.0,2704.0,0.5,0.7,81,1.3246446445661486,ok,0,10,8,0.0
chb01,chb01_18.edf,2700.0,2704.0,1.0,0.0,62,0.7743914046997703,ok,0,11,10,0.0
chb01,chb01_18.edf,2700.0,2704.0,1.0,0.0,63,0.21488489744161204,ok,0,8,7,0.0
chb01,chb01_18.edf,2700.0,2704.0,1.0,0.0,64,0.17192047651837583,ok,0,10,9,0.0
chb01,chb01_18.edf,2700.0,2704.0,1.0,0.0,65,0.48620003231413916,ok,0,12,9,0.0
chb01,chb01_18.edf,2700.0,2704.0,1.0,0.0,66,1.3756822323974554,ok,0,13,11,0.0
chb01,chb01_18.edf,2700.0,2704.0,1.0,0.0,67,1.0067830609804835,ok,0,9,8,0.0
chb01,chb01_18.edf,2700.0,2704.0,1.0,0.0,68,1.5176810316646947,ok,0,13,11,0.0
chb01,chb01_18.edf,2700.0,2704.0,1.0,0.0,69,1.0610836315798138,ok,0,8,5,0.0
chb01,chb01_18.edf,2700.0,2704.0,1.0,0.0,70,0.981919803246944,ok,0,12,11,0.0
chb01,chb01_18.edf,2700.0,2704.0,1.0,0.0,71,1.7937447317653397,ok,0,10,8,0.0
chb01,chb01_18.edf,2700.0,2704.0,1.0,0.0,72,0.18642507739616473,ok,0,6,5,0.0
chb01,chb01_18.edf,2700.0,2704.0,1.0,0.0,73,0.5987516059102022,ok,0,9,8,0.0
chb01,chb01_18.edf,2700.0,2704.0,1.0,0.0,74,0.6443582292066723,ok,0,11,10,0.0
chb01,chb01_18.edf,2700.0,2704.0,1.0,0.0,75,1.65888681246551,ok,0,10,7,0.0
chb01,chb01_18.edf,2700.0,2704.0,1.0,0.0,76,0.22553402254439306,ok,0,12,11,0.0
chb01,chb01_18.edf,2700.0,2704.0,1.0,0.0,77,1.261454559020981,ok,0,10,9,0.0
chb01,chb01_18.edf,2700.0,2704.0,1.0,0.0,78,1.9856992051961986,ok,0,12,11,0.0
chb01,chb01_18.edf,2700.0,2704.0,1.0,0.0,79,0.1609368397508929,ok,0,7,6,0.0
chb01,chb01_18.edf,2700.0,2704.0,1.0,0.0,80,0.8375512923759941,ok,0,11,9,0.0
chb01,chb01_18.edf,2700.0,2704.0,1.0,0.0,81,1.3218647883394035,ok,0,10,8,0.0
chb01,chb01_18.edf,2700.0,2704.0,1.0,0.175,62,0.7743914046997703,ok,0,11,10,0.0
chb01,chb01_18.edf,2700.0,2704.0,1.0,0.175,63,0.16726057798219393,ok,0,8,7,0.0
chb01,chb01_18.edf,2700.0,2704.0,1.0,0.175,64,0.17599259780918877,ok,0,10,8,0.0
chb01,chb01_18.edf,2700.0,2704.0,1.0,0.175,65,0.48620003231413916,ok,0,12,9,0.0
chb01,chb01_18.edf,2700.0,2704.0,1.0,0.175,66,1.3756822323974554,ok,0,13,11,0.0
chb01,chb01_18.edf,2700.0,2704.0,1.0,0.175,67,1.0067830609804835,ok,0,9,8,0.0
chb01,chb01_18.edf,2700.0,2704.0,1.0,0.175,68,1.5176810316646947,ok,0,13,11,0.0
chb01,chb01_18.edf,2700.0,2704.0,1.0,0.175,69,1.0610836315798138,ok,0,8,5,0.0
chb01,chb01_18.edf,2700.0,2704.0,1.0,0.175,70,0.981919803246944,ok,0,12,11,0.0
chb01,chb01_18.edf,2700.0,2704.0,1.0,0.175,71,1.7937447317653397,ok,0,10,8,0.0
chb01,chb01_18.edf,2700.0,2704.0,1.0,0.175,72,0.18642507739616473,ok,0,6,5,0.0
chb01,chb01_18.edf,2700.0,2704.0,1.0,0.175,73,0.5987516059102022,ok,0,9,8,0.0
chb01,chb01_18.edf,2700.0,2704.0,1.0,0.175,74,0.6373761215671587,ok,0,11,10,0.0
chb01,chb01_18.edf,2700.0,2704.0,1.0,0.175,75,1.65888681246551,ok,0,10,7,0.0
chb01,chb01_18.edf,2700.0,2704.0,1.0,0.175,76,0.22553402254439306,ok,0,12,11,0.0
chb01,chb01_18.edf,2700.0,2704.0,1.0,0.175,77,1.261454559020981,ok,0,10,9,0.0
chb01,chb01_18.edf,2700.0,2704.0,1.0,0.175,78,1.9856992051961986,ok,0,12,11,0.0
chb01,chb01_18.edf,2700.0,2704.0,1.0,0.175,79,0.1609368397508929,ok,0,7,6,0.0
chb01,chb01_18.edf,2700.0,2704.0,1.0,0.175,80,0.6974031210541843,ok,0,11,9,0.0
chb01,chb01_18.edf,2700.0,2704.0,1.0,0.175,81,1.3218647883394035,ok,0,10,8,0.0
chb01,chb01_18.edf,2700.0,2704.0,1.0,0.35,62,0.7743914046997703,ok,0,11,10,0.0
chb01,chb01_18.edf,2700.0,2704.0,1.0,0.35,63,0.16726057798219393,ok,0,8,7,0.0
chb01,chb01_18.edf,2700.0,2704.0,1.0,0.35,64,0.17599259780918877,ok,0,10,8,0.0
chb01,chb01_18.edf,2700.0,2704.0,1.0,0.35,65,0.49292157435773215,ok,0,12,10,0.0
chb01,chb01_18.edf,2700.0,2704.0,1.0,0.35,66,1.3756822323974554,ok,0,13,11,0.0
chb01,chb01_18.edf,2700.0,2704.0,1.0,0.35,67,1.0067830609804835,ok,0,9,8,0.0
chb01,chb01_18.edf,2700.0,2704.0,1.0,0.35,68,1.5176810316646947,ok,0,13,11,0.0
chb01,chb01_18.edf,2700.0,2704.0,1.0,0.35,69,1.0610836315798138,ok,0,8,5,0.0
chb01,chb01_18.edf,2700.0,2704.0,1.0,0.35,70,0.9641656626944163,ok,0,12,11,0.0
chb01,chb01_18.edf,2700.0,2704.0,1.0,0.35,71,1.7937447317653397,ok,0,10,8,0.0
chb01,chb01_18.edf,2700.0,2704.0,1.0,0.35,72,0.18642507739616473,ok,0,6,5,0.0
chb01,chb01_18.edf,2700.0,2704.0,1.0,0.35,73,0.7089185188667039,ok,0,10,9,0.0
chb01,chb01_18.edf,2700.0,2704.0,1.0,0.35,74,0.6373761215671587,ok,0,11,10,0.0
chb01,chb01_18.edf,2700.0,2704.0,1.0,0.35,75,1.65888681246551,ok,0,10,7,0.0
chb01,chb01_18.edf,2700.0,2704.0,1.0,0.35,76,0.22553402254439306,ok,0,12,11,0.0
chb01,chb01_18.edf,2700.0,2704.0,1.0,0.35,77,1.261454559020981,ok,0,10,9,0.0
chb01,chb01_18.edf,2700.0,2704.0,1.0,0.35,78,1.9856992051961986,ok,0,12,11,0.0
chb01,chb01_18.edf,2700.0,2704.0,1.0,0.35,79,0.1609368397508929,ok,0,7,6,0.0
chb01,chb01_18.edf,2700.0,2704.0,1.0,0.35,80,0.6974031210541843,ok,0,11,9,0.0
chb01,chb01_18.edf,2700.0,2704.0,1.0,0.35,81,1.3218647883394035,ok,0,10,8,0.0
chb01,chb01_18.edf,2700.0,2704.0,1.0,0.7,62,0.7700665047368029,ok,0,12,10,0.0
chb01,chb01_18.edf,2700.0,2704.0,1.0,0.7,63,0.16726057798219393,ok,0,8,7,0.0
chb01,chb01_18.edf,2700.0,2704.0,1.0,0.7,64,0.17599259780918877,ok,0,10,8,0.0
chb01,chb01_18.edf,2700.0,2704.0,1.0,0.7,65,0.4495805831064902,ok,0,11,10,0.0
chb01,chb01_18.edf,2700.0,2704.0,1.0,0.7,66,1.3756822323974554,ok,0,13,11,0.0
chb01,chb01_18.edf,2700.0,2704.0,1.0,0.7,67,1.0346292392189875,ok,0,10,9,0.0
chb01,chb01_18.edf,2700.0,2704.0,1.0,0.7,68,1.5176810316646947,ok,0,13,11,0.0
chb01,chb01_18.edf,2700.0,2704.0,1.0,0.7,69,1.174500866722712,ok,0,9,6,0.0
chb01,chb01_18.edf,2700.0,2704.0,1.0,0.7,70,0.9641656626944163,ok,0,12,11,0.0
chb01,chb01_18.edf,2700.0,2704.0,1.0,0.7,71,1.8714614905846687,ok,0,10,9,0.0
chb01,chb01_18.edf,2700.0,2704.0,1.0,0.7,72,0.2182492190335565,ok,0,6,5,0.0
chb01,chb01_18.edf,2700.0,2704.0,1.0,0.7,73,0.7089185188667039,ok,0,10,9,0.0
chb01,chb01_18.edf,2700.0,2704.0,1.0,0.7,74,0.5497990153406527,ok,0,10,9,0.0
chb01,chb01_18.edf,2700.0,2704.0,1.0,0.7,75,1.5948385453898242,ok,0,8,6,0.0
chb01,chb01_18.edf,2700.0,2704.0,1.0,0.7,76,0.2499525155781146,ok,0,12,11,0.0
chb01,chb01_18.edf,2700.0,2704.0,1.0,0.7,77,1.261454559020981,ok,0,10,9,0.0
chb01,chb01_18.edf,2700.0,2704.0,1.0,0.7,78,1.9856992051961986,ok,0,12,11,0.0
chb01,chb01_18.edf,2700.0,2704.0,1.0,0.7,79,0.1609368397508929,ok,0,7,6,0.0
chb01,chb01_18.edf,2700.0,2704.0,1.0,0.7,80,0.6974031210541843,ok,0,11,9,0.0
chb01,chb01_18.edf,2700.0,2704.0,1.0,0.7,81,1.3182729367518442,ok,0,10,8,0.0
chb01,chb01_21.edf,904.0,908.0,0.25,0.0,62,0.6171842911523988,ok,0,10,9,0.0
chb01,chb01_21.edf,904.0,908.0,0.25,0.0,63,2.043747370146671,ok,0,9,8,0.0
chb01,chb01_21.edf,904.0,908.0,0.25,0.0,64,0.8756532617719204,ok,0,9,8,0.0
chb01,chb01_21.edf,904.0,908.0,0.25,0.0,65,0.9667718123938864,ok,0,11,10,0.0
chb01,chb01_21.edf,904.0,908.0,0.25,0.0,66,0.3631787913269073,ok,0,11,9,0.0
chb01,chb01_21.edf,904.0,908.0,0.25,0.0,67,0.8092054221906116,ok,0,11,9,0.0
chb01,chb01_21.edf,904.0,908.0,0.25,0.0,68,0.9681035064574081,ok,0,9,8,0.0
chb01,chb01_21.edf,904.0,908.0,0.25,0.0,69,1.241548694349417,ok,0,10,8,0.0
chb01,chb01_21.edf,904.0,908.0,0.25,0.0,70,0.2793983295119334,ok,0,9,8,0.0
chb01,chb01_21.edf,904.0,908.0,0.25,0.0,71,1.5904417843670142,ok,0,12,11,0.0
chb01,chb01_21.edf,904.0,908.0,0.25,0.0,72,0.9990557900479503,ok,0,11,9,0.0
chb01,chb01_21.edf,904.0,908.0,0.25,0.0,73,0.4814093715175572,ok,0,8,7,0.0
chb01,chb01_21.edf,904.0,908.0,0.25,0.0,74,0.6162790697674418,ok,0,11,8,0.0
chb01,chb01_21.edf,904.0,908.0,0.25,0.0,75,0.35394981220923855,ok,0,12,11,0.0
chb01,chb01_21.edf,904.0,908.0,0.25,0.0,76,0.3909772130214703,ok,0,12,11,0.0
chb01,chb01_21.edf,904.0,908.0,0.25,0.0,77,0.9447730595988872,ok,0,6,4,0.0
chb01,chb01_21.edf,904.0,908.0,0.25,0.0,78,1.3483863463099397,ok,0,11,10,0.0
chb01,chb01_21.edf,904.0,908.0,0.25,0.0,79,0.1609368397508929,ok,0,7,6,0.0
chb01,chb01_21.edf,904.0,908.0,0.25,0.0,80,0.1797136108456547,ok,0,12,10,0.0
chb01,chb01_21.edf,904.0,908.0,0.25,0.0,81,1.4033891062507988,ok,0,10,7,0.0
chb01,chb01_21.edf,904.0,908.0,0.25,0.175,62,0.7728096094960322,ok,0,9,8,0.0
chb01,chb01_21.edf,904.0,908.0,0.25,0.175,63,2.0341077992701977,ok,0,9,8,0.0
chb01,chb01_21.edf,904.0,908.0,0.25,0.175,64,0.8756532617719204,ok,0,9,8,0.0
chb01,chb01_21.edf,904.0,908.0,0.25,0.175,65,1.4824847269439707,ok,0,10,9,0.0
chb01,chb01_21.edf,904.0,908.0,0.25,0.175,66,0.3631787913269073,ok,0,11,9,0.0
chb01,chb01_21.edf,904.0,908.0,0.25,0.175,67,0.8092054221906116,ok,0,11,9,0.0
chb01,chb01_21.edf,904.0,908.0,0.25,0.175,68,0.895157178062396,ok,0,8,7,0.0
chb01,chb01_21.edf,904.0,908.0,0.25,0.175,69,1.2744508647722061,ok,0,11,9,0.0
chb01,chb01_21.edf,904.0,908.0,0.25,0.175,70,0.2793983295119334,ok,0,9,8,0.0
chb01,chb01_21.edf,904.0,908.0,0.25,0.175,71,1.529316310105233,ok,0,12,10,0.0
chb01,chb01_21.edf,904.0,908.0,0.25,0.175,72,1.0601279992934232,ok,0,11,8,0.0
chb01,chb01_21.edf,904.0,908.0,0.25,0.175,73,0.5332931772084676,ok,0,9,8,0.0
chb01,chb01_21.edf,904.0,908.0,0.25,0.175,74,0.35130224972993496,ok,0,12,9,0.0
chb01,chb01_21.edf,904.0,908.0,0.25,0.175,75,0.35394981220923855,ok,0,12,11,0.0
chb01,chb01_21.edf,904.0,908.0,0.25,0.175,76,0.3909772130214703,ok,0,12,11,0.0
chb01,chb01_21.edf,904.0,908.0,0.25,0.175,77,0.9447730595988872,ok,0,6,4,0.0
chb01,chb01_21.edf,904.0,908.0,0.25,0.175,78,1.3483863463099397,ok,0,11,10,0.0
chb01,chb01_21.edf,904.0,908.0,0.25,0.175,79,0.1609368397508929,ok,0,7,6,0.0
chb01,chb01_21.edf,904.0,908.0,0.25,0.175,80,0.1797136108456547,ok,0,12,10,0.0
chb01,chb01_21.edf,904.0,908.0,0.25,0.175,81,1.3529940374376748,ok,0,9,8,0.0
chb01,chb01_21.edf,904.0,908.0,0.25,0.35,62,0.8911718991839817,ok,0,11,10,0.0
chb01,chb01_21.edf,904.0,908.0,0.25,0.35,63,2.0341077992701977,ok,0,9,8,0.0
chb01,chb01_21.edf,904.0,908.0,0.25,0.35,64,0.8195273820096445,ok,0,8,7,0.0
chb01,chb01_21.edf,904.0,908.0,0.25,0.35,65,1.4825798583396155,ok,0,10,9,0.0
chb01,chb01_21.edf,904.0,908.0,0.25,0.35,66,0.36581014159579417,ok,0,11,9,0.0
chb01,chb01_21.edf,904.0,908.0,0.25,0.35,67,0.7656970113661082,ok,0,10,9,0.0
chb01,chb01_21.edf,904.0,908.0,0.25,0.35,68,0.9009258192440588,ok,0,8,7,0.0
chb01,chb01_21.edf,904.0,908.0,0.25,0.35,69,1.2744508647722061,ok,0,11,9,0.0
chb01,chb01_21.edf,904.0,908.0,0.25,0.35,70,0.2793983295119334,ok,0,9,8,0.0
chb01,chb01_21.edf,904.0,908.0,0.25,0.35,71,1.5216703521854653,ok,0,12,10,0.0
chb01,chb01_21.edf,904.0,908.0,0.25,0.35,72,0.9308475558917714,ok,0,10,7,0.0
chb01,chb01_21.edf,904.0,908.0,0.25,0.35,73,0.5332931772084676,ok,0,9,8,0.0
chb01,chb01_21.edf,904.0,908.0,0.25,0.35,74,0.33981601767509334,ok,0,11,8,0.0
chb01,chb01_21.edf,904.0,908.0,0.25,0.35,75,0.32615439706965194,ok,0,11,10,0.0
chb01,chb01_21.edf,904.0,908.0,0.25,0.35,76,0.3943865689437794,ok,0,13,12,0.0
chb01,chb01_21.edf,904.0,908.0,0.25,0.35,77,0.9447730595988872,ok,0,6,4,0.0
chb01,chb01_21.edf,904.0,908.0,0.25,0.35,78,1.3475272288530968,ok,0,11,10,0.0
chb01,chb01_21.edf,904.0,908.0,0.25,0.35,79,0.1609368397508929,ok,0,7,6,0.0
chb01,chb01_21.edf,904.0,908.0,0.25,0.35,80,0.18508067986596996,ok,0,11,9,0.0
chb01,chb01_21.edf,904.0,908.0,0.25,0.35,81,1.3528177372121604,ok,0,9,8,0.0
chb01,chb01_21.edf,904.0,908.0,0.25,0.7,62,1.0518111614776127,ok,0,9,8,0.0
chb01,chb01_21.edf,904.0,908.0,0.25,0.7,63,2.034085136815745,ok,0,9,8,0.0
chb01,chb01_21.edf,904.0,908.0,0.25,0.7,64,0.8587268097624926,ok,0,9,8,0.0
chb01,chb01_21.edf,904.0,908.0,0.25,0.7,65,0.9826627384098674,ok,0,12,11,0.0
chb01,chb01_21.edf,904.0,908.0,0.25,0.7,66,0.36581014159579417,ok,0,11,9,0.0
chb01,chb01_21.edf,904.0,908.0,0.25,0.7,67,0.4090461037653131,ok,0,12,11,0.0
chb01,chb01_21.edf,904.0,908.0,0.25,0.7,68,1.0116519799636023,ok,0,9,8,0.0
chb01,chb01_21.edf,904.0,908.0,0.25,0.7,69,1.2684770258892115,ok,0,11,9,0.0
chb01,chb01_21.edf,904.0,908.0,0.25,0.7,70,0.2793983295119334,ok,0,9,8,0.0
chb01,chb01_21.edf,904.0,908.0,0.25,0.7,71,1.5216703521854653,ok,0,12,10,0.0
chb01,chb01_21.edf,904.0,908.0,0.25,0.7,72,1.021203922520165,ok,0,10,8,0.0
chb01,chb01_21.edf,904.0,908.0,0.25,0.7,73,0.5385013461899953,ok,0,9,8,0.0
chb01,chb01_21.edf,904.0,908.0,0.25,0.7,74,0.28735654633611923,ok,0,9,8,0.0
chb01,chb01_21.edf,904.0,908.0,0.25,0.7,75,0.3220643310731714,ok,0,11,10,0.0
chb01,chb01_21.edf,904.0,908.0,0.25,0.7,76,0.3783969361902528,ok,0,12,11,0.0
chb01,chb01_21.edf,904.0,908.0,0.25,0.7,77,0.9447730595988872,ok,0,6,4,0.0
chb01,chb01_21.edf,904.0,908.0,0.25,0.7,78,1.3475272288530968,ok,0,11,10,0.0
chb01,chb01_21.edf,904.0,908.0,0.25,0.7,79,0.18103260203275687,ok,0,7,6,0.0
chb01,chb01_21.edf,904.0,908.0,0.25,0.7,80,0.18959077791257603,ok,0,12,10,0.0
chb01,chb01_21.edf,904.0,908.0,0.25,0.7,81,1.3528177372121604,ok,0,9,8,0.0
chb01,chb01_21.edf,904.0,908.0,0.5,0.0,62,0.5712931377579745,ok,0,12,11,0.0
chb01,chb01_21.edf,904.0,908.0,0.5,0.0,63,0.16726057798219393,ok,0,8,7,0.0
chb01,chb01_21.edf,904.0,908.0,0.5,0.0,64,0.19637001542360058,ok,0,9,8,0.0
chb01,chb01_21.edf,904.0,908.0,0.5,0.0,65,0.546024803519956,ok,0,10,8,0.0
chb01,chb01_21.edf,904.0,908.0,0.5,0.0,66,0.3428004452807938,ok,0,11,9,0.0
chb01,chb01_21.edf,904.0,908.0,0.5,0.0,67,0.9454773281444654,ok,0,7,6,0.0
chb01,chb01_21.edf,904.0,908.0,0.5,0.0,68,1.2291207868644798,ok,0,12,11,0.0
chb01,chb01_21.edf,904.0,908.0,0.5,0.0,69,1.1682562182790923,ok,0,9,7,0.0
chb01,chb01_21.edf,904.0,908.0,0.5,0.0,70,0.5111811702061327,ok,0,14,13,0.0
chb01,chb01_21.edf,904.0,908.0,0.5,0.0,71,1.8179982256514546,ok,0,11,9,0.0
chb01,chb01_21.edf,904.0,908.0,0.5,0.0,72,0.18642507739616473,ok,0,6,5,0.0
chb01,chb01_21.edf,904.0,908.0,0.5,0.0,73,0.6286253346157429,ok,0,10,9,0.0
chb01,chb01_21.edf,904.0,908.0,0.5,0.0,74,0.6476197533905482,ok,0,9,7,0.0
chb01,chb01_21.edf,904.0,908.0,0.5,0.0,75,0.9626906857352386,ok,0,12,10,0.0
chb01,chb01_21.edf,904.0,908.0,0.5,0.0,76,0.48840569686484475,ok,0,10,9,0.0
chb01,chb01_21.edf,904.0,908.0,0.5,0.0,77,1.4397992123948258,ok,0,10,9,0.0
chb01,chb01_21.edf,904.0,908.0,0.5,0.0,78,0.8783739115481473,ok,0,10,9,0.0
chb01,chb01_21.edf,904.0,908.0,0.5,0.0,79,0.6660998123404629,ok,0,8,7,0.0
chb01,chb01_21.edf,904.0,908.0,0.5,0.0,80,0.48943288169382493,ok,0,10,8,0.0
chb01,chb01_21.edf,904.0,908.0,0.5,0.0,81,1.3487816138931745,ok,0,10,9,0.0
chb01,chb01_21.edf,904.0,908.0,0.5,0.175,62,0.5712931377579745,ok,0,12,11,0.0
chb01,chb01_21.edf,904.0,908.0,0.5,0.175,63,0.15845733372292342,ok,0,8,7,0.0
chb01,chb01_21.edf,904.0,908.0,0.5,0.175,64,0.19637001542360058,ok,0,9,8,0.0
chb01,chb01_21.edf,904.0,908.0,0.5,0.175,65,0.546024803519956,ok,0,10,8,0.0
chb01,chb01_21.edf,904.0,908.0,0.5,0.175,66,0.3428004452807938,ok,0,11,9,0.0
chb01,chb01_21.edf,904.0,908.0,0.5,0.175,67,0.8377672197615914,ok,0,6,5,0.0
chb01,chb01_21.edf,904.0,908.0,0.5,0.175,68,1.2291207868644798,ok,0,12,11,0.0
chb01,chb01_21.edf,904.0,908.0,0.5,0.175,69,1.2636524125816837,ok,0,9,8,0.0
chb01,chb01_21.edf,904.0,908.0,0.5,0.175,70,0.509154547108042,ok,0,14,13,0.0
chb01,chb01_21.edf,904.0,908.0,0.5,0.175,71,1.8179982256514546,ok,0,11,9,0.0
chb01,chb01_21.edf,904.0,908.0,0.5,0.175,72,0.18642507739616473,ok,0,6,5,0.0
chb01,chb01_21.edf,904.0,908.0,0.5,0.175,73,0.6286253346157429,ok,0,10,9,0.0
chb01,chb01_21.edf,904.0,908.0,0.5,0.175,74,0.6459554029830527,ok,0,9,7,0.0
chb01,chb01_21.edf,904.0,908.0,0.5,0.175,75,0.9654666566235744,ok,0,12,10,0.0
chb01,chb01_21.edf,904.0,908.0,0.5,0.175,76,0.30624689083330364,ok,0,12,11,0.0
chb01,chb01_21.edf,904.0,908.0,0.5,0.175,77,1.4397992123948258,ok,0,10,9,0.0
chb01,chb01_21.edf,904.0,908.0,0.5,0.175,78,0.8783739115481473,ok,0,10,9,0.0
chb01,chb01_21.edf,904.0,908.0,0.5,0.175,79,0.6660998123404629,ok,0,8,7,0.0
chb01,chb01_21.edf,904.0,908.0,0.5,0.175,80,0.48943288169382493,ok,0,10,8,0.0
chb01,chb01_21.edf,904.0,908.0,0.5,0.175,81,1.3487816138931745,ok,0,10,9,0.0
chb01,chb01_21.edf,904.0,908.0,0.5,0.35,62,0.5712931377579745,ok,0,12,11,0.0
chb01,chb01_21.edf,904.0,908.0,0.5,0.35,63,0.15588015385303078,ok,0,9,8,0.0
chb01,chb01_21.edf,904.0,908.0,0.5,0.35,64,0.2124531602066324,ok,0,9,8,0.0
chb01,chb01_21.edf,904.0,908.0,0.5,0.35,65,0.49020880607438994,ok,0,9,8,0.0
chb01,chb01_21.edf,904.0,908.0,0.5,0.35,66,0.3428004452807938,ok,0,11,9,0.0
chb01,chb01_21.edf,904.0,908.0,0.5,0.35,67,0.8377672197615914,ok,0,6,5,0.0
chb01,chb01_21.edf,904.0,908.0,0.5,0.35,68,1.255262029386308,ok,0,11,10,0.0
chb01,chb01_21.edf,904.0,908.0,0.5,0.35,69,1.299237221724796,ok,0,10,9,0.0
chb01,chb01_21.edf,904.0,908.0,0.5,0.35,70,0.509154547108042,ok,0,14,13,0.0
chb01,chb01_21.edf,904.0,908.0,0.5,0.35,71,1.8179982256514546,ok,0,11,9,0.0
chb01,chb01_21.edf,904.0,908.0,0.5,0.35,72,0.18642507739616473,ok,0,6,5,0.0
chb01,chb01_21.edf,904.0,908.0,0.5,0.35,73,0.6286253346157429,ok,0,10,9,0.0
chb01,chb01_21.edf,904.0,908.0,0.5,0.35,74,0.6231270424075805,ok,0,9,7,0.0
chb01,chb01_21.edf,904.0,908.0,0.5,0.35,75,0.933210050881639,ok,0,11,10,0.0
chb01,chb01_21.edf,904.0,908.0,0.5,0.35,76,0.4154391959666186,ok,0,11,10,0.0
chb01,chb01_21.edf,904.0,908.0,0.5,0.35,77,1.4397992123948258,ok,0,10,9,0.0
chb01,chb01_21.edf,904.0,908.0,0.5,0.35,78,0.8798446818952417,ok,0,10,9,0.0
chb01,chb01_21.edf,904.0,908.0,0.5,0.35,79,0.6660998123404629,ok,0,8,7,0.0
chb01,chb01_21.edf,904.0,908.0,0.5,0.35,80,0.48943288169382493,ok,0,10,8,0.0
chb01,chb01_21.edf,904.0,908.0,0.5,0.35,81,1.3485722789127093,ok,0,10,9,0.0
chb01,chb01_21.edf,904.0,908.0,0.5,0.7,62,0.6559757885363878,ok,0,12,11,0.0
chb01,chb01_21.edf,904.0,908.0,0.5,0.7,63,0.17063162015721245,ok,0,8,7,0.0
chb01,chb01_21.edf,904.0,908.0,0.5,0.7,64,0.2124531602066324,ok,0,9,8,0.0
chb01,chb01_21.edf,904.0,908.0,0.5,0.7,65,0.4815265670506611,ok,0,9,8,0.0
chb01,chb01_21.edf,904.0,908.0,0.5,0.7,66,0.3455869941264749,ok,0,11,9,0.0
chb01,chb01_21.edf,904.0,908.0,0.5,0.7,67,0.8377672197615914,ok,0,6,5,0.0
chb01,chb01_21.edf,904.0,908.0,0.5,0.7,68,1.255262029386308,ok,0,11,10,0.0
chb01,chb01_21.edf,904.0,908.0,0.5,0.7,69,1.3874647636089283,ok,0,9,8,0.0
chb01,chb01_21.edf,904.0,908.0,0.5,0.7,70,0.5061085554802268,ok,0,13,12,0.0
chb01,chb01_21.edf,904.0,908.0,0.5,0.7,71,1.8179982256514546,ok,0,11,9,0.0
chb01,chb01_21.edf,904.0,908.0,0.5,0.7,72,0.024810764252159563,ok,0,7,5,0.0
chb01,chb01_21.edf,904.0,908.0,0.5,0.7,73,0.6803952529590422,ok,0,11,10,0.0
chb01,chb01_21.edf,904.0,908.0,0.5,0.7,74,0.5816616019017327,ok,0,9,7,0.0
chb01,chb01_21.edf,904.0,908.0,0.5,0.7,75,0.9310748219128245,ok,0,11,10,0.0
chb01,chb01_21.edf,904.0,908.0,0.5,0.7,76,0.40537859626089545,ok,0,11,9,0.0
chb01,chb01_21.edf,904.0,908.0,0.5,0.7,77,1.4397992123948258,ok,0,10,9,0.0
chb01,chb01_21.edf,904.0,908.0,0.5,0.7,78,0.8798446818952417,ok,0,10,9,0.0
chb01,chb01_21.edf,904.0,908.0,0.5,0.7,79,0.669320371720449,ok,0,8,7,0.0
chb01,chb01_21.edf,904.0,908.0,0.5,0.7,80,0.48943288169382493,ok,0,10,8,0.0
chb01,chb01_21.edf,904.0,908.0,0.5,0.7,81,1.3485722789127093,ok,0,10,9,0.0
chb01,chb01_21.edf,904.0,908.0,1.0,0.0,62,0.7743914046997703,ok,0,11,10,0.0
chb01,chb01_21.edf,904.0,908.0,1.0,0.0,63,0.21488489744161204,ok,0,8,7,0.0
chb01,chb01_21.edf,904.0,908.0,1.0,0.0,64,0.17192047651837583,ok,0,10,9,0.0
chb01,chb01_21.edf,904.0,908.0,1.0,0.0,65,0.48620003231413916,ok,0,12,9,0.0
chb01,chb01_21.edf,904.0,908.0,1.0,0.0,66,1.3756822323974554,ok,0,13,11,0.0
chb01,chb01_21.edf,904.0,908.0,1.0,0.0,67,1.0067830609804835,ok,0,9,8,0.0
chb01,chb01_21.edf,904.0,908.0,1.0,0.0,68,1.5176810316646947,ok,0,13,11,0.0
chb01,chb01_21.edf,904.0,908.0,1.0,0.0,69,1.0610836315798138,ok,0,8,5,0.0
chb01,chb01_21.edf,904.0,908.0,1.0,0.0,70,0.981919803246944,ok,0,12,11,0.0
chb01,chb01_21.edf,904.0,908.0,1.0,0.0,71,1.7937447317653397,ok,0,10,8,0.0
chb01,chb01_21.edf,904.0,908.0,1.0,0.0,72,0.18642507739616473,ok,0,6,5,0.0
chb01,chb01_21.edf,904.0,908.0,1.0,0.0,73,0.5987516059102022,ok,0,9,8,0.0
chb01,chb01_21.edf,904.0,908.0,1.0,0.0,74,0.6443582292066723,ok,0,11,10,0.0
chb01,chb01_21.edf,904.0,908.0,1.0,0.0,75,1.65888681246551,ok,0,10,7,0.0
chb01,chb01_21.edf,904.0,908.0,1.0,0.0,76,0.22553402254439306,ok,0,12,11,0.0
chb01,chb01_21.edf,904.0,908.0,1.0,0.0,77,1.261454559020981,ok,0,10,9,0.0
chb01,chb01_21.edf,904.0,908.0,1.0,0.0,78,1.9856992051961986,ok,0,12,11,0.0
chb01,chb01_21.edf,904.0,908.0,1.0,0.0,79,0.1609368397508929,ok,0,7,6,0.0
chb01,chb01_21.edf,904.0,908.0,1.0,0.0,80,0.8375512923759941,ok,0,11,9,0.0
chb01,chb01_21.edf,904.0,908.0,1.0,0.0,81,1.3218647883394035,ok,0,10,8,0.0
chb01,chb01_21.edf,904.0,908.0,1.0,0.175,62,0.8207228509784782,ok,0,12,11,0.0
chb01,chb01_21.edf,904.0,908.0,1.0,0.175,63,0.21488489744161204,ok,0,8,7,0.0
chb01,chb01_21.edf,904.0,908.0,1.0,0.175,64,0.17192047651837583,ok,0,10,9,0.0
chb01,chb01_21.edf,904.0,908.0,1.0,0.175,65,0.49292157435773215,ok,0,12,10,0.0
chb01,chb01_21.edf,904.0,908.0,1.0,0.175,66,1.3756822323974554,ok,0,13,11,0.0
chb01,chb01_21.edf,904.0,908.0,1.0,0.175,67,1.0067830609804835,ok,0,9,8,0.0
chb01,chb01_21.edf,904.0,908.0,1.0,0.175,68,1.5176810316646947,ok,0,13,11,0.0
chb01,chb01_21.edf,904.0,908.0,1.0,0.175,69,1.20327226737019,ok,0,8,6,0.0
chb01,chb01_21.edf,904.0,908.0,1.0,0.175,70,0.981919803246944,ok,0,12,11,0.0
chb01,chb01_21.edf,904.0,908.0,1.0,0.175,71,1.7937447317653397,ok,0,10,8,0.0
chb01,chb01_21.edf,904.0,908.0,1.0,0.175,72,0.18642507739616473,ok,0,6,5,0.0
chb01,chb01_21.edf,904.0,908.0,1.0,0.175,73,0.5823203888824564,ok,0,8,7,0.0
chb01,chb01_21.edf,904.0,908.0,1.0,0.175,74,0.6443582292066723,ok,0,11,10,0.0
chb01,chb01_21.edf,904.0,908.0,1.0,0.175,75,1.5912551774874504,ok,0,9,7,0.0
chb01,chb01_21.edf,904.0,908.0,1.0,0.175,76,0.22652733919178974,ok,0,12,11,0.0
chb01,chb01_21.edf,904.0,908.0,1.0,0.175,77,1.261454559020981,ok,0,10,9,0.0
chb01,chb01_21.edf,904.0,908.0,1.0,0.175,78,1.9856992051961986,ok,0,12,11,0.0
chb01,chb01_21.edf,904.0,908.0,1.0,0.175,79,0.1609368397508929,ok,0,7,6,0.0
chb01,chb01_21.edf,904.0,908.0,1.0,0.175,80,0.9244954663863411,ok,0,10,8,0.0
chb01,chb01_21.edf,904.0,908.0,1.0,0.175,81,1.3218647883394035,ok,0,10,8,0.0
chb01,chb01_21.edf,904.0,908.0,1.0,0.35,62,0.8181096350347377,ok,0,12,11,0.0
chb01,chb01_21.edf,904.0,908.0,1.0,0.35,63,0.20696925512259617,ok,0,8,7,0.0
chb01,chb01_21.edf,904.0,908.0,1.0,0.35,64,0.19937050586057203,ok,0,10,9,0.0
chb01,chb01_21.edf,904.0,908.0,1.0,0.35,65,0.4495805831064902,ok,0,11,10,0.0
chb01,chb01_21.edf,904.0,908.0,1.0,0.35,66,1.3756822323974554,ok,0,13,11,0.0
chb01,chb01_21.edf,904.0,908.0,1.0,0.35,67,0.9503842872559872,ok,0,8,7,0.0
chb01,chb01_21.edf,904.0,908.0,1.0,0.35,68,1.4921200874339864,ok,0,13,11,0.0
chb01,chb01_21.edf,904.0,908.0,1.0,0.35,69,1.20327226737019,ok,0,8,6,0.0
chb01,chb01_21.edf,904.0,908.0,1.0,0.35,70,1.0713161689866328,ok,0,12,9,0.0
chb01,chb01_21.edf,904.0,908.0,1.0,0.35,71,1.7937447317653397,ok,0,10,8,0.0
chb01,chb01_21.edf,904.0,908.0,1.0,0.35,72,0.12017915152497112,ok,0,7,5,0.0
chb01,chb01_21.edf,904.0,908.0,1.0,0.35,73,0.6119902858539218,ok,0,8,7,0.0
chb01,chb01_21.edf,904.0,908.0,1.0,0.35,74,0.6342026202999975,ok,0,11,10,0.0
chb01,chb01_21.edf,904.0,908.0,1.0,0.35,75,1.5686096313099898,ok,0,10,8,0.0
chb01,chb01_21.edf,904.0,908.0,1.0,0.35,76,0.22652733919178974,ok,0,12,11,0.0
chb01,chb01_21.edf,904.0,908.0,1.0,0.35,77,1.261454559020981,ok,0,10,9,0.0
chb01,chb01_21.edf,904.0,908.0,1.0,0.35,78,1.9856992051961986,ok,0,12,11,0.0
chb01,chb01_21.edf,904.0,908.0,1.0,0.35,79,0.1609368397508929,ok,0,7,6,0.0
chb01,chb01_21.edf,904.0,908.0,1.0,0.35,80,0.9244954663863411,ok,0,10,8,0.0
chb01,chb01_21.edf,904.0,908.0,1.0,0.35,81,1.3218647883394035,ok,0,10,8,0.0
chb01,chb01_21.edf,904.0,908.0,1.0,0.7,62,0.8181096350347377,ok,0,12,11,0.0
chb01,chb01_21.edf,904.0,908.0,1.0,0.7,63,0.19649437297296482,ok,0,8,7,0.0
chb01,chb01_21.edf,904.0,908.0,1.0,0.7,64,0.19937050586057203,ok,0,10,9,0.0
chb01,chb01_21.edf,904.0,908.0,1.0,0.7,65,0.4495805831064902,ok,0,11,10,0.0
chb01,chb01_21.edf,904.0,908.0,1.0,0.7,66,1.4500666645278386,ok,0,13,11,0.0
chb01,chb01_21.edf,904.0,908.0,1.0,0.7,67,0.9503842872559872,ok,0,8,7,0.0
chb01,chb01_21.edf,904.0,908.0,1.0,0.7,68,1.4935750147773372,ok,0,13,11,0.0
chb01,chb01_21.edf,904.0,908.0,1.0,0.7,69,1.2899457186257126,ok,0,9,7,0.0
chb01,chb01_21.edf,904.0,908.0,1.0,0.7,70,1.0469320622770804,ok,0,12,9,0.0
chb01,chb01_21.edf,904.0,908.0,1.0,0.7,71,1.7937447317653397,ok,0,10,8,0.0
chb01,chb01_21.edf,904.0,908.0,1.0,0.7,72,0.1240408950338503,ok,0,7,5,0.0
chb01,chb01_21.edf,904.0,908.0,1.0,0.7,73,0.7346639630102686,ok,0,10,8,0.0
chb01,chb01_21.edf,904.0,908.0,1.0,0.7,74,0.6037536885916598,ok,0,10,9,0.0
chb01,chb01_21.edf,904.0,908.0,1.0,0.7,75,1.5686096313099898,ok,0,10,8,0.0
chb01,chb01_21.edf,904.0,908.0,1.0,0.7,76,0.23524968611843242,ok,0,12,10,0.0
chb01,chb01_21.edf,904.0,908.0,1.0,0.7,77,1.2663083097693095,ok,0,10,9,0.0
chb01,chb01_21.edf,904.0,908.0,1.0,0.7,78,1.9866592065374562,ok,0,12,11,0.0
chb01,chb01_21.edf,904.0,908.0,1.0,0.7,79,0.1609368397508929,ok,0,7,6,0.0
chb01,chb01_21.edf,904.0,908.0,1.0,0.7,80,0.9244954663863411,ok,0,10,8,0.0
chb01,chb01_21.edf,904.0,908.0,1.0,0.7,81,1.3218647883394035,ok,0,10,8,0.0
chb01,chb01_21.edf,2700.0,2704.0,0.25,0.0,62,0.6171842911523988,ok,0,10,9,0.0
chb01,chb01_21.edf,2700.0,2704.0,0.25,0.0,63,2.043747370146671,ok,0,9,8,0.0
chb01,chb01_21.edf,2700.0,2704.0,0.25,0.0,64,0.8756532617719204,ok,0,9,8,0.0
chb01,chb01_21.edf,2700.0,2704.0,0.25,0.0,65,0.9667718123938864,ok,0,11,10,0.0
chb01,chb01_21.edf,2700.0,2704.0,0.25,0.0,66,0.3631787913269073,ok,0,11,9,0.0
chb01,chb01_21.edf,2700.0,2704.0,0.25,0.0,67,0.8092054221906116,ok,0,11,9,0.0
chb01,chb01_21.edf,2700.0,2704.0,0.25,0.0,68,0.9681035064574081,ok,0,9,8,0.0
chb01,chb01_21.edf,2700.0,2704.0,0.25,0.0,69,1.241548694349417,ok,0,10,8,0.0
chb01,chb01_21.edf,2700.0,2704.0,0.25,0.0,70,0.2793983295119334,ok,0,9,8,0.0
chb01,chb01_21.edf,2700.0,2704.0,0.25,0.0,71,1.5904417843670142,ok,0,12,11,0.0
chb01,chb01_21.edf,2700.0,2704.0,0.25,0.0,72,0.9990557900479503,ok,0,11,9,0.0
chb01,chb01_21.edf,2700.0,2704.0,0.25,0.0,73,0.4814093715175572,ok,0,8,7,0.0
chb01,chb01_21.edf,2700.0,2704.0,0.25,0.0,74,0.6162790697674418,ok,0,11,8,0.0
chb01,chb01_21.edf,2700.0,2704.0,0.25,0.0,75,0.35394981220923855,ok,0,12,11,0.0
chb01,chb01_21.edf,2700.0,2704.0,0.25,0.0,76,0.3909772130214703,ok,0,12,11,0.0
chb01,chb01_21.edf,2700.0,2704.0,0.25,0.0,77,0.9447730595988872,ok,0,6,4,0.0
chb01,chb01_21.edf,2700.0,2704.0,0.25,0.0,78,1.3483863463099397,ok,0,11,10,0.0
chb01,chb01_21.edf,2700.0,2704.0,0.25,0.0,79,0.1609368397508929,ok,0,7,6,0.0
chb01,chb01_21.edf,2700.0,2704.0,0.25,0.0,80,0.1797136108456547,ok,0,12,10,0.0
chb01,chb01_21.edf,2700.0,2704.0,0.25,0.0,81,1.4033891062507988,ok,0,10,7,0.0
chb01,chb01_21.edf,2700.0,2704.0,0.25,0.175,62,0.8746010913015243,ok,0,11,10,0.0
chb01,chb01_21.edf,2700.0,2704.0,0.25,0.175,63,1.8974852433835454,ok,0,9,7,0.0
chb01,chb01_21.edf,2700.0,2704.0,0.25,0.175,64,0.8756532617719204,ok,0,9,8,0.0
chb01,chb01_21.edf,2700.0,2704.0,0.25,0.175,65,1.4824847269439707,ok,0,10,9,0.0
chb01,chb01_21.edf,2700.0,2704.0,0.25,0.175,66,0.3631787913269073,ok,0,11,9,0.0
chb01,chb01_21.edf,2700.0,2704.0,0.25,0.175,67,0.3632060189526681,ok,0,10,8,0.0
chb01,chb01_21.edf,2700.0,2704.0,0.25,0.175,68,0.9548224725295615,ok,0,9,8,0.0
chb01,chb01_21.edf,2700.0,2704.0,0.25,0.175,69,1.241548694349417,ok,0,10,8,0.0
chb01,chb01_21.edf,2700.0,2704.0,0.25,0.175,70,0.2793983295119334,ok,0,9,8,0.0
chb01,chb01_21.edf,2700.0,2704.0,0.25,0.175,71,1.5904417843670142,ok,0,12,11,0.0
chb01,chb01_21.edf,2700.0,2704.0,0.25,0.175,72,1.6147077834195886,ok,0,8,7,0.0
chb01,chb01_21.edf,2700.0,2704.0,0.25,0.175,73,0.5465763424740352,ok,0,7,6,0.0
chb01,chb01_21.edf,2700.0,2704.0,0.25,0.175,74,0.6162790697674418,ok,0,11,8,0.0
chb01,chb01_21.edf,2700.0,2704.0,0.25,0.175,75,0.35394981220923855,ok,0,12,11,0.0
chb01,chb01_21.edf,2700.0,2704.0,0.25,0.175,76,0.3664090987191406,ok,0,12,11,0.0
chb01,chb01_21.edf,2700.0,2704.0,0.25,0.175,77,0.9447730595988872,ok,0,6,4,0.0
chb01,chb01_21.edf,2700.0,2704.0,0.25,0.175,78,1.3407604740280588,ok,0,11,10,0.0
chb01,chb01_21.edf,2700.0,2704.0,0.25,0.175,79,0.1609368397508929,ok,0,7,6,0.0
chb01,chb01_21.edf,2700.0,2704.0,0.25,0.175,80,0.20805602846257226,ok,0,12,9,0.0
chb01,chb01_21.edf,2700.0,2704.0,0.25,0.175,81,1.4033891062507988,ok,0,10,7,0.0
chb01,chb01_21.edf,2700.0,2704.0,0.25,0.35,62,0.7868158256121197,ok,0,8,7,0.0
chb01,chb01_21.edf,2700.0,2704.0,0.25,0.35,63,2.040134918789283,ok,0,9,8,0.0
chb01,chb01_21.edf,2700.0,2704.0,0.25,0.35,64,0.8756532617719204,ok,0,9,8,0.0
chb01,chb01_21.edf,2700.0,2704.0,0.25,0.35,65,1.3155288231710456,ok,0,11,10,0.0
chb01,chb01_21.edf,2700.0,2704.0,0.25,0.35,66,0.36581014159579417,ok,0,11,9,0.0
chb01,chb01_21.edf,2700.0,2704.0,0.25,0.35,67,0.3703001864413437,ok,0,11,9,0.0
chb01,chb01_21.edf,2700.0,2704.0,0.25,0.35,68,0.9449318613013435,ok,0,9,8,0.0
chb01,chb01_21.edf,2700.0,2704.0,0.25,0.35,69,1.1278302807453278,ok,0,11,9,0.0
chb01,chb01_21.edf,2700.0,2704.0,0.25,0.35,70,0.2793983295119334,ok,0,9,8,0.0
chb01,chb01_21.edf,2700.0,2704.0,0.25,0.35,71,1.529316310105233,ok,0,12,10,0.0
chb01,chb01_21.edf,2700.0,2704.0,0.25,0.35,72,1.6750483045933489,ok,0,7,6,0.0
chb01,chb01_21.edf,2700.0,2704.0,0.25,0.35,73,0.5465763424740352,ok,0,7,6,0.0
chb01,chb01_21.edf,2700.0,2704.0,0.25,0.35,74,0.6162790697674418,ok,0,11,8,0.0
chb01,chb01_21.edf,2700.0,2704.0,0.25,0.35,75,0.36209868255118927,ok,0,12,11,0.0
chb01,chb01_21.edf,2700.0,2704.0,0.25,0.35,76,0.5179204715955229,ok,0,13,12,0.0
chb01,chb01_21.edf,2700.0,2704.0,0.25,0.35,77,0.9447730595988872,ok,0,6,4,0.0
chb01,chb01_21.edf,2700.0,2704.0,0.25,0.35,78,1.8091697386514514,ok,0,10,9,0.0
chb01,chb01_21.edf,2700.0,2704.0,0.25,0.35,79,0.1568870781527907,ok,0,8,5,0.0
chb01,chb01_21.edf,2700.0,2704.0,0.25,0.35,80,0.20805602846257226,ok,0,12,9,0.0
chb01,chb01_21.edf,2700.0,2704.0,0.25,0.35,81,1.4033891062507988,ok,0,10,7,0.0
chb01,chb01_21.edf,2700.0,2704.0,0.25,0.7,62,0.8085791153796626,ok,0,9,8,0.0
chb01,chb01_21.edf,2700.0,2704.0,0.25,0.7,63,2.0401533847405817,ok,0,9,8,0.0
chb01,chb01_21.edf,2700.0,2704.0,0.25,0.7,64,0.8649657080726679,ok,0,9,8,0.0
chb01,chb01_21.edf,2700.0,2704.0,0.25,0.7,65,1.185957446496267,ok,0,10,8,0.0
chb01,chb01_21.edf,2700.0,2704.0,0.25,0.7,66,0.36581014159579417,ok,0,11,9,0.0
chb01,chb01_21.edf,2700.0,2704.0,0.25,0.7,67,0.4921212052599188,ok,0,11,9,0.0
chb01,chb01_21.edf,2700.0,2704.0,0.25,0.7,68,0.9851906718353417,ok,0,10,9,0.0
chb01,chb01_21.edf,2700.0,2704.0,0.25,0.7,69,1.2485498172131084,ok,0,10,8,0.0
chb01,chb01_21.edf,2700.0,2704.0,0.25,0.7,70,0.2793983295119334,ok,0,9,8,0.0
chb01,chb01_21.edf,2700.0,2704.0,0.25,0.7,71,1.1128961211636088,ok,0,14,10,0.0
chb01,chb01_21.edf,2700.0,2704.0,0.25,0.7,72,1.2739023207749414,ok,0,9,7,0.0
chb01,chb01_21.edf,2700.0,2704.0,0.25,0.7,73,0.4807052633393409,ok,0,8,7,0.0
chb01,chb01_21.edf,2700.0,2704.0,0.25,0.7,74,0.6294427465834973,ok,0,10,7,0.0
chb01,chb01_21.edf,2700.0,2704.0,0.25,0.7,75,0.5824066024456801,ok,0,9,8,0.0
chb01,chb01_21.edf,2700.0,2704.0,0.25,0.7,76,0.5179204715955229,ok,0,13,12,0.0
chb01,chb01_21.edf,2700.0,2704.0,0.25,0.7,77,1.0955895933149304,ok,0,6,5,0.0
chb01,chb01_21.edf,2700.0,2704.0,0.25,0.7,78,1.6758941068350985,ok,0,9,8,0.0
chb01,chb01_21.edf,2700.0,2704.0,0.25,0.7,79,0.18987544965233058,ok,0,7,6,0.0
chb01,chb01_21.edf,2700.0,2704.0,0.25,0.7,80,0.18317349230170574,ok,0,11,9,0.0
chb01,chb01_21.edf,2700.0,2704.0,0.25,0.7,81,1.4091689142386226,ok,0,11,8,0.0
chb01,chb01_21.edf,2700.0,2704.0,0.5,0.0,62,0.5712931377579745,ok,0,12,11,0.0
chb01,chb01_21.edf,2700.0,2704.0,0.5,0.0,63,0.16726057798219393,ok,0,8,7,0.0
chb01,chb01_21.edf,2700.0,2704.0,0.5,0.0,64,0.19637001542360058,ok,0,9,8,0.0
chb01,chb01_21.edf,2700.0,2704.0,0.5,0.0,65,0.546024803519956,ok,0,10,8,0.0
chb01,chb01_21.edf,2700.0,2704.0,0.5,0.0,66,0.3428004452807938,ok,0,11,9,0.0
chb01,chb01_21.edf,2700.0,2704.0,0.5,0.0,67,0.9454773281444654,ok,0,7,6,0.0
chb01,chb01_21.edf,2700.0,2704.0,0.5,0.0,68,1.2291207868644798,ok,0,12,11,0.0
chb01,chb01_21.edf,2700.0,2704.0,0.5,0.0,69,1.1682562182790923,ok,0,9,7,0.0
chb01,chb01_21.edf,2700.0,2704.0,0.5,0.0,70,0.5111811702061327,ok,0,14,13,0.0
chb01,chb01_21.edf,2700.0,2704.0,0.5,0.0,71,1.8179982256514546,ok,0,11,9,0.0
chb01,chb01_21.edf,2700.0,2704.0,0.5,0.0,72,0.18642507739616473,ok,0,6,5,0.0
chb01,chb01_21.edf,2700.0,2704.0,0.5,0.0,73,0.6286253346157429,ok,0,10,9,0.0
chb01,chb01_21.edf,2700.0,2704.0,0.5,0.0,74,0.6476197533905482,ok,0,9,7,0.0
chb01,chb01_21.edf,2700.0,2704.0,0.5,0.0,75,0.9626906857352386,ok,0,12,10,0.0
chb01,chb01_21.edf,2700.0,2704.0,0.5,0.0,76,0.48840569686484475,ok,0,10,9,0.0
chb01,chb01_21.edf,2700.0,2704.0,0.5,0.0,77,1.4397992123948258,ok,0,10,9,0.0
chb01,chb01_21.edf,2700.0,2704.0,0.5,0.0,78,0.8783739115481473,ok,0,10,9,0.0
chb01,chb01_21.edf,2700.0,2704.0,0.5,0.0,79,0.6660998123404629,ok,0,8,7,0.0
chb01,chb01_21.edf,2700.0,2704.0,0.5,0.0,80,0.48943288169382493,ok,0,10,8,0.0
chb01,chb01_21.edf,2700.0,2704.0,0.5,0.0,81,1.3487816138931745,ok,0,10,9,0.0
chb01,chb01_21.edf,2700.0,2704.0,0.5,0.175,62,0.6559757885363878,ok,0,12,11,0.0
chb01,chb01_21.edf,2700.0,2704.0,0.5,0.175,63,0.14655956456718455,ok,0,8,7,0.0
chb01,chb01_21.edf,2700.0,2704.0,0.5,0.175,64,0.19637001542360058,ok,0,9,8,0.0
chb01,chb01_21.edf,2700.0,2704.0,0.5,0.175,65,0.546024803519956,ok,0,10,8,0.0
chb01,chb01_21.edf,2700.0,2704.0,0.5,0.175,66,0.3428004452807938,ok,0,11,9,0.0
chb01,chb01_21.edf,2700.0,2704.0,0.5,0.175,67,0.9454773281444654,ok,0,7,6,0.0
chb01,chb01_21.edf,2700.0,2704.0,0.5,0.175,68,1.2291207868644798,ok,0,12,11,0.0
chb01,chb01_21.edf,2700.0,2704.0,0.5,0.175,69,1.1682562182790923,ok,0,9,7,0.0
chb01,chb01_21.edf,2700.0,2704.0,0.5,0.175,70,0.5111811702061327,ok,0,14,13,0.0
chb01,chb01_21.edf,2700.0,2704.0,0.5,0.175,71,1.8179982256514546,ok,0,11,9,0.0
chb01,chb01_21.edf,2700.0,2704.0,0.5,0.175,72,0.18642507739616473,ok,0,6,5,0.0
chb01,chb01_21.edf,2700.0,2704.0,0.5,0.175,73,0.5748110033473974,ok,0,8,7,0.0
chb01,chb01_21.edf,2700.0,2704.0,0.5,0.175,74,0.6476197533905482,ok,0,9,7,0.0
chb01,chb01_21.edf,2700.0,2704.0,0.5,0.175,75,0.9654666566235744,ok,0,12,10,0.0
chb01,chb01_21.edf,2700.0,2704.0,0.5,0.175,76,0.48840569686484475,ok,0,10,9,0.0
chb01,chb01_21.edf,2700.0,2704.0,0.5,0.175,77,1.4397992123948258,ok,0,10,9,0.0
chb01,chb01_21.edf,2700.0,2704.0,0.5,0.175,78,0.8764622074007292,ok,0,10,9,0.0
chb01,chb01_21.edf,2700.0,2704.0,0.5,0.175,79,0.754250604692566,ok,0,9,6,0.0
chb01,chb01_21.edf,2700.0,2704.0,0.5,0.175,80,0.48943288169382493,ok,0,10,8,0.0
chb01,chb01_21.edf,2700.0,2704.0,0.5,0.175,81,1.3951320693161031,ok,0,9,8,0.0
chb01,chb01_21.edf,2700.0,2704.0,0.5,0.35,62,0.6165905823878566,ok,0,12,10,0.0
chb01,chb01_21.edf,2700.0,2704.0,0.5,0.35,63,0.15255102400950155,ok,0,8,7,0.0
chb01,chb01_21.edf,2700.0,2704.0,0.5,0.35,64,0.19637001542360058,ok,0,9,8,0.0
chb01,chb01_21.edf,2700.0,2704.0,0.5,0.35,65,0.545502378380625,ok,0,10,9,0.0
chb01,chb01_21.edf,2700.0,2704.0,0.5,0.35,66,0.3428004452807938,ok,0,11,9,0.0
chb01,chb01_21.edf,2700.0,2704.0,0.5,0.35,67,0.9454773281444654,ok,0,7,6,0.0
chb01,chb01_21.edf,2700.0,2704.0,0.5,0.35,68,1.2355240639595184,ok,0,11,10,0.0
chb01,chb01_21.edf,2700.0,2704.0,0.5,0.35,69,1.1552173257131564,ok,0,10,9,0.0
chb01,chb01_21.edf,2700.0,2704.0,0.5,0.35,70,0.509154547108042,ok,0,14,13,0.0
chb01,chb01_21.edf,2700.0,2704.0,0.5,0.35,71,1.7559092478104603,ok,0,12,8,0.0
chb01,chb01_21.edf,2700.0,2704.0,0.5,0.35,72,0.22848925854368135,ok,0,6,5,0.0
chb01,chb01_21.edf,2700.0,2704.0,0.5,0.35,73,0.6551843256168434,ok,0,9,8,0.0
chb01,chb01_21.edf,2700.0,2704.0,0.5,0.35,74,0.6476197533905482,ok,0,9,7,0.0
chb01,chb01_21.edf,2700.0,2704.0,0.5,0.35,75,0.7675209779263974,ok,0,13,11,0.0
chb01,chb01_21.edf,2700.0,2704.0,0.5,0.35,76,0.48840569686484475,ok,0,10,9,0.0
chb01,chb01_21.edf,2700.0,2704.0,0.5,0.35,77,1.4299542702424968,ok,0,10,9,0.0
chb01,chb01_21.edf,2700.0,2704.0,0.5,0.35,78,0.9764552240027642,ok,0,10,9,0.0
chb01,chb01_21.edf,2700.0,2704.0,0.5,0.35,79,0.754250604692566,ok,0,9,6,0.0
chb01,chb01_21.edf,2700.0,2704.0,0.5,0.35,80,0.48943288169382493,ok,0,10,8,0.0
chb01,chb01_21.edf,2700.0,2704.0,0.5,0.35,81,1.391697303472564,ok,0,9,8,0.0
chb01,chb01_21.edf,2700.0,2704.0,0.5,0.7,62,0.6193512479799885,ok,0,11,9,0.0
chb01,chb01_21.edf,2700.0,2704.0,0.5,0.7,63,0.18933872294282666,ok,0,9,8,0.0
chb01,chb01_21.edf,2700.0,2704.0,0.5,0.7,64,0.2170705285211142,ok,0,8,7,0.0
chb01,chb01_21.edf,2700.0,2704.0,0.5,0.7,65,0.5458959876568916,ok,0,9,8,0.0
chb01,chb01_21.edf,2700.0,2704.0,0.5,0.7,66,0.3455869941264749,ok,0,11,9,0.0
chb01,chb01_21.edf,2700.0,2704.0,0.5,0.7,67,0.8841584109429694,ok,0,7,6,0.0
chb01,chb01_21.edf,2700.0,2704.0,0.5,0.7,68,1.3921942805994563,ok,0,9,8,0.0
chb01,chb01_21.edf,2700.0,2704.0,0.5,0.7,69,1.2691626033075916,ok,0,9,8,0.0
chb01,chb01_21.edf,2700.0,2704.0,0.5,0.7,70,0.509154547108042,ok,0,14,13,0.0
chb01,chb01_21.edf,2700.0,2704.0,0.5,0.7,71,1.5060778536651536,ok,0,13,9,0.0
chb01,chb01_21.edf,2700.0,2704.0,0.5,0.7,72,0.1566560324900384,ok,0,6,5,0.0
chb01,chb01_21.edf,2700.0,2704.0,0.5,0.7,73,0.707271339058888,ok,0,8,7,0.0
chb01,chb01_21.edf,2700.0,2704.0,0.5,0.7,74,0.7798542275118872,ok,0,10,9,0.0
chb01,chb01_21.edf,2700.0,2704.0,0.5,0.7,75,0.7675209779263974,ok,0,13,11,0.0
chb01,chb01_21.edf,2700.0,2704.0,0.5,0.7,76,0.48840569686484475,ok,0,10,9,0.0
chb01,chb01_21.edf,2700.0,2704.0,0.5,0.7,77,1.2738014913376523,ok,0,10,8,0.0
chb01,chb01_21.edf,2700.0,2704.0,0.5,0.7,78,0.9741319957681605,ok,0,10,9,0.0
chb01,chb01_21.edf,2700.0,2704.0,0.5,0.7,79,0.754250604692566,ok,0,9,6,0.0
chb01,chb01_21.edf,2700.0,2704.0,0.5,0.7,80,0.644942214270818,ok,0,8,6,0.0
chb01,chb01_21.edf,2700.0,2704.0,0.5,0.7,81,1.353098704828062,ok,0,9,8,0.0
chb01,chb01_21.edf,2700.0,2704.0,1.0,0.0,62,0.7743914046997703,ok,0,11,10,0.0
chb01,chb01_21.edf,2700.0,2704.0,1.0,0.0,63,0.21488489744161204,ok,0,8,7,0.0
chb01,chb01_21.edf,2700.0,2704.0,1.0,0.0,64,0.17192047651837583,ok,0,10,9,0.0
chb01,chb01_21.edf,2700.0,2704.0,1.0,0.0,65,0.48620003231413916,ok,0,12,9,0.0
chb01,chb01_21.edf,2700.0,2704.0,1.0,0.0,66,1.3756822323974554,ok,0,13,11,0.0
chb01,chb01_21.edf,2700.0,2704.0,1.0,0.0,67,1.0067830609804835,ok,0,9,8,0.0
chb01,chb01_21.edf,2700.0,2704.0,1.0,0.0,68,1.5176810316646947,ok,0,13,11,0.0
chb01,chb01_21.edf,2700.0,2704.0,1.0,0.0,69,1.0610836315798138,ok,0,8,5,0.0
chb01,chb01_21.edf,2700.0,2704.0,1.0,0.0,70,0.981919803246944,ok,0,12,11,0.0
chb01,chb01_21.edf,2700.0,2704.0,1.0,0.0,71,1.7937447317653397,ok,0,10,8,0.0
chb01,chb01_21.edf,2700.0,2704.0,1.0,0.0,72,0.18642507739616473,ok,0,6,5,0.0
chb01,chb01_21.edf,2700.0,2704.0,1.0,0.0,73,0.5987516059102022,ok,0,9,8,0.0
chb01,chb01_21.edf,2700.0,2704.0,1.0,0.0,74,0.6443582292066723,ok,0,11,10,0.0
chb01,chb01_21.edf,2700.0,2704.0,1.0,0.0,75,1.65888681246551,ok,0,10,7,0.0
chb01,chb01_21.edf,2700.0,2704.0,1.0,0.0,76,0.22553402254439306,ok,0,12,11,0.0
chb01,chb01_21.edf,2700.0,2704.0,1.0,0.0,77,1.261454559020981,ok,0,10,9,0.0
chb01,chb01_21.edf,2700.0,2704.0,1.0,0.0,78,1.9856992051961986,ok,0,12,11,0.0
chb01,chb01_21.edf,2700.0,2704.0,1.0,0.0,79,0.1609368397508929,ok,0,7,6,0.0
chb01,chb01_21.edf,2700.0,2704.0,1.0,0.0,80,0.8375512923759941,ok,0,11,9,0.0
chb01,chb01_21.edf,2700.0,2704.0,1.0,0.0,81,1.3218647883394035,ok,0,10,8,0.0
chb01,chb01_21.edf,2700.0,2704.0,1.0,0.175,62,0.7416796627763578,ok,0,10,9,0.0
chb01,chb01_21.edf,2700.0,2704.0,1.0,0.175,63,0.2173990092096237,ok,0,9,8,0.0
chb01,chb01_21.edf,2700.0,2704.0,1.0,0.175,64,0.17192047651837583,ok,0,10,9,0.0
chb01,chb01_21.edf,2700.0,2704.0,1.0,0.175,65,0.49292157435773215,ok,0,12,10,0.0
chb01,chb01_21.edf,2700.0,2704.0,1.0,0.175,66,1.3756822323974554,ok,0,13,11,0.0
chb01,chb01_21.edf,2700.0,2704.0,1.0,0.175,67,1.0067830609804835,ok,0,9,8,0.0
chb01,chb01_21.edf,2700.0,2704.0,1.0,0.175,68,1.5176810316646947,ok,0,13,11,0.0
chb01,chb01_21.edf,2700.0,2704.0,1.0,0.175,69,1.0610836315798138,ok,0,8,5,0.0
chb01,chb01_21.edf,2700.0,2704.0,1.0,0.175,70,0.981919803246944,ok,0,12,11,0.0
chb01,chb01_21.edf,2700.0,2704.0,1.0,0.175,71,1.7937447317653397,ok,0,10,8,0.0
chb01,chb01_21.edf,2700.0,2704.0,1.0,0.175,72,0.023631811787892924,ok,0,7,5,0.0
chb01,chb01_21.edf,2700.0,2704.0,1.0,0.175,73,0.6607166923201049,ok,0,10,9,0.0
chb01,chb01_21.edf,2700.0,2704.0,1.0,0.175,74,0.6443582292066723,ok,0,11,10,0.0
chb01,chb01_21.edf,2700.0,2704.0,1.0,0.175,75,1.65888681246551,ok,0,10,7,0.0
chb01,chb01_21.edf,2700.0,2704.0,1.0,0.175,76,0.22553402254439306,ok,0,12,11,0.0
chb01,chb01_21.edf,2700.0,2704.0,1.0,0.175,77,1.261454559020981,ok,0,10,9,0.0
chb01,chb01_21.edf,2700.0,2704.0,1.0,0.175,78,2.0008167178077203,ok,0,11,10,0.0
chb01,chb01_21.edf,2700.0,2704.0,1.0,0.175,79,0.1609368397508929,ok,0,7,6,0.0
chb01,chb01_21.edf,2700.0,2704.0,1.0,0.175,80,0.8355892494014844,ok,0,11,9,0.0
chb01,chb01_21.edf,2700.0,2704.0,1.0,0.175,81,1.3218647883394035,ok,0,10,8,0.0
chb01,chb01_21.edf,2700.0,2704.0,1.0,0.35,62,1.082544467420102,ok,0,9,8,0.0
chb01,chb01_21.edf,2700.0,2704.0,1.0,0.35,63,0.19886412519724583,ok,0,9,8,0.0
chb01,chb01_21.edf,2700.0,2704.0,1.0,0.35,64,0.17599259780918877,ok,0,10,8,0.0
chb01,chb01_21.edf,2700.0,2704.0,1.0,0.35,65,0.49183117746034816,ok,0,12,10,0.0
chb01,chb01_21.edf,2700.0,2704.0,1.0,0.35,66,1.5167540848237777,ok,0,12,10,0.0
chb01,chb01_21.edf,2700.0,2704.0,1.0,0.35,67,1.0276695755361174,ok,0,9,8,0.0
chb01,chb01_21.edf,2700.0,2704.0,1.0,0.35,68,1.5177801323742006,ok,0,13,11,0.0
chb01,chb01_21.edf,2700.0,2704.0,1.0,0.35,69,1.0610836315798138,ok,0,8,5,0.0
chb01,chb01_21.edf,2700.0,2704.0,1.0,0.35,70,0.981919803246944,ok,0,12,11,0.0
chb01,chb01_21.edf,2700.0,2704.0,1.0,0.35,71,1.7144437964910062,ok,0,11,7,0.0
chb01,chb01_21.edf,2700.0,2704.0,1.0,0.35,72,0.22848925854368135,ok,0,6,5,0.0
chb01,chb01_21.edf,2700.0,2704.0,1.0,0.35,73,0.6780121027847761,ok,0,10,8,0.0
chb01,chb01_21.edf,2700.0,2704.0,1.0,0.35,74,0.6288403684535347,ok,0,10,9,0.0
chb01,chb01_21.edf,2700.0,2704.0,1.0,0.35,75,1.6701884111809937,ok,0,9,6,0.0
chb01,chb01_21.edf,2700.0,2704.0,1.0,0.35,76,0.2499525155781146,ok,0,12,11,0.0
chb01,chb01_21.edf,2700.0,2704.0,1.0,0.35,77,1.261454559020981,ok,0,10,9,0.0
chb01,chb01_21.edf,2700.0,2704.0,1.0,0.35,78,1.9856992051961986,ok,0,12,11,0.0
chb01,chb01_21.edf,2700.0,2704.0,1.0,0.35,79,0.1609368397508929,ok,0,7,6,0.0
chb01,chb01_21.edf,2700.0,2704.0,1.0,0.35,80,0.8355892494014844,ok,0,11,9,0.0
chb01,chb01_21.edf,2700.0,2704.0,1.0,0.35,81,1.3218647883394035,ok,0,10,8,0.0
chb01,chb01_21.edf,2700.0,2704.0,1.0,0.7,62,1.074781929176673,ok,0,9,7,0.0
chb01,chb01_21.edf,2700.0,2704.0,1.0,0.7,63,0.15689453988751842,ok,0,8,7,0.0
chb01,chb01_21.edf,2700.0,2704.0,1.0,0.7,64,0.3241389292311979,ok,0,9,8,0.0
chb01,chb01_21.edf,2700.0,2704.0,1.0,0.7,65,0.4941741704345326,ok,0,12,11,0.0
chb01,chb01_21.edf,2700.0,2704.0,1.0,0.7,66,1.4909462805710865,ok,0,11,9,0.0
chb01,chb01_21.edf,2700.0,2704.0,1.0,0.7,67,0.9581557658891662,ok,0,9,8,0.0
chb01,chb01_21.edf,2700.0,2704.0,1.0,0.7,68,1.4921943527630854,ok,0,13,11,0.0
chb01,chb01_21.edf,2700.0,2704.0,1.0,0.7,69,1.0610836315798138,ok,0,8,5,0.0
chb01,chb01_21.edf,2700.0,2704.0,1.0,0.7,70,0.9064427299135746,ok,0,12,11,0.0
chb01,chb01_21.edf,2700.0,2704.0,1.0,0.7,71,1.4994370533787482,ok,0,12,8,0.0
chb01,chb01_21.edf,2700.0,2704.0,1.0,0.7,72,0.1566560324900384,ok,0,6,5,0.0
chb01,chb01_21.edf,2700.0,2704.0,1.0,0.7,73,0.8087504969118374,ok,0,8,6,0.0
chb01,chb01_21.edf,2700.0,2704.0,1.0,0.7,74,0.6288403684535347,ok,0,10,9,0.0
chb01,chb01_21.edf,2700.0,2704.0,1.0,0.7,75,1.4408368789851915,ok,0,10,7,0.0
chb01,chb01_21.edf,2700.0,2704.0,1.0,0.7,76,0.2499525155781146,ok,0,12,11,0.0
chb01,chb01_21.edf,2700.0,2704.0,1.0,0.7,77,1.2364709602534274,ok,0,10,9,0.0
chb01,chb01_21.edf,2700.0,2704.0,1.0,0.7,78,1.9614537569485513,ok,0,13,12,0.0
chb01,chb01_21.edf,2700.0,2704.0,1.0,0.7,79,0.1609368397508929,ok,0,7,6,0.0
chb01,chb01_21.edf,2700.0,2704.0,1.0,0.7,80,0.8355892494014844,ok,0,11,9,0.0
chb01,chb01_21.edf,2700.0,2704.0,1.0,0.7,81,1.3549993431102936,ok,0,9,7,0.0
chb01,chb01_26.edf,584.0,588.0,0.25,0.0,62,0.6171842911523988,ok,0,10,9,0.0
chb01,chb01_26.edf,584.0,588.0,0.25,0.0,63,2.043747370146671,ok,0,9,8,0.0
chb01,chb01_26.edf,584.0,588.0,0.25,0.0,64,0.8756532617719204,ok,0,9,8,0.0
chb01,chb01_26.edf,584.0,588.0,0.25,0.0,65,0.9667718123938864,ok,0,11,10,0.0
chb01,chb01_26.edf,584.0,588.0,0.25,0.0,66,0.3631787913269073,ok,0,11,9,0.0
chb01,chb01_26.edf,584.0,588.0,0.25,0.0,67,0.8092054221906116,ok,0,11,9,0.0
chb01,chb01_26.edf,584.0,588.0,0.25,0.0,68,0.9681035064574081,ok,0,9,8,0.0
chb01,chb01_26.edf,584.0,588.0,0.25,0.0,69,1.241548694349417,ok,0,10,8,0.0
chb01,chb01_26.edf,584.0,588.0,0.25,0.0,70,0.2793983295119334,ok,0,9,8,0.0
chb01,chb01_26.edf,584.0,588.0,0.25,0.0,71,1.5904417843670142,ok,0,12,11,0.0
chb01,chb01_26.edf,584.0,588.0,0.25,0.0,72,0.9990557900479503,ok,0,11,9,0.0
chb01,chb01_26.edf,584.0,588.0,0.25,0.0,73,0.4814093715175572,ok,0,8,7,0.0
chb01,chb01_26.edf,584.0,588.0,0.25,0.0,74,0.6162790697674418,ok,0,11,8,0.0
chb01,chb01_26.edf,584.0,588.0,0.25,0.0,75,0.35394981220923855,ok,0,12,11,0.0
chb01,chb01_26.edf,584.0,588.0,0.25,0.0,76,0.3909772130214703,ok,0,12,11,0.0
chb01,chb01_26.edf,584.0,588.0,0.25,0.0,77,0.9447730595988872,ok,0,6,4,0.0
chb01,chb01_26.edf,584.0,588.0,0.25,0.0,78,1.3483863463099397,ok,0,11,10,0.0
chb01,chb01_26.edf,584.0,588.0,0.25,0.0,79,0.1609368397508929,ok,0,7,6,0.0
chb01,chb01_26.edf,584.0,588.0,0.25,0.0,80,0.1797136108456547,ok,0,12,10,0.0
chb01,chb01_26.edf,584.0,588.0,0.25,0.0,81,1.4033891062507988,ok,0,10,7,0.0
chb01,chb01_26.edf,584.0,588.0,0.25,0.175,62,0.5044691689807478,ok,0,11,10,0.0
chb01,chb01_26.edf,584.0,588.0,0.25,0.175,63,0.2192166537503293,ok,0,9,8,0.0
chb01,chb01_26.edf,584.0,588.0,0.25,0.175,64,0.8756532617719204,ok,0,9,8,0.0
chb01,chb01_26.edf,584.0,588.0,0.25,0.175,65,0.9414616009623639,ok,0,11,9,0.0
chb01,chb01_26.edf,584.0,588.0,0.25,0.175,66,0.36581014159579417,ok,0,11,9,0.0
chb01,chb01_26.edf,584.0,588.0,0.25,0.175,67,0.2746347377947651,ok,0,10,8,0.0
chb01,chb01_26.edf,584.0,588.0,0.25,0.175,68,1.0594730474468037,ok,0,9,8,0.0
chb01,chb01_26.edf,584.0,588.0,0.25,0.175,69,1.3021781104089274,ok,0,9,7,0.0
chb01,chb01_26.edf,584.0,588.0,0.25,0.175,70,0.4101876324180231,ok,0,8,7,0.0
chb01,chb01_26.edf,584.0,588.0,0.25,0.175,71,1.5654836839456696,ok,0,12,11,0.0
chb01,chb01_26.edf,584.0,588.0,0.25,0.175,72,0.9990557900479503,ok,0,11,9,0.0
chb01,chb01_26.edf,584.0,588.0,0.25,0.175,73,0.5227463513894565,ok,0,8,7,0.0
chb01,chb01_26.edf,584.0,588.0,0.25,0.175,74,0.34718765956433184,ok,0,13,10,0.0
chb01,chb01_26.edf,584.0,588.0,0.25,0.175,75,0.35394981220923855,ok,0,12,11,0.0
chb01,chb01_26.edf,584.0,588.0,0.25,0.175,76,1.0526220638826533,ok,0,13,11,0.0
chb01,chb01_26.edf,584.0,588.0,0.25,0.175,77,0.5526000164907082,ok,0,7,5,0.0
chb01,chb01_26.edf,584.0,588.0,0.25,0.175,78,1.1773303237501522,ok,0,9,8,0.0
chb01,chb01_26.edf,584.0,588.0,0.25,0.175,79,0.1609368397508929,ok,0,7,6,0.0
chb01,chb01_26.edf,584.0,588.0,0.25,0.175,80,0.17655063606906146,ok,0,12,10,0.0
chb01,chb01_26.edf,584.0,588.0,0.25,0.175,81,1.3455109473415157,ok,0,10,9,0.0
chb01,chb01_26.edf,584.0,588.0,0.25,0.35,62,0.49907908036931764,ok,0,12,11,0.0
chb01,chb01_26.edf,584.0,588.0,0.25,0.35,63,0.2192166537503293,ok,0,9,8,0.0
chb01,chb01_26.edf,584.0,588.0,0.25,0.35,64,0.960386606658378,ok,0,8,7,0.0
chb01,chb01_26.edf,584.0,588.0,0.25,0.35,65,0.9689461484460123,ok,0,12,10,0.0
chb01,chb01_26.edf,584.0,588.0,0.25,0.35,66,0.3903508725691783,ok,0,11,9,0.0
chb01,chb01_26.edf,584.0,588.0,0.25,0.35,67,0.2686539283130771,ok,0,10,8,0.0
chb01,chb01_26.edf,584.0,588.0,0.25,0.35,68,1.0902161158349113,ok,0,10,9,0.0
chb01,chb01_26.edf,584.0,588.0,0.25,0.35,69,1.1574836254352978,ok,0,10,7,0.0
chb01,chb01_26.edf,584.0,588.0,0.25,0.35,70,0.4101876324180231,ok,0,8,7,0.0
chb01,chb01_26.edf,584.0,588.0,0.25,0.35,71,1.253515054608464,ok,0,15,14,0.0
chb01,chb01_26.edf,584.0,588.0,0.25,0.35,72,1.013842285448921,ok,0,10,9,0.0
chb01,chb01_26.edf,584.0,588.0,0.25,0.35,73,0.5063050093608911,ok,0,9,8,0.0
chb01,chb01_26.edf,584.0,588.0,0.25,0.35,74,0.48416387540910394,ok,0,11,9,0.0
chb01,chb01_26.edf,584.0,588.0,0.25,0.35,75,0.5004083432713814,ok,0,12,11,0.0
chb01,chb01_26.edf,584.0,588.0,0.25,0.35,76,0.7138814258560351,ok,0,8,7,0.0
chb01,chb01_26.edf,584.0,588.0,0.25,0.35,77,0.5527158793163193,ok,0,7,5,0.0
chb01,chb01_26.edf,584.0,588.0,0.25,0.35,78,1.1773303237501522,ok,0,9,8,0.0
chb01,chb01_26.edf,584.0,588.0,0.25,0.35,79,0.1609368397508929,ok,0,7,6,0.0
chb01,chb01_26.edf,584.0,588.0,0.25,0.35,80,0.21302982250143537,ok,0,14,11,0.0
chb01,chb01_26.edf,584.0,588.0,0.25,0.35,81,1.3455109473415157,ok,0,10,9,0.0
chb01,chb01_26.edf,584.0,588.0,0.25,0.7,62,0.6407995960089159,ok,0,10,9,0.0
chb01,chb01_26.edf,584.0,588.0,0.25,0.7,63,0.2192166537503293,ok,0,9,8,0.0
chb01,chb01_26.edf,584.0,588.0,0.25,0.7,64,1.0077050502172256,ok,0,9,8,0.0
chb01,chb01_26.edf,584.0,588.0,0.25,0.7,65,0.9111729665651999,ok,0,11,9,0.0
chb01,chb01_26.edf,584.0,588.0,0.25,0.7,66,0.3903508725691783,ok,0,11,9,0.0
chb01,chb01_26.edf,584.0,588.0,0.25,0.7,67,0.572183169084014,ok,0,9,8,0.0
chb01,chb01_26.edf,584.0,588.0,0.25,0.7,68,1.1022806767876094,ok,0,10,9,0.0
chb01,chb01_26.edf,584.0,588.0,0.25,0.7,69,0.8521456706575611,ok,0,12,10,0.0
chb01,chb01_26.edf,584.0,588.0,0.25,0.7,70,0.271910044401085,ok,0,6,5,0.0
chb01,chb01_26.edf,584.0,588.0,0.25,0.7,71,1.2603207157971814,ok,0,16,14,0.0
chb01,chb01_26.edf,584.0,588.0,0.25,0.7,72,0.9003407377066525,ok,0,9,8,0.0
chb01,chb01_26.edf,584.0,588.0,0.25,0.7,73,0.48605974521021755,ok,0,9,8,0.0
chb01,chb01_26.edf,584.0,588.0,0.25,0.7,74,0.48416387540910394,ok,0,11,9,0.0
chb01,chb01_26.edf,584.0,588.0,0.25,0.7,75,0.49224584331287574,ok,0,12,11,0.0
chb01,chb01_26.edf,584.0,588.0,0.25,0.7,76,0.7940034489864156,ok,0,9,8,0.0
chb01,chb01_26.edf,584.0,588.0,0.25,0.7,77,0.6404187737553277,ok,0,6,4,0.0
chb01,chb01_26.edf,584.0,588.0,0.25,0.7,78,1.3099724931364904,ok,0,9,8,0.0
chb01,chb01_26.edf,584.0,588.0,0.25,0.7,79,0.754250604692566,ok,0,9,6,0.0
chb01,chb01_26.edf,584.0,588.0,0.25,0.7,80,0.4986794415625512,ok,0,12,10,0.0
chb01,chb01_26.edf,584.0,588.0,0.25,0.7,81,1.2689209155653574,ok,0,11,10,0.0
chb01,chb01_26.edf,584.0,588.0,0.5,0.0,62,0.5712931377579745,ok,0,12,11,0.0
chb01,chb01_26.edf,584.0,588.0,0.5,0.0,63,0.16726057798219393,ok,0,8,7,0.0
chb01,chb01_26.edf,584.0,588.0,0.5,0.0,64,0.19637001542360058,ok,0,9,8,0.0
chb01,chb01_26.edf,584.0,588.0,0.5,0.0,65,0.546024803519956,ok,0,10,8,0.0
chb01,chb01_26.edf,584.0,588.0,0.5,0.0,66,0.3428004452807938,ok,0,11,9,0.0
chb01,chb01_26.edf,584.0,588.0,0.5,0.0,67,0.9454773281444654,ok,0,7,6,0.0
chb01,chb01_26.edf,584.0,588.0,0.5,0.0,68,1.2291207868644798,ok,0,12,11,0.0
chb01,chb01_26.edf,584.0,588.0,0.5,0.0,69,1.1682562182790923,ok,0,9,7,0.0
chb01,chb01_26.edf,584.0,588.0,0.5,0.0,70,0.5111811702061327,ok,0,14,13,0.0
chb01,chb01_26.edf,584.0,588.0,0.5,0.0,71,1.8179982256514546,ok,0,11,9,0.0
chb01,chb01_26.edf,584.0,588.0,0.5,0.0,72,0.18642507739616473,ok,0,6,5,0.0
chb01,chb01_26.edf,584.0,588.0,0.5,0.0,73,0.6286253346157429,ok,0,10,9,0.0
chb01,chb01_26.edf,584.0,588.0,0.5,0.0,74,0.6476197533905482,ok,0,9,7,0.0
chb01,chb01_26.edf,584.0,588.0,0.5,0.0,75,0.9626906857352386,ok,0,12,10,0.0
chb01,chb01_26.edf,584.0,588.0,0.5,0.0,76,0.48840569686484475,ok,0,10,9,0.0
chb01,chb01_26.edf,584.0,588.0,0.5,0.0,77,1.4397992123948258,ok,0,10,9,0.0
chb01,chb01_26.edf,584.0,588.0,0.5,0.0,78,0.8783739115481473,ok,0,10,9,0.0
chb01,chb01_26.edf,584.0,588.0,0.5,0.0,79,0.6660998123404629,ok,0,8,7,0.0
chb01,chb01_26.edf,584.0,588.0,0.5,0.0,80,0.48943288169382493,ok,0,10,8,0.0
chb01,chb01_26.edf,584.0,588.0,0.5,0.0,81,1.3487816138931745,ok,0,10,9,0.0
chb01,chb01_26.edf,584.0,588.0,0.5,0.175,62,0.6559757885363878,ok,0,12,11,0.0
chb01,chb01_26.edf,584.0,588.0,0.5,0.175,63,0.17253466291491212,ok,0,8,7,0.0
chb01,chb01_26.edf,584.0,588.0,0.5,0.175,64,0.33066737835270793,ok,0,10,9,0.0
chb01,chb01_26.edf,584.0,588.0,0.5,0.175,65,0.546024803519956,ok,0,10,8,0.0
chb01,chb01_26.edf,584.0,588.0,0.5,0.175,66,0.3428004452807938,ok,0,11,9,0.0
chb01,chb01_26.edf,584.0,588.0,0.5,0.175,67,0.9454773281444654,ok,0,7,6,0.0
chb01,chb01_26.edf,584.0,588.0,0.5,0.175,68,1.293341211471254,ok,0,9,8,0.0
chb01,chb01_26.edf,584.0,588.0,0.5,0.175,69,1.2023157860598088,ok,0,8,6,0.0
chb01,chb01_26.edf,584.0,588.0,0.5,0.175,70,0.5111811702061327,ok,0,14,13,0.0
chb01,chb01_26.edf,584.0,588.0,0.5,0.175,71,1.8179982256514546,ok,0,11,9,0.0
chb01,chb01_26.edf,584.0,588.0,0.5,0.175,72,0.18642507739616473,ok,0,6,5,0.0
chb01,chb01_26.edf,584.0,588.0,0.5,0.175,73,0.6549617290350132,ok,0,9,8,0.0
chb01,chb01_26.edf,584.0,588.0,0.5,0.175,74,0.655280757217913,ok,0,10,8,0.0
chb01,chb01_26.edf,584.0,588.0,0.5,0.175,75,0.9626906857352386,ok,0,12,10,0.0
chb01,chb01_26.edf,584.0,588.0,0.5,0.175,76,0.4917726859794421,ok,0,11,10,0.0
chb01,chb01_26.edf,584.0,588.0,0.5,0.175,77,1.4397992123948258,ok,0,10,9,0.0
chb01,chb01_26.edf,584.0,588.0,0.5,0.175,78,0.842869542983464,ok,0,10,9,0.0
chb01,chb01_26.edf,584.0,588.0,0.5,0.175,79,0.6660998123404629,ok,0,8,7,0.0
chb01,chb01_26.edf,584.0,588.0,0.5,0.175,80,0.8667296522251868,ok,0,9,7,0.0
chb01,chb01_26.edf,584.0,588.0,0.5,0.175,81,1.3487816138931745,ok,0,10,9,0.0
chb01,chb01_26.edf,584.0,588.0,0.5,0.35,62,0.6482655274814257,ok,0,12,11,0.0
chb01,chb01_26.edf,584.0,588.0,0.5,0.35,63,0.17253466291491212,ok,0,8,7,0.0
chb01,chb01_26.edf,584.0,588.0,0.5,0.35,64,0.33066737835270793,ok,0,10,9,0.0
chb01,chb01_26.edf,584.0,588.0,0.5,0.35,65,0.546024803519956,ok,0,10,8,0.0
chb01,chb01_26.edf,584.0,588.0,0.5,0.35,66,0.3428004452807938,ok,0,11,9,0.0
chb01,chb01_26.edf,584.0,588.0,0.5,0.35,67,0.9454773281444654,ok,0,7,6,0.0
chb01,chb01_26.edf,584.0,588.0,0.5,0.35,68,1.3274232908660575,ok,0,10,9,0.0
chb01,chb01_26.edf,584.0,588.0,0.5,0.35,69,1.1574836254352978,ok,0,10,7,0.0
chb01,chb01_26.edf,584.0,588.0,0.5,0.35,70,0.44343795191994606,ok,0,12,11,0.0
chb01,chb01_26.edf,584.0,588.0,0.5,0.35,71,1.2061705488028929,ok,0,13,11,0.0
chb01,chb01_26.edf,584.0,588.0,0.5,0.35,72,1.0829921928320307,ok,0,7,6,0.0
chb01,chb01_26.edf,584.0,588.0,0.5,0.35,73,0.5577705757436217,ok,0,9,7,0.0
chb01,chb01_26.edf,584.0,588.0,0.5,0.35,74,0.655280757217913,ok,0,10,8,0.0
chb01,chb01_26.edf,584.0,588.0,0.5,0.35,75,0.9654666566235744,ok,0,12,10,0.0
chb01,chb01_26.edf,584.0,588.0,0.5,0.35,76,0.4917726859794421,ok,0,11,10,0.0
chb01,chb01_26.edf,584.0,588.0,0.5,0.35,77,1.4397992123948258,ok,0,10,9,0.0
chb01,chb01_26.edf,584.0,588.0,0.5,0.35,78,0.5167291041053567,ok,0,11,10,0.0
chb01,chb01_26.edf,584.0,588.0,0.5,0.35,79,0.6660998123404629,ok,0,8,7,0.0
chb01,chb01_26.edf,584.0,588.0,0.5,0.35,80,0.8667296522251868,ok,0,9,7,0.0
chb01,chb01_26.edf,584.0,588.0,0.5,0.35,81,1.3487816138931745,ok,0,10,9,0.0
chb01,chb01_26.edf,584.0,588.0,0.5,0.7,62,0.6482655274814257,ok,0,12,11,0.0
chb01,chb01_26.edf,584.0,588.0,0.5,0.7,63,0.8915832181690247,ok,0,10,9,0.0
chb01,chb01_26.edf,584.0,588.0,0.5,0.7,64,0.33066737835270793,ok,0,10,9,0.0
chb01,chb01_26.edf,584.0,588.0,0.5,0.7,65,0.6996169469027036,ok,0,9,7,0.0
chb01,chb01_26.edf,584.0,588.0,0.5,0.7,66,0.36581014159579417,ok,0,11,9,0.0
chb01,chb01_26.edf,584.0,588.0,0.5,0.7,67,0.9402202330049183,ok,0,9,8,0.0
chb01,chb01_26.edf,584.0,588.0,0.5,0.7,68,1.3753841763860242,ok,0,10,9,0.0
chb01,chb01_26.edf,584.0,588.0,0.5,0.7,69,0.8119769935167729,ok,0,10,8,0.0
chb01,chb01_26.edf,584.0,588.0,0.5,0.7,70,0.4438763046879292,ok,0,13,12,0.0
chb01,chb01_26.edf,584.0,588.0,0.5,0.7,71,1.2379956171735575,ok,0,15,13,0.0
chb01,chb01_26.edf,584.0,588.0,0.5,0.7,72,0.9296422663357976,ok,0,8,7,0.0
chb01,chb01_26.edf,584.0,588.0,0.5,0.7,73,0.5577705757436217,ok,0,9,7,0.0
chb01,chb01_26.edf,584.0,588.0,0.5,0.7,74,0.5642921002885061,ok,0,9,7,0.0
chb01,chb01_26.edf,584.0,588.0,0.5,0.7,75,0.9654666566235744,ok,0,12,10,0.0
chb01,chb01_26.edf,584.0,588.0,0.5,0.7,76,0.4938653975440172,ok,0,11,10,0.0
chb01,chb01_26.edf,584.0,588.0,0.5,0.7,77,1.4310187940040535,ok,0,10,9,0.0
chb01,chb01_26.edf,584.0,588.0,0.5,0.7,78,0.5167527845724491,ok,0,11,10,0.0
chb01,chb01_26.edf,584.0,588.0,0.5,0.7,79,0.6660998123404629,ok,0,8,7,0.0
chb01,chb01_26.edf,584.0,588.0,0.5,0.7,80,0.999616385553263,ok,0,7,6,0.0
chb01,chb01_26.edf,584.0,588.0,0.5,0.7,81,1.2719747685324416,ok,0,11,10,0.0
chb01,chb01_26.edf,584.0,588.0,1.0,0.0,62,0.7743914046997703,ok,0,11,10,0.0
chb01,chb01_26.edf,584.0,588.0,1.0,0.0,63,0.21488489744161204,ok,0,8,7,0.0
chb01,chb01_26.edf,584.0,588.0,1.0,0.0,64,0.17192047651837583,ok,0,10,9,0.0
chb01,chb01_26.edf,584.0,588.0,1.0,0.0,65,0.48620003231413916,ok,0,12,9,0.0
chb01,chb01_26.edf,584.0,588.0,1.0,0.0,66,1.3756822323974554,ok,0,13,11,0.0
chb01,chb01_26.edf,584.0,588.0,1.0,0.0,67,1.0067830609804835,ok,0,9,8,0.0
chb01,chb01_26.edf,584.0,588.0,1.0,0.0,68,1.5176810316646947,ok,0,13,11,0.0
chb01,chb01_26.edf,584.0,588.0,1.0,0.0,69,1.0610836315798138,ok,0,8,5,0.0
chb01,chb01_26.edf,584.0,588.0,1.0,0.0,70,0.981919803246944,ok,0,12,11,0.0
chb01,chb01_26.edf,584.0,588.0,1.0,0.0,71,1.7937447317653397,ok,0,10,8,0.0
chb01,chb01_26.edf,584.0,588.0,1.0,0.0,72,0.18642507739616473,ok,0,6,5,0.0
chb01,chb01_26.edf,584.0,588.0,1.0,0.0,73,0.5987516059102022,ok,0,9,8,0.0
chb01,chb01_26.edf,584.0,588.0,1.0,0.0,74,0.6443582292066723,ok,0,11,10,0.0
chb01,chb01_26.edf,584.0,588.0,1.0,0.0,75,1.65888681246551,ok,0,10,7,0.0
chb01,chb01_26.edf,584.0,588.0,1.0,0.0,76,0.22553402254439306,ok,0,12,11,0.0
chb01,chb01_26.edf,584.0,588.0,1.0,0.0,77,1.261454559020981,ok,0,10,9,0.0
chb01,chb01_26.edf,584.0,588.0,1.0,0.0,78,1.9856992051961986,ok,0,12,11,0.0
chb01,chb01_26.edf,584.0,588.0,1.0,0.0,79,0.1609368397508929,ok,0,7,6,0.0
chb01,chb01_26.edf,584.0,588.0,1.0,0.0,80,0.8375512923759941,ok,0,11,9,0.0
chb01,chb01_26.edf,584.0,588.0,1.0,0.0,81,1.3218647883394035,ok,0,10,8,0.0
chb01,chb01_26.edf,584.0,588.0,1.0,0.175,62,0.8207228509784782,ok,0,12,11,0.0
chb01,chb01_26.edf,584.0,588.0,1.0,0.175,63,0.21488489744161204,ok,0,8,7,0.0
chb01,chb01_26.edf,584.0,588.0,1.0,0.175,64,0.17192047651837583,ok,0,10,9,0.0
chb01,chb01_26.edf,584.0,588.0,1.0,0.175,65,0.48620003231413916,ok,0,12,9,0.0
chb01,chb01_26.edf,584.0,588.0,1.0,0.175,66,1.3756822323974554,ok,0,13,11,0.0
chb01,chb01_26.edf,584.0,588.0,1.0,0.175,67,1.0067830609804835,ok,0,9,8,0.0
chb01,chb01_26.edf,584.0,588.0,1.0,0.175,68,0.4749170925663271,ok,0,11,9,0.0
chb01,chb01_26.edf,584.0,588.0,1.0,0.175,69,1.0610836315798138,ok,0,8,5,0.0
chb01,chb01_26.edf,584.0,588.0,1.0,0.175,70,0.967657796849726,ok,0,11,10,0.0
chb01,chb01_26.edf,584.0,588.0,1.0,0.175,71,1.7937447317653397,ok,0,10,8,0.0
chb01,chb01_26.edf,584.0,588.0,1.0,0.175,72,0.1692486635019696,ok,0,6,5,0.0
chb01,chb01_26.edf,584.0,588.0,1.0,0.175,73,0.5987516059102022,ok,0,9,8,0.0
chb01,chb01_26.edf,584.0,588.0,1.0,0.175,74,0.6443582292066723,ok,0,11,10,0.0
chb01,chb01_26.edf,584.0,588.0,1.0,0.175,75,1.6701884111809937,ok,0,9,6,0.0
chb01,chb01_26.edf,584.0,588.0,1.0,0.175,76,0.21554187051388352,ok,0,13,12,0.0
chb01,chb01_26.edf,584.0,588.0,1.0,0.175,77,1.3301863919839045,ok,0,11,10,0.0
chb01,chb01_26.edf,584.0,588.0,1.0,0.175,78,2.0008167178077203,ok,0,11,10,0.0
chb01,chb01_26.edf,584.0,588.0,1.0,0.175,79,0.1609368397508929,ok,0,7,6,0.0
chb01,chb01_26.edf,584.0,588.0,1.0,0.175,80,0.8062744245221075,ok,0,11,9,0.0
chb01,chb01_26.edf,584.0,588.0,1.0,0.175,81,1.3218647883394035,ok,0,10,8,0.0
chb01,chb01_26.edf,584.0,588.0,1.0,0.35,62,0.8207228509784782,ok,0,12,11,0.0
chb01,chb01_26.edf,584.0,588.0,1.0,0.35,63,0.21488489744161204,ok,0,8,7,0.0
chb01,chb01_26.edf,584.0,588.0,1.0,0.35,64,0.17192047651837583,ok,0,10,9,0.0
chb01,chb01_26.edf,584.0,588.0,1.0,0.35,65,0.48620003231413916,ok,0,12,9,0.0
chb01,chb01_26.edf,584.0,588.0,1.0,0.35,66,1.4451262207602147,ok,0,12,10,0.0
chb01,chb01_26.edf,584.0,588.0,1.0,0.35,67,1.0346292392189875,ok,0,10,9,0.0
chb01,chb01_26.edf,584.0,588.0,1.0,0.35,68,0.49081149111016104,ok,0,11,9,0.0
chb01,chb01_26.edf,584.0,588.0,1.0,0.35,69,1.0610836315798138,ok,0,8,5,0.0
chb01,chb01_26.edf,584.0,588.0,1.0,0.35,70,1.0199535527511765,ok,0,11,9,0.0
chb01,chb01_26.edf,584.0,588.0,1.0,0.35,71,1.484481288734455,ok,0,12,10,0.0
chb01,chb01_26.edf,584.0,588.0,1.0,0.35,72,0.1692486635019696,ok,0,6,5,0.0
chb01,chb01_26.edf,584.0,588.0,1.0,0.35,73,0.5987516059102022,ok,0,9,8,0.0
chb01,chb01_26.edf,584.0,588.0,1.0,0.35,74,0.6443582292066723,ok,0,11,10,0.0
chb01,chb01_26.edf,584.0,588.0,1.0,0.35,75,1.6701884111809937,ok,0,9,6,0.0
chb01,chb01_26.edf,584.0,588.0,1.0,0.35,76,0.21554187051388352,ok,0,13,12,0.0
chb01,chb01_26.edf,584.0,588.0,1.0,0.35,77,1.3301863919839045,ok,0,11,10,0.0
chb01,chb01_26.edf,584.0,588.0,1.0,0.35,78,2.0008167178077203,ok,0,11,10,0.0
chb01,chb01_26.edf,584.0,588.0,1.0,0.35,79,0.1609368397508929,ok,0,7,6,0.0
chb01,chb01_26.edf,584.0,588.0,1.0,0.35,80,0.8047678194834891,ok,0,11,9,0.0
chb01,chb01_26.edf,584.0,588.0,1.0,0.35,81,1.3218647883394035,ok,0,10,8,0.0
chb01,chb01_26.edf,584.0,588.0,1.0,0.7,62,0.8207228509784782,ok,0,12,11,0.0
chb01,chb01_26.edf,584.0,588.0,1.0,0.7,63,0.21488489744161204,ok,0,8,7,0.0
chb01,chb01_26.edf,584.0,588.0,1.0,0.7,64,0.18153227362254462,ok,0,10,9,0.0
chb01,chb01_26.edf,584.0,588.0,1.0,0.7,65,0.48620003231413916,ok,0,12,9,0.0
chb01,chb01_26.edf,584.0,588.0,1.0,0.7,66,1.3507575925521211,ok,0,11,9,0.0
chb01,chb01_26.edf,584.0,588.0,1.0,0.7,67,1.0346292392189875,ok,0,10,9,0.0
chb01,chb01_26.edf,584.0,588.0,1.0,0.7,68,0.49081149111016104,ok,0,11,9,0.0
chb01,chb01_26.edf,584.0,588.0,1.0,0.7,69,0.7343603600437969,ok,0,9,7,0.0
chb01,chb01_26.edf,584.0,588.0,1.0,0.7,70,0.997924719631359,ok,0,12,10,0.0
chb01,chb01_26.edf,584.0,588.0,1.0,0.7,71,1.4247162010912315,ok,0,13,11,0.0
chb01,chb01_26.edf,584.0,588.0,1.0,0.7,72,0.9302618707344634,ok,0,8,7,0.0
chb01,chb01_26.edf,584.0,588.0,1.0,0.7,73,0.6703442379175445,ok,0,9,8,0.0
chb01,chb01_26.edf,584.0,588.0,1.0,0.7,74,0.6350740116464734,ok,0,11,10,0.0
chb01,chb01_26.edf,584.0,588.0,1.0,0.7,75,0.06293706293706293,ok,0,8,5,0.0
chb01,chb01_26.edf,584.0,588.0,1.0,0.7,76,0.22594646515366612,ok,0,12,11,0.0
chb01,chb01_26.edf,584.0,588.0,1.0,0.7,77,1.2276548460584915,ok,0,10,9,0.0
chb01,chb01_26.edf,584.0,588.0,1.0,0.7,78,1.9427439567377816,ok,0,10,9,0.0
chb01,chb01_26.edf,584.0,588.0,1.0,0.7,79,0.1609368397508929,ok,0,7,6,0.0
chb01,chb01_26.edf,584.0,588.0,1.0,0.7,80,0.8450534472357051,ok,0,11,9,0.0
chb01,chb01_26.edf,584.0,588.0,1.0,0.7,81,1.215686175817603,ok,0,9,7,0.0
chb01,chb01_26.edf,1744.0,1748.0,0.25,0.0,62,0.6171842911523988,ok,0,10,9,0.0
chb01,chb01_26.edf,1744.0,1748.0,0.25,0.0,63,2.043747370146671,ok,0,9,8,0.0
chb01,chb01_26.edf,1744.0,1748.0,0.25,0.0,64,0.8756532617719204,ok,0,9,8,0.0
chb01,chb01_26.edf,1744.0,1748.0,0.25,0.0,65,0.9667718123938864,ok,0,11,10,0.0
chb01,chb01_26.edf,1744.0,1748.0,0.25,0.0,66,0.3631787913269073,ok,0,11,9,0.0
chb01,chb01_26.edf,1744.0,1748.0,0.25,0.0,67,0.8092054221906116,ok,0,11,9,0.0
chb01,chb01_26.edf,1744.0,1748.0,0.25,0.0,68,0.9681035064574081,ok,0,9,8,0.0
chb01,chb01_26.edf,1744.0,1748.0,0.25,0.0,69,1.241548694349417,ok,0,10,8,0.0
chb01,chb01_26.edf,1744.0,1748.0,0.25,0.0,70,0.2793983295119334,ok,0,9,8,0.0
chb01,chb01_26.edf,1744.0,1748.0,0.25,0.0,71,1.5904417843670142,ok,0,12,11,0.0
chb01,chb01_26.edf,1744.0,1748.0,0.25,0.0,72,0.9990557900479503,ok,0,11,9,0.0
chb01,chb01_26.edf,1744.0,1748.0,0.25,0.0,73,0.4814093715175572,ok,0,8,7,0.0
chb01,chb01_26.edf,1744.0,1748.0,0.25,0.0,74,0.6162790697674418,ok,0,11,8,0.0
chb01,chb01_26.edf,1744.0,1748.0,0.25,0.0,75,0.35394981220923855,ok,0,12,11,0.0
chb01,chb01_26.edf,1744.0,1748.0,0.25,0.0,76,0.3909772130214703,ok,0,12,11,0.0
chb01,chb01_26.edf,1744.0,1748.0,0.25,0.0,77,0.9447730595988872,ok,0,6,4,0.0
chb01,chb01_26.edf,1744.0,1748.0,0.25,0.0,78,1.3483863463099397,ok,0,11,10,0.0
chb01,chb01_26.edf,1744.0,1748.0,0.25,0.0,79,0.1609368397508929,ok,0,7,6,0.0
chb01,chb01_26.edf,1744.0,1748.0,0.25,0.0,80,0.1797136108456547,ok,0,12,10,0.0
chb01,chb01_26.edf,1744.0,1748.0,0.25,0.0,81,1.4033891062507988,ok,0,10,7,0.0
chb01,chb01_26.edf,1744.0,1748.0,0.25,0.175,62,0.7877462884085299,ok,0,8,7,0.0
chb01,chb01_26.edf,1744.0,1748.0,0.25,0.175,63,2.0342364192287428,ok,0,9,8,0.0
chb01,chb01_26.edf,1744.0,1748.0,0.25,0.175,64,0.8754576693253315,ok,0,9,8,0.0
chb01,chb01_26.edf,1744.0,1748.0,0.25,0.175,65,0.9667718123938864,ok,0,11,10,0.0
chb01,chb01_26.edf,1744.0,1748.0,0.25,0.175,66,0.3428004452807938,ok,0,11,9,0.0
chb01,chb01_26.edf,1744.0,1748.0,0.25,0.175,67,0.7498904149614256,ok,0,10,9,0.0
chb01,chb01_26.edf,1744.0,1748.0,0.25,0.175,68,0.8821717639524773,ok,0,8,7,0.0
chb01,chb01_26.edf,1744.0,1748.0,0.25,0.175,69,1.268444223889321,ok,0,11,9,0.0
chb01,chb01_26.edf,1744.0,1748.0,0.25,0.175,70,0.2793983295119334,ok,0,9,8,0.0
chb01,chb01_26.edf,1744.0,1748.0,0.25,0.175,71,1.5904417843670142,ok,0,12,11,0.0
chb01,chb01_26.edf,1744.0,1748.0,0.25,0.175,72,1.0191071575166437,ok,0,10,8,0.0
chb01,chb01_26.edf,1744.0,1748.0,0.25,0.175,73,0.4856550944110317,ok,0,7,6,0.0
chb01,chb01_26.edf,1744.0,1748.0,0.25,0.175,74,0.360793174048842,ok,0,12,9,0.0
chb01,chb01_26.edf,1744.0,1748.0,0.25,0.175,75,0.5705259631531985,ok,0,9,8,0.0
chb01,chb01_26.edf,1744.0,1748.0,0.25,0.175,76,0.35675459385690833,ok,0,11,10,0.0
chb01,chb01_26.edf,1744.0,1748.0,0.25,0.175,77,0.8082721727422603,ok,0,5,3,0.0
chb01,chb01_26.edf,1744.0,1748.0,0.25,0.175,78,1.3475272288530968,ok,0,11,10,0.0
chb01,chb01_26.edf,1744.0,1748.0,0.25,0.175,79,0.1609368397508929,ok,0,7,6,0.0
chb01,chb01_26.edf,1744.0,1748.0,0.25,0.175,80,0.19385896888991763,ok,0,11,9,0.0
chb01,chb01_26.edf,1744.0,1748.0,0.25,0.175,81,1.4091010590296875,ok,0,11,8,0.0
chb01,chb01_26.edf,1744.0,1748.0,0.25,0.35,62,0.7873014216596345,ok,0,8,7,0.0
chb01,chb01_26.edf,1744.0,1748.0,0.25,0.35,63,2.0342364192287428,ok,0,9,8,0.0
chb01,chb01_26.edf,1744.0,1748.0,0.25,0.35,64,0.8983976308647997,ok,0,9,8,0.0
chb01,chb01_26.edf,1744.0,1748.0,0.25,0.35,65,0.9667718123938864,ok,0,11,10,0.0
chb01,chb01_26.edf,1744.0,1748.0,0.25,0.35,66,0.3428004452807938,ok,0,11,9,0.0
chb01,chb01_26.edf,1744.0,1748.0,0.25,0.35,67,0.6738599433992144,ok,0,11,10,0.0
chb01,chb01_26.edf,1744.0,1748.0,0.25,0.35,68,0.887810658802592,ok,0,8,7,0.0
chb01,chb01_26.edf,1744.0,1748.0,0.25,0.35,69,1.2365312939887048,ok,0,10,8,0.0
chb01,chb01_26.edf,1744.0,1748.0,0.25,0.35,70,0.22757873597035821,ok,0,9,8,0.0
chb01,chb01_26.edf,1744.0,1748.0,0.25,0.35,71,1.2816973666395255,ok,0,13,12,0.0
chb01,chb01_26.edf,1744.0,1748.0,0.25,0.35,72,1.0153301098497254,ok,0,10,8,0.0
chb01,chb01_26.edf,1744.0,1748.0,0.25,0.35,73,0.4856550944110317,ok,0,7,6,0.0
chb01,chb01_26.edf,1744.0,1748.0,0.25,0.35,74,0.3510708527423113,ok,0,12,9,0.0
chb01,chb01_26.edf,1744.0,1748.0,0.25,0.35,75,0.5705259631531985,ok,0,9,8,0.0
chb01,chb01_26.edf,1744.0,1748.0,0.25,0.35,76,0.35675459385690833,ok,0,11,10,0.0
chb01,chb01_26.edf,1744.0,1748.0,0.25,0.35,77,0.8082721727422603,ok,0,5,3,0.0
chb01,chb01_26.edf,1744.0,1748.0,0.25,0.35,78,1.3010646421373222,ok,0,11,9,0.0
chb01,chb01_26.edf,1744.0,1748.0,0.25,0.35,79,0.18103260203275687,ok,0,7,6,0.0
chb01,chb01_26.edf,1744.0,1748.0,0.25,0.35,80,0.19385896888991763,ok,0,11,9,0.0
chb01,chb01_26.edf,1744.0,1748.0,0.25,0.35,81,1.3556957639303253,ok,0,12,9,0.0
chb01,chb01_26.edf,1744.0,1748.0,0.25,0.7,62,0.5501181304548436,ok,0,10,9,0.0
chb01,chb01_26.edf,1744.0,1748.0,0.25,0.7,63,1.483834111337403,ok,0,10,9,0.0
chb01,chb01_26.edf,1744.0,1748.0,0.25,0.7,64,0.86101455778448,ok,0,12,11,0.0
chb01,chb01_26.edf,1744.0,1748.0,0.25,0.7,65,0.9298094740999439,ok,0,10,9,0.0
chb01,chb01_26.edf,1744.0,1748.0,0.25,0.7,66,0.1456820593595318,ok,0,12,10,0.0
chb01,chb01_26.edf,1744.0,1748.0,0.25,0.7,67,0.5525943617010043,ok,0,11,9,0.0
chb01,chb01_26.edf,1744.0,1748.0,0.25,0.7,68,0.6874419063995711,ok,0,8,7,0.0
chb01,chb01_26.edf,1744.0,1748.0,0.25,0.7,69,1.0407042683773153,ok,0,9,6,0.0
chb01,chb01_26.edf,1744.0,1748.0,0.25,0.7,70,0.3956420487155726,ok,0,11,10,0.0
chb01,chb01_26.edf,1744.0,1748.0,0.25,0.7,71,1.4121091003991368,ok,0,12,11,0.0
chb01,chb01_26.edf,1744.0,1748.0,0.25,0.7,72,0.9779952436398174,ok,0,10,8,0.0
chb01,chb01_26.edf,1744.0,1748.0,0.25,0.7,73,0.34960455236063676,ok,0,6,5,0.0
chb01,chb01_26.edf,1744.0,1748.0,0.25,0.7,74,0.3699666407747991,ok,0,11,8,0.0
chb01,chb01_26.edf,1744.0,1748.0,0.25,0.7,75,0.566920029312371,ok,0,9,8,0.0
chb01,chb01_26.edf,1744.0,1748.0,0.25,0.7,76,0.5595435663673587,ok,0,11,10,0.0
chb01,chb01_26.edf,1744.0,1748.0,0.25,0.7,77,0.4580997838008462,ok,0,6,4,0.0
chb01,chb01_26.edf,1744.0,1748.0,0.25,0.7,78,1.0901922116842595,ok,0,9,7,0.0
chb01,chb01_26.edf,1744.0,1748.0,0.25,0.7,79,1.6930391307948143,ok,0,9,8,0.0
chb01,chb01_26.edf,1744.0,1748.0,0.25,0.7,80,0.2075572958114411,ok,0,11,9,0.0
chb01,chb01_26.edf,1744.0,1748.0,0.25,0.7,81,1.1529973989142803,ok,0,10,8,0.0
chb01,chb01_26.edf,1744.0,1748.0,0.5,0.0,62,0.5712931377579745,ok,0,12,11,0.0
chb01,chb01_26.edf,1744.0,1748.0,0.5,0.0,63,0.16726057798219393,ok,0,8,7,0.0
chb01,chb01_26.edf,1744.0,1748.0,0.5,0.0,64,0.19637001542360058,ok,0,9,8,0.0
chb01,chb01_26.edf,1744.0,1748.0,0.5,0.0,65,0.546024803519956,ok,0,10,8,0.0
chb01,chb01_26.edf,1744.0,1748.0,0.5,0.0,66,0.3428004452807938,ok,0,11,9,0.0
chb01,chb01_26.edf,1744.0,1748.0,0.5,0.0,67,0.9454773281444654,ok,0,7,6,0.0
chb01,chb01_26.edf,1744.0,1748.0,0.5,0.0,68,1.2291207868644798,ok,0,12,11,0.0
chb01,chb01_26.edf,1744.0,1748.0,0.5,0.0,69,1.1682562182790923,ok,0,9,7,0.0
chb01,chb01_26.edf,1744.0,1748.0,0.5,0.0,70,0.5111811702061327,ok,0,14,13,0.0
chb01,chb01_26.edf,1744.0,1748.0,0.5,0.0,71,1.8179982256514546,ok,0,11,9,0.0
chb01,chb01_26.edf,1744.0,1748.0,0.5,0.0,72,0.18642507739616473,ok,0,6,5,0.0
chb01,chb01_26.edf,1744.0,1748.0,0.5,0.0,73,0.6286253346157429,ok,0,10,9,0.0
chb01,chb01_26.edf,1744.0,1748.0,0.5,0.0,74,0.6476197533905482,ok,0,9,7,0.0
chb01,chb01_26.edf,1744.0,1748.0,0.5,0.0,75,0.9626906857352386,ok,0,12,10,0.0
chb01,chb01_26.edf,1744.0,1748.0,0.5,0.0,76,0.48840569686484475,ok,0,10,9,0.0
chb01,chb01_26.edf,1744.0,1748.0,0.5,0.0,77,1.4397992123948258,ok,0,10,9,0.0
chb01,chb01_26.edf,1744.0,1748.0,0.5,0.0,78,0.8783739115481473,ok,0,10,9,0.0
chb01,chb01_26.edf,1744.0,1748.0,0.5,0.0,79,0.6660998123404629,ok,0,8,7,0.0
chb01,chb01_26.edf,1744.0,1748.0,0.5,0.0,80,0.48943288169382493,ok,0,10,8,0.0
chb01,chb01_26.edf,1744.0,1748.0,0.5,0.0,81,1.3487816138931745,ok,0,10,9,0.0
chb01,chb01_26.edf,1744.0,1748.0,0.5,0.175,62,0.5712931377579745,ok,0,12,11,0.0
chb01,chb01_26.edf,1744.0,1748.0,0.5,0.175,63,0.20011707021963143,ok,0,8,7,0.0
chb01,chb01_26.edf,1744.0,1748.0,0.5,0.175,64,0.19637001542360058,ok,0,9,8,0.0
chb01,chb01_26.edf,1744.0,1748.0,0.5,0.175,65,0.5518250131061467,ok,0,10,8,0.0
chb01,chb01_26.edf,1744.0,1748.0,0.5,0.175,66,0.3428004452807938,ok,0,11,9,0.0
chb01,chb01_26.edf,1744.0,1748.0,0.5,0.175,67,0.9454773281444654,ok,0,7,6,0.0
chb01,chb01_26.edf,1744.0,1748.0,0.5,0.175,68,1.2291207868644798,ok,0,12,11,0.0
chb01,chb01_26.edf,1744.0,1748.0,0.5,0.175,69,1.2209792946747262,ok,0,10,8,0.0
chb01,chb01_26.edf,1744.0,1748.0,0.5,0.175,70,0.5007056837946776,ok,0,14,13,0.0
chb01,chb01_26.edf,1744.0,1748.0,0.5,0.175,71,1.8814282450408817,ok,0,11,10,0.0
chb01,chb01_26.edf,1744.0,1748.0,0.5,0.175,72,0.18642507739616473,ok,0,6,5,0.0
chb01,chb01_26.edf,1744.0,1748.0,0.5,0.175,73,0.6804371095269275,ok,0,11,10,0.0
chb01,chb01_26.edf,1744.0,1748.0,0.5,0.175,74,0.655280757217913,ok,0,10,8,0.0
chb01,chb01_26.edf,1744.0,1748.0,0.5,0.175,75,0.8020740007320464,ok,0,12,11,0.0
chb01,chb01_26.edf,1744.0,1748.0,0.5,0.175,76,0.27599152120261494,ok,0,10,9,0.0
chb01,chb01_26.edf,1744.0,1748.0,0.5,0.175,77,1.4397992123948258,ok,0,10,9,0.0
chb01,chb01_26.edf,1744.0,1748.0,0.5,0.175,78,0.8783739115481473,ok,0,10,9,0.0
chb01,chb01_26.edf,1744.0,1748.0,0.5,0.175,79,0.1609368397508929,ok,0,7,6,0.0
chb01,chb01_26.edf,1744.0,1748.0,0.5,0.175,80,0.5498073528135942,ok,0,10,8,0.0
chb01,chb01_26.edf,1744.0,1748.0,0.5,0.175,81,1.3487816138931745,ok,0,10,9,0.0
chb01,chb01_26.edf,1744.0,1748.0,0.5,0.35,62,0.5294834872571414,ok,0,12,10,0.0
chb01,chb01_26.edf,1744.0,1748.0,0.5,0.35,63,2.006583459995619,ok,0,9,8,0.0
chb01,chb01_26.edf,1744.0,1748.0,0.5,0.35,64,0.19637001542360058,ok,0,9,8,0.0
chb01,chb01_26.edf,1744.0,1748.0,0.5,0.35,65,1.0220510895881185,ok,0,11,9,0.0
chb01,chb01_26.edf,1744.0,1748.0,0.5,0.35,66,0.3428004452807938,ok,0,11,9,0.0
chb01,chb01_26.edf,1744.0,1748.0,0.5,0.35,67,0.9220659889498258,ok,0,7,6,0.0
chb01,chb01_26.edf,1744.0,1748.0,0.5,0.35,68,1.2291207868644798,ok,0,12,11,0.0
chb01,chb01_26.edf,1744.0,1748.0,0.5,0.35,69,1.2304566826077286,ok,0,10,8,0.0
chb01,chb01_26.edf,1744.0,1748.0,0.5,0.35,70,0.5007056837946776,ok,0,14,13,0.0
chb01,chb01_26.edf,1744.0,1748.0,0.5,0.35,71,1.8814282450408817,ok,0,11,10,0.0
chb01,chb01_26.edf,1744.0,1748.0,0.5,0.35,72,1.113586324673465,ok,0,7,6,0.0
chb01,chb01_26.edf,1744.0,1748.0,0.5,0.35,73,0.6803952529590422,ok,0,11,10,0.0
chb01,chb01_26.edf,1744.0,1748.0,0.5,0.35,74,0.6438873094192759,ok,0,10,8,0.0
chb01,chb01_26.edf,1744.0,1748.0,0.5,0.35,75,0.730310157206119,ok,0,11,10,0.0
chb01,chb01_26.edf,1744.0,1748.0,0.5,0.35,76,0.19699438296969954,ok,0,10,9,0.0
chb01,chb01_26.edf,1744.0,1748.0,0.5,0.35,77,1.4397992123948258,ok,0,10,9,0.0
chb01,chb01_26.edf,1744.0,1748.0,0.5,0.35,78,0.8112942187855049,ok,0,9,8,0.0
chb01,chb01_26.edf,1744.0,1748.0,0.5,0.35,79,0.1609368397508929,ok,0,7,6,0.0
chb01,chb01_26.edf,1744.0,1748.0,0.5,0.35,80,0.6401177955486069,ok,0,11,9,0.0
chb01,chb01_26.edf,1744.0,1748.0,0.5,0.35,81,1.3424085005302422,ok,0,10,9,0.0
chb01,chb01_26.edf,1744.0,1748.0,0.5,0.7,62,0.5098577151818459,ok,0,13,10,0.0
chb01,chb01_26.edf,1744.0,1748.0,0.5,0.7,63,2.0881689918044755,ok,0,10,9,0.0
chb01,chb01_26.edf,1744.0,1748.0,0.5,0.7,64,0.6574590076036977,ok,0,9,8,0.0
chb01,chb01_26.edf,1744.0,1748.0,0.5,0.7,65,0.9984154721741337,ok,0,13,11,0.0
chb01,chb01_26.edf,1744.0,1748.0,0.5,0.7,66,0.3375933909545367,ok,0,11,9,0.0
chb01,chb01_26.edf,1744.0,1748.0,0.5,0.7,67,0.9472211018091694,ok,0,7,6,0.0
chb01,chb01_26.edf,1744.0,1748.0,0.5,0.7,68,1.2355240639595184,ok,0,11,10,0.0
chb01,chb01_26.edf,1744.0,1748.0,0.5,0.7,69,1.2394629605327008,ok,0,10,8,0.0
chb01,chb01_26.edf,1744.0,1748.0,0.5,0.7,70,0.42144988696401703,ok,0,15,14,0.0
chb01,chb01_26.edf,1744.0,1748.0,0.5,0.7,71,1.422691614250341,ok,0,11,10,0.0
chb01,chb01_26.edf,1744.0,1748.0,0.5,0.7,72,1.17255895703332,ok,0,8,7,0.0
chb01,chb01_26.edf,1744.0,1748.0,0.5,0.7,73,0.4708032184108352,ok,0,10,9,0.0
chb01,chb01_26.edf,1744.0,1748.0,0.5,0.7,74,0.4781859001756472,ok,0,12,10,0.0
chb01,chb01_26.edf,1744.0,1748.0,0.5,0.7,75,0.7841306463472715,ok,0,9,8,0.0
chb01,chb01_26.edf,1744.0,1748.0,0.5,0.7,76,0.07519920801688941,ok,0,9,8,0.0
chb01,chb01_26.edf,1744.0,1748.0,0.5,0.7,77,1.2738014913376523,ok,0,10,8,0.0
chb01,chb01_26.edf,1744.0,1748.0,0.5,0.7,78,0.840019305447444,ok,0,9,7,0.0
chb01,chb01_26.edf,1744.0,1748.0,0.5,0.7,79,0.18103260203275687,ok,0,7,6,0.0
chb01,chb01_26.edf,1744.0,1748.0,0.5,0.7,80,0.5702648702453552,ok,0,11,9,0.0
chb01,chb01_26.edf,1744.0,1748.0,0.5,0.7,81,1.3641366236212056,ok,0,10,8,0.0
chb01,chb01_26.edf,1744.0,1748.0,1.0,0.0,62,0.7743914046997703,ok,0,11,10,0.0
chb01,chb01_26.edf,1744.0,1748.0,1.0,0.0,63,0.21488489744161204,ok,0,8,7,0.0
chb01,chb01_26.edf,1744.0,1748.0,1.0,0.0,64,0.17192047651837583,ok,0,10,9,0.0
chb01,chb01_26.edf,1744.0,1748.0,1.0,0.0,65,0.48620003231413916,ok,0,12,9,0.0
chb01,chb01_26.edf,1744.0,1748.0,1.0,0.0,66,1.3756822323974554,ok,0,13,11,0.0
chb01,chb01_26.edf,1744.0,1748.0,1.0,0.0,67,1.0067830609804835,ok,0,9,8,0.0
chb01,chb01_26.edf,1744.0,1748.0,1.0,0.0,68,1.5176810316646947,ok,0,13,11,0.0
chb01,chb01_26.edf,1744.0,1748.0,1.0,0.0,69,1.0610836315798138,ok,0,8,5,0.0
chb01,chb01_26.edf,1744.0,1748.0,1.0,0.0,70,0.981919803246944,ok,0,12,11,0.0
chb01,chb01_26.edf,1744.0,1748.0,1.0,0.0,71,1.7937447317653397,ok,0,10,8,0.0
chb01,chb01_26.edf,1744.0,1748.0,1.0,0.0,72,0.18642507739616473,ok,0,6,5,0.0
chb01,chb01_26.edf,1744.0,1748.0,1.0,0.0,73,0.5987516059102022,ok,0,9,8,0.0
chb01,chb01_26.edf,1744.0,1748.0,1.0,0.0,74,0.6443582292066723,ok,0,11,10,0.0
chb01,chb01_26.edf,1744.0,1748.0,1.0,0.0,75,1.65888681246551,ok,0,10,7,0.0
chb01,chb01_26.edf,1744.0,1748.0,1.0,0.0,76,0.22553402254439306,ok,0,12,11,0.0
chb01,chb01_26.edf,1744.0,1748.0,1.0,0.0,77,1.261454559020981,ok,0,10,9,0.0
chb01,chb01_26.edf,1744.0,1748.0,1.0,0.0,78,1.9856992051961986,ok,0,12,11,0.0
chb01,chb01_26.edf,1744.0,1748.0,1.0,0.0,79,0.1609368397508929,ok,0,7,6,0.0
chb01,chb01_26.edf,1744.0,1748.0,1.0,0.0,80,0.8375512923759941,ok,0,11,9,0.0
chb01,chb01_26.edf,1744.0,1748.0,1.0,0.0,81,1.3218647883394035,ok,0,10,8,0.0
chb01,chb01_26.edf,1744.0,1748.0,1.0,0.175,62,0.7796306885747217,ok,0,12,10,0.0
chb01,chb01_26.edf,1744.0,1748.0,1.0,0.175,63,0.16726057798219393,ok,0,8,7,0.0
chb01,chb01_26.edf,1744.0,1748.0,1.0,0.175,64,0.17192047651837583,ok,0,10,9,0.0
chb01,chb01_26.edf,1744.0,1748.0,1.0,0.175,65,0.48620003231413916,ok,0,12,9,0.0
chb01,chb01_26.edf,1744.0,1748.0,1.0,0.175,66,1.3756822323974554,ok,0,13,11,0.0
chb01,chb01_26.edf,1744.0,1748.0,1.0,0.175,67,1.0067830609804835,ok,0,9,8,0.0
chb01,chb01_26.edf,1744.0,1748.0,1.0,0.175,68,1.5176810316646947,ok,0,13,11,0.0
chb01,chb01_26.edf,1744.0,1748.0,1.0,0.175,69,1.0610836315798138,ok,0,8,5,0.0
chb01,chb01_26.edf,1744.0,1748.0,1.0,0.175,70,1.0713161689866328,ok,0,12,9,0.0
chb01,chb01_26.edf,1744.0,1748.0,1.0,0.175,71,1.7937447317653397,ok,0,10,8,0.0
chb01,chb01_26.edf,1744.0,1748.0,1.0,0.175,72,0.18642507739616473,ok,0,6,5,0.0
chb01,chb01_26.edf,1744.0,1748.0,1.0,0.175,73,0.6459001231076539,ok,0,9,8,0.0
chb01,chb01_26.edf,1744.0,1748.0,1.0,0.175,74,0.6459406006850896,ok,0,11,10,0.0
chb01,chb01_26.edf,1744.0,1748.0,1.0,0.175,75,1.5723762842569506,ok,0,9,7,0.0
chb01,chb01_26.edf,1744.0,1748.0,1.0,0.175,76,0.22553402254439306,ok,0,12,11,0.0
chb01,chb01_26.edf,1744.0,1748.0,1.0,0.175,77,1.261454559020981,ok,0,10,9,0.0
chb01,chb01_26.edf,1744.0,1748.0,1.0,0.175,78,1.9856992051961986,ok,0,12,11,0.0
chb01,chb01_26.edf,1744.0,1748.0,1.0,0.175,79,0.1609368397508929,ok,0,7,6,0.0
chb01,chb01_26.edf,1744.0,1748.0,1.0,0.175,80,0.8405036655543509,ok,0,11,9,0.0
chb01,chb01_26.edf,1744.0,1748.0,1.0,0.175,81,1.3218647883394035,ok,0,10,8,0.0
chb01,chb01_26.edf,1744.0,1748.0,1.0,0.35,62,0.7769150614130934,ok,0,12,10,0.0
chb01,chb01_26.edf,1744.0,1748.0,1.0,0.35,63,0.14655956456718455,ok,0,8,7,0.0
chb01,chb01_26.edf,1744.0,1748.0,1.0,0.35,64,0.17599259780918877,ok,0,10,8,0.0
chb01,chb01_26.edf,1744.0,1748.0,1.0,0.35,65,0.48620003231413916,ok,0,12,9,0.0
chb01,chb01_26.edf,1744.0,1748.0,1.0,0.35,66,1.3756822323974554,ok,0,13,11,0.0
chb01,chb01_26.edf,1744.0,1748.0,1.0,0.35,67,1.0067830609804835,ok,0,9,8,0.0
chb01,chb01_26.edf,1744.0,1748.0,1.0,0.35,68,1.4668332538640976,ok,0,12,10,0.0
chb01,chb01_26.edf,1744.0,1748.0,1.0,0.35,69,1.062607072954729,ok,0,9,6,0.0
chb01,chb01_26.edf,1744.0,1748.0,1.0,0.35,70,1.0713161689866328,ok,0,12,9,0.0
chb01,chb01_26.edf,1744.0,1748.0,1.0,0.35,71,1.7937447317653397,ok,0,10,8,0.0
chb01,chb01_26.edf,1744.0,1748.0,1.0,0.35,72,0.18642507739616473,ok,0,6,5,0.0
chb01,chb01_26.edf,1744.0,1748.0,1.0,0.35,73,0.6459001231076539,ok,0,9,8,0.0
chb01,chb01_26.edf,1744.0,1748.0,1.0,0.35,74,0.554412764158997,ok,0,12,10,0.0
chb01,chb01_26.edf,1744.0,1748.0,1.0,0.35,75,1.5723762842569506,ok,0,9,7,0.0
chb01,chb01_26.edf,1744.0,1748.0,1.0,0.35,76,0.23151137431097046,ok,0,12,11,0.0
chb01,chb01_26.edf,1744.0,1748.0,1.0,0.35,77,1.261454559020981,ok,0,10,9,0.0
chb01,chb01_26.edf,1744.0,1748.0,1.0,0.35,78,1.9858068615153706,ok,0,12,11,0.0
chb01,chb01_26.edf,1744.0,1748.0,1.0,0.35,79,0.1609368397508929,ok,0,7,6,0.0
chb01,chb01_26.edf,1744.0,1748.0,1.0,0.35,80,0.83885612543029,ok,0,11,9,0.0
chb01,chb01_26.edf,1744.0,1748.0,1.0,0.35,81,1.215686175817603,ok,0,9,7,0.0
chb01,chb01_26.edf,1744.0,1748.0,1.0,0.7,62,0.7662759187929592,ok,0,13,11,0.0
chb01,chb01_26.edf,1744.0,1748.0,1.0,0.7,63,2.006583459995619,ok,0,9,8,0.0
chb01,chb01_26.edf,1744.0,1748.0,1.0,0.7,64,0.31944672308821837,ok,0,9,8,0.0
chb01,chb01_26.edf,1744.0,1748.0,1.0,0.7,65,0.48620003231413916,ok,0,12,9,0.0
chb01,chb01_26.edf,1744.0,1748.0,1.0,0.7,66,1.405290535280621,ok,0,12,10,0.0
chb01,chb01_26.edf,1744.0,1748.0,1.0,0.7,67,1.0067830609804835,ok,0,9,8,0.0
chb01,chb01_26.edf,1744.0,1748.0,1.0,0.7,68,1.381360370326056,ok,0,11,9,0.0
chb01,chb01_26.edf,1744.0,1748.0,1.0,0.7,69,1.1519609358363145,ok,0,10,7,0.0
chb01,chb01_26.edf,1744.0,1748.0,1.0,0.7,70,0.9818037668898818,ok,0,11,8,0.0
chb01,chb01_26.edf,1744.0,1748.0,1.0,0.7,71,1.3634421143781723,ok,0,11,9,0.0
chb01,chb01_26.edf,1744.0,1748.0,1.0,0.7,72,1.113586324673465,ok,0,7,6,0.0
chb01,chb01_26.edf,1744.0,1748.0,1.0,0.7,73,0.7085774224602596,ok,0,10,9,0.0
chb01,chb01_26.edf,1744.0,1748.0,1.0,0.7,74,0.5545067497199474,ok,0,12,10,0.0
chb01,chb01_26.edf,1744.0,1748.0,1.0,0.7,75,1.577872887193188,ok,0,10,8,0.0
chb01,chb01_26.edf,1744.0,1748.0,1.0,0.7,76,0.23905815888579235,ok,0,10,9,0.0
chb01,chb01_26.edf,1744.0,1748.0,1.0,0.7,77,1.261454559020981,ok,0,10,9,0.0
chb01,chb01_26.edf,1744.0,1748.0,1.0,0.7,78,1.9858068615153706,ok,0,12,11,0.0
chb01,chb01_26.edf,1744.0,1748.0,1.0,0.7,79,0.18103260203275687,ok,0,7,6,0.0
chb01,chb01_26.edf,1744.0,1748.0,1.0,0.7,80,0.7479301518882523,ok,0,10,8,0.0
chb01,chb01_26.edf,1744.0,1748.0,1.0,0.7,81,1.265628967829086,ok,0,10,9,0.0
chb02,chb02_01.edf,904.0,908.0,0.25,0.0,62,0.6171842911523988,ok,0,10,9,0.0
chb02,chb02_01.edf,904.0,908.0,0.25,0.0,63,2.043747370146671,ok,0,9,8,0.0
chb02,chb02_01.edf,904.0,908.0,0.25,0.0,64,0.8756532617719204,ok,0,9,8,0.0
chb02,chb02_01.edf,904.0,908.0,0.25,0.0,65,0.9667718123938864,ok,0,11,10,0.0
chb02,chb02_01.edf,904.0,908.0,0.25,0.0,66,0.3631787913269073,ok,0,11,9,0.0
chb02,chb02_01.edf,904.0,908.0,0.25,0.0,67,0.8092054221906116,ok,0,11,9,0.0
chb02,chb02_01.edf,904.0,908.0,0.25,0.0,68,0.9681035064574081,ok,0,9,8,0.0
chb02,chb02_01.edf,904.0,908.0,0.25,0.0,69,1.241548694349417,ok,0,10,8,0.0
chb02,chb02_01.edf,904.0,908.0,0.25,0.0,70,0.2793983295119334,ok,0,9,8,0.0
chb02,chb02_01.edf,904.0,908.0,0.25,0.0,71,1.5904417843670142,ok,0,12,11,0.0
chb02,chb02_01.edf,904.0,908.0,0.25,0.0,72,0.9990557900479503,ok,0,11,9,0.0
chb02,chb02_01.edf,904.0,908.0,0.25,0.0,73,0.4814093715175572,ok,0,8,7,0.0
chb02,chb02_01.edf,904.0,908.0,0.25,0.0,74,0.6162790697674418,ok,0,11,8,0.0
chb02,chb02_01.edf,904.0,908.0,0.25,0.0,75,0.35394981220923855,ok,0,12,11,0.0
chb02,chb02_01.edf,904.0,908.0,0.25,0.0,76,0.3909772130214703,ok,0,12,11,0.0
chb02,chb02_01.edf,904.0,908.0,0.25,0.0,77,0.9447730595988872,ok,0,6,4,0.0
chb02,chb02_01.edf,904.0,908.0,0.25,0.0,78,1.3483863463099397,ok,0,11,10,0.0
chb02,chb02_01.edf,904.0,908.0,0.25,0.0,79,0.1609368397508929,ok,0,7,6,0.0
chb02,chb02_01.edf,904.0,908.0,0.25,0.0,80,0.1797136108456547,ok,0,12,10,0.0
chb02,chb02_01.edf,904.0,908.0,0.25,0.0,81,1.4033891062507988,ok,0,10,7,0.0
chb02,chb02_01.edf,904.0,908.0,0.25,0.175,62,0.5479670344796027,ok,0,9,8,0.0
chb02,chb02_01.edf,904.0,908.0,0.25,0.175,63,2.1031858551921165,ok,0,10,9,0.0
chb02,chb02_01.edf,904.0,908.0,0.25,0.175,64,0.8756532617719204,ok,0,9,8,0.0
chb02,chb02_01.edf,904.0,908.0,0.25,0.175,65,0.9414616009623639,ok,0,11,9,0.0
chb02,chb02_01.edf,904.0,908.0,0.25,0.175,66,0.3631787913269073,ok,0,11,9,0.0
chb02,chb02_01.edf,904.0,908.0,0.25,0.175,67,0.31969846210283515,ok,0,10,8,0.0
chb02,chb02_01.edf,904.0,908.0,0.25,0.175,68,1.1245613812384856,ok,0,9,8,0.0
chb02,chb02_01.edf,904.0,908.0,0.25,0.175,69,1.241548694349417,ok,0,10,8,0.0
chb02,chb02_01.edf,904.0,908.0,0.25,0.175,70,0.2793983295119334,ok,0,9,8,0.0
chb02,chb02_01.edf,904.0,908.0,0.25,0.175,71,1.5904417843670142,ok,0,12,11,0.0
chb02,chb02_01.edf,904.0,908.0,0.25,0.175,72,1.0189295409461563,ok,0,10,8,0.0
chb02,chb02_01.edf,904.0,908.0,0.25,0.175,73,0.5227463513894565,ok,0,8,7,0.0
chb02,chb02_01.edf,904.0,908.0,0.25,0.175,74,0.5676782562522674,ok,0,12,9,0.0
chb02,chb02_01.edf,904.0,908.0,0.25,0.175,75,0.39215394067812964,ok,0,12,11,0.0
chb02,chb02_01.edf,904.0,908.0,0.25,0.175,76,0.3909772130214703,ok,0,12,11,0.0
chb02,chb02_01.edf,904.0,908.0,0.25,0.175,77,0.9447730595988872,ok,0,6,4,0.0
chb02,chb02_01.edf,904.0,908.0,0.25,0.175,78,1.3019074560201331,ok,0,11,9,0.0
chb02,chb02_01.edf,904.0,908.0,0.25,0.175,79,0.1609368397508929,ok,0,7,6,0.0
chb02,chb02_01.edf,904.0,908.0,0.25,0.175,80,0.20805602846257226,ok,0,12,9,0.0
chb02,chb02_01.edf,904.0,908.0,0.25,0.175,81,1.3220590228671696,ok,0,10,8,0.0
chb02,chb02_01.edf,904.0,908.0,0.25,0.35,62,0.6577601667559823,ok,0,10,9,0.0
chb02,chb02_01.edf,904.0,908.0,0.25,0.35,63,2.0065244739168464,ok,0,9,8,0.0
chb02,chb02_01.edf,904.0,908.0,0.25,0.35,64,0.8763414757819065,ok,0,9,8,0.0
chb02,chb02_01.edf,904.0,908.0,0.25,0.35,65,0.9466500239393751,ok,0,10,8,0.0
chb02,chb02_01.edf,904.0,908.0,0.25,0.35,66,0.36581014159579417,ok,0,11,9,0.0
chb02,chb02_01.edf,904.0,908.0,0.25,0.35,67,0.31969846210283515,ok,0,10,8,0.0
chb02,chb02_01.edf,904.0,908.0,0.25,0.35,68,1.0594964519057497,ok,0,9,8,0.0
chb02,chb02_01.edf,904.0,908.0,0.25,0.35,69,1.2744508647722061,ok,0,11,9,0.0
chb02,chb02_01.edf,904.0,908.0,0.25,0.35,70,0.2793983295119334,ok,0,9,8,0.0
chb02,chb02_01.edf,904.0,908.0,0.25,0.35,71,1.3294856001593505,ok,0,12,10,0.0
chb02,chb02_01.edf,904.0,908.0,0.25,0.35,72,1.0153301098497254,ok,0,10,8,0.0
chb02,chb02_01.edf,904.0,908.0,0.25,0.35,73,0.5224302975427044,ok,0,9,8,0.0
chb02,chb02_01.edf,904.0,908.0,0.25,0.35,74,0.5676782562522674,ok,0,12,9,0.0
chb02,chb02_01.edf,904.0,908.0,0.25,0.35,75,0.39215394067812964,ok,0,12,11,0.0
chb02,chb02_01.edf,904.0,908.0,0.25,0.35,76,0.6141251545787507,ok,0,11,10,0.0
chb02,chb02_01.edf,904.0,908.0,0.25,0.35,77,0.5526000164907082,ok,0,7,5,0.0
chb02,chb02_01.edf,904.0,908.0,0.25,0.35,78,1.2044233795851647,ok,0,10,8,0.0
chb02,chb02_01.edf,904.0,908.0,0.25,0.35,79,0.1609368397508929,ok,0,7,6,0.0
chb02,chb02_01.edf,904.0,908.0,0.25,0.35,80,0.20805602846257226,ok,0,12,9,0.0
chb02,chb02_01.edf,904.0,908.0,0.25,0.35,81,1.3220590228671696,ok,0,10,8,0.0
chb02,chb02_01.edf,904.0,908.0,0.25,0.7,62,0.7253154417706403,ok,0,11,10,0.0
chb02,chb02_01.edf,904.0,908.0,0.25,0.7,63,0.150345818044073,ok,0,8,7,0.0
chb02,chb02_01.edf,904.0,908.0,0.25,0.7,64,0.8976846311706711,ok,0,8,6,0.0
chb02,chb02_01.edf,904.0,908.0,0.25,0.7,65,0.8619671930800191,ok,0,9,7,0.0
chb02,chb02_01.edf,904.0,908.0,0.25,0.7,66,0.36581014159579417,ok,0,11,9,0.0
chb02,chb02_01.edf,904.0,908.0,0.25,0.7,67,0.3979997492785449,ok,0,10,8,0.0
chb02,chb02_01.edf,904.0,908.0,0.25,0.7,68,1.057047883555584,ok,0,9,8,0.0
chb02,chb02_01.edf,904.0,908.0,0.25,0.7,69,0.871510835007959,ok,0,12,9,0.0
chb02,chb02_01.edf,904.0,908.0,0.25,0.7,70,0.2649276888824999,ok,0,9,8,0.0
chb02,chb02_01.edf,904.0,908.0,0.25,0.7,71,1.4655354502638256,ok,0,15,13,0.0
chb02,chb02_01.edf,904.0,908.0,0.25,0.7,72,0.9692196914576022,ok,0,7,6,0.0
chb02,chb02_01.edf,904.0,908.0,0.25,0.7,73,0.5072489187470096,ok,0,10,9,0.0
chb02,chb02_01.edf,904.0,908.0,0.25,0.7,74,0.5630711188788292,ok,0,12,9,0.0
chb02,chb02_01.edf,904.0,908.0,0.25,0.7,75,0.41893966735645244,ok,0,11,10,0.0
chb02,chb02_01.edf,904.0,908.0,0.25,0.7,76,1.119475072022025,ok,0,10,8,0.0
chb02,chb02_01.edf,904.0,908.0,0.25,0.7,77,0.47862947701624203,ok,0,6,4,0.0
chb02,chb02_01.edf,904.0,908.0,0.25,0.7,78,1.1366850660738383,ok,0,10,9,0.0
chb02,chb02_01.edf,904.0,908.0,0.25,0.7,79,0.1878077787684282,ok,0,7,6,0.0
chb02,chb02_01.edf,904.0,908.0,0.25,0.7,80,0.2269108247661984,ok,0,11,9,0.0
chb02,chb02_01.edf,904.0,908.0,0.25,0.7,81,1.29397317936259,ok,0,9,7,0.0
chb02,chb02_01.edf,904.0,908.0,0.5,0.0,62,0.5712931377579745,ok,0,12,11,0.0
chb02,chb02_01.edf,904.0,908.0,0.5,0.0,63,0.16726057798219393,ok,0,8,7,0.0
chb02,chb02_01.edf,904.0,908.0,0.5,0.0,64,0.19637001542360058,ok,0,9,8,0.0
chb02,chb02_01.edf,904.0,908.0,0.5,0.0,65,0.546024803519956,ok,0,10,8,0.0
chb02,chb02_01.edf,904.0,908.0,0.5,0.0,66,0.3428004452807938,ok,0,11,9,0.0
chb02,chb02_01.edf,904.0,908.0,0.5,0.0,67,0.9454773281444654,ok,0,7,6,0.0
chb02,chb02_01.edf,904.0,908.0,0.5,0.0,68,1.2291207868644798,ok,0,12,11,0.0
chb02,chb02_01.edf,904.0,908.0,0.5,0.0,69,1.1682562182790923,ok,0,9,7,0.0
chb02,chb02_01.edf,904.0,908.0,0.5,0.0,70,0.5111811702061327,ok,0,14,13,0.0
chb02,chb02_01.edf,904.0,908.0,0.5,0.0,71,1.8179982256514546,ok,0,11,9,0.0
chb02,chb02_01.edf,904.0,908.0,0.5,0.0,72,0.18642507739616473,ok,0,6,5,0.0
chb02,chb02_01.edf,904.0,908.0,0.5,0.0,73,0.6286253346157429,ok,0,10,9,0.0
chb02,chb02_01.edf,904.0,908.0,0.5,0.0,74,0.6476197533905482,ok,0,9,7,0.0
chb02,chb02_01.edf,904.0,908.0,0.5,0.0,75,0.9626906857352386,ok,0,12,10,0.0
chb02,chb02_01.edf,904.0,908.0,0.5,0.0,76,0.48840569686484475,ok,0,10,9,0.0
chb02,chb02_01.edf,904.0,908.0,0.5,0.0,77,1.4397992123948258,ok,0,10,9,0.0
chb02,chb02_01.edf,904.0,908.0,0.5,0.0,78,0.8783739115481473,ok,0,10,9,0.0
chb02,chb02_01.edf,904.0,908.0,0.5,0.0,79,0.6660998123404629,ok,0,8,7,0.0
chb02,chb02_01.edf,904.0,908.0,0.5,0.0,80,0.48943288169382493,ok,0,10,8,0.0
chb02,chb02_01.edf,904.0,908.0,0.5,0.0,81,1.3487816138931745,ok,0,10,9,0.0
chb02,chb02_01.edf,904.0,908.0,0.5,0.175,62,0.5712931377579745,ok,0,12,11,0.0
chb02,chb02_01.edf,904.0,908.0,0.5,0.175,63,0.14655956456718455,ok,0,8,7,0.0
chb02,chb02_01.edf,904.0,908.0,0.5,0.175,64,0.32911106008116,ok,0,10,9,0.0
chb02,chb02_01.edf,904.0,908.0,0.5,0.175,65,0.5518250131061467,ok,0,10,8,0.0
chb02,chb02_01.edf,904.0,908.0,0.5,0.175,66,0.3428004452807938,ok,0,11,9,0.0
chb02,chb02_01.edf,904.0,908.0,0.5,0.175,67,0.9454773281444654,ok,0,7,6,0.0
chb02,chb02_01.edf,904.0,908.0,0.5,0.175,68,1.341276321721398,ok,0,11,10,0.0
chb02,chb02_01.edf,904.0,908.0,0.5,0.175,69,1.1682562182790923,ok,0,9,7,0.0
chb02,chb02_01.edf,904.0,908.0,0.5,0.175,70,0.5111811702061327,ok,0,14,13,0.0
chb02,chb02_01.edf,904.0,908.0,0.5,0.175,71,1.8179982256514546,ok,0,11,9,0.0
chb02,chb02_01.edf,904.0,908.0,0.5,0.175,72,0.18642507739616473,ok,0,6,5,0.0
chb02,chb02_01.edf,904.0,908.0,0.5,0.175,73,0.6775206617240627,ok,0,10,9,0.0
chb02,chb02_01.edf,904.0,908.0,0.5,0.175,74,0.655280757217913,ok,0,10,8,0.0
chb02,chb02_01.edf,904.0,908.0,0.5,0.175,75,0.9626906857352386,ok,0,12,10,0.0
chb02,chb02_01.edf,904.0,908.0,0.5,0.175,76,0.48840569686484475,ok,0,10,9,0.0
chb02,chb02_01.edf,904.0,908.0,0.5,0.175,77,1.4880482375000512,ok,0,9,8,0.0
chb02,chb02_01.edf,904.0,908.0,0.5,0.175,78,0.8340545397213711,ok,0,10,8,0.0
chb02,chb02_01.edf,904.0,908.0,0.5,0.175,79,0.6660998123404629,ok,0,8,7,0.0
chb02,chb02_01.edf,904.0,908.0,0.5,0.175,80,0.9244954663863411,ok,0,10,8,0.0
chb02,chb02_01.edf,904.0,908.0,0.5,0.175,81,1.3487816138931745,ok,0,10,9,0.0
chb02,chb02_01.edf,904.0,908.0,0.5,0.35,62,0.5712931377579745,ok,0,12,11,0.0
chb02,chb02_01.edf,904.0,908.0,0.5,0.35,63,0.18340923172237467,ok,0,8,7,0.0
chb02,chb02_01.edf,904.0,908.0,0.5,0.35,64,0.32911106008116,ok,0,10,9,0.0
chb02,chb02_01.edf,904.0,908.0,0.5,0.35,65,0.5474024512937127,ok,0,10,7,0.0
chb02,chb02_01.edf,904.0,908.0,0.5,0.35,66,0.3428004452807938,ok,0,11,9,0.0
chb02,chb02_01.edf,904.0,908.0,0.5,0.35,67,0.9454773281444654,ok,0,7,6,0.0
chb02,chb02_01.edf,904.0,908.0,0.5,0.35,68,1.3290633537439611,ok,0,12,11,0.0
chb02,chb02_01.edf,904.0,908.0,0.5,0.35,69,1.1682562182790923,ok,0,9,7,0.0
chb02,chb02_01.edf,904.0,908.0,0.5,0.35,70,0.5111811702061327,ok,0,14,13,0.0
chb02,chb02_01.edf,904.0,908.0,0.5,0.35,71,1.5539808857919553,ok,0,11,9,0.0
chb02,chb02_01.edf,904.0,908.0,0.5,0.35,72,0.1692486635019696,ok,0,6,5,0.0
chb02,chb02_01.edf,904.0,908.0,0.5,0.35,73,0.594869738347734,ok,0,9,8,0.0
chb02,chb02_01.edf,904.0,908.0,0.5,0.35,74,0.655280757217913,ok,0,10,8,0.0
chb02,chb02_01.edf,904.0,908.0,0.5,0.35,75,0.9304566943784026,ok,0,11,10,0.0
chb02,chb02_01.edf,904.0,908.0,0.5,0.35,76,0.48840569686484475,ok,0,10,9,0.0
chb02,chb02_01.edf,904.0,908.0,0.5,0.35,77,1.4880482375000512,ok,0,9,8,0.0
chb02,chb02_01.edf,904.0,908.0,0.5,0.35,78,0.7491803736177324,ok,0,9,7,0.0
chb02,chb02_01.edf,904.0,908.0,0.5,0.35,79,0.669320371720449,ok,0,8,7,0.0
chb02,chb02_01.edf,904.0,908.0,0.5,0.35,80,0.9244954663863411,ok,0,10,8,0.0
chb02,chb02_01.edf,904.0,908.0,0.5,0.35,81,1.3455109473415157,ok,0,10,9,0.0
chb02,chb02_01.edf,904.0,908.0,0.5,0.7,62,0.6559757885363878,ok,0,12,11,0.0
chb02,chb02_01.edf,904.0,908.0,0.5,0.7,63,0.18340923172237467,ok,0,8,7,0.0
chb02,chb02_01.edf,904.0,908.0,0.5,0.7,64,0.3368143795513552,ok,0,10,8,0.0
chb02,chb02_01.edf,904.0,908.0,0.5,0.7,65,0.6885019109939267,ok,0,9,6,0.0
chb02,chb02_01.edf,904.0,908.0,0.5,0.7,66,0.3455869941264749,ok,0,11,9,0.0
chb02,chb02_01.edf,904.0,908.0,0.5,0.7,67,0.8459777031896447,ok,0,8,7,0.0
chb02,chb02_01.edf,904.0,908.0,0.5,0.7,68,1.3286746821450115,ok,0,10,9,0.0
chb02,chb02_01.edf,904.0,908.0,0.5,0.7,69,0.8712936785368082,ok,0,12,9,0.0
chb02,chb02_01.edf,904.0,908.0,0.5,0.7,70,0.4461143836602895,ok,0,13,12,0.0
chb02,chb02_01.edf,904.0,908.0,0.5,0.7,71,1.6076204573125383,ok,0,12,10,0.0
chb02,chb02_01.edf,904.0,908.0,0.5,0.7,72,0.1692486635019696,ok,0,6,5,0.0
chb02,chb02_01.edf,904.0,908.0,0.5,0.7,73,0.5600051340225826,ok,0,9,8,0.0
chb02,chb02_01.edf,904.0,908.0,0.5,0.7,74,0.6438873094192759,ok,0,10,8,0.0
chb02,chb02_01.edf,904.0,908.0,0.5,0.7,75,0.7185548183202424,ok,0,11,10,0.0
chb02,chb02_01.edf,904.0,908.0,0.5,0.7,76,0.5301634740611301,ok,0,12,11,0.0
chb02,chb02_01.edf,904.0,908.0,0.5,0.7,77,1.4311370255438862,ok,0,8,7,0.0
chb02,chb02_01.edf,904.0,908.0,0.5,0.7,78,0.8562742604192377,ok,0,10,8,0.0
chb02,chb02_01.edf,904.0,908.0,0.5,0.7,79,0.37358886493042054,ok,0,9,8,0.0
chb02,chb02_01.edf,904.0,908.0,0.5,0.7,80,0.8967133554328223,ok,0,8,6,0.0
chb02,chb02_01.edf,904.0,908.0,0.5,0.7,81,1.3220590228671696,ok,0,10,8,0.0
chb02,chb02_01.edf,904.0,908.0,1.0,0.0,62,0.7743914046997703,ok,0,11,10,0.0
chb02,chb02_01.edf,904.0,908.0,1.0,0.0,63,0.21488489744161204,ok,0,8,7,0.0
chb02,chb02_01.edf,904.0,908.0,1.0,0.0,64,0.17192047651837583,ok,0,10,9,0.0
chb02,chb02_01.edf,904.0,908.0,1.0,0.0,65,0.48620003231413916,ok,0,12,9,0.0
chb02,chb02_01.edf,904.0,908.0,1.0,0.0,66,1.3756822323974554,ok,0,13,11,0.0
chb02,chb02_01.edf,904.0,908.0,1.0,0.0,67,1.0067830609804835,ok,0,9,8,0.0
chb02,chb02_01.edf,904.0,908.0,1.0,0.0,68,1.5176810316646947,ok,0,13,11,0.0
chb02,chb02_01.edf,904.0,908.0,1.0,0.0,69,1.0610836315798138,ok,0,8,5,0.0
chb02,chb02_01.edf,904.0,908.0,1.0,0.0,70,0.981919803246944,ok,0,12,11,0.0
chb02,chb02_01.edf,904.0,908.0,1.0,0.0,71,1.7937447317653397,ok,0,10,8,0.0
chb02,chb02_01.edf,904.0,908.0,1.0,0.0,72,0.18642507739616473,ok,0,6,5,0.0
chb02,chb02_01.edf,904.0,908.0,1.0,0.0,73,0.5987516059102022,ok,0,9,8,0.0
chb02,chb02_01.edf,904.0,908.0,1.0,0.0,74,0.6443582292066723,ok,0,11,10,0.0
chb02,chb02_01.edf,904.0,908.0,1.0,0.0,75,1.65888681246551,ok,0,10,7,0.0
chb02,chb02_01.edf,904.0,908.0,1.0,0.0,76,0.22553402254439306,ok,0,12,11,0.0
chb02,chb02_01.edf,904.0,908.0,1.0,0.0,77,1.261454559020981,ok,0,10,9,0.0
chb02,chb02_01.edf,904.0,908.0,1.0,0.0,78,1.9856992051961986,ok,0,12,11,0.0
chb02,chb02_01.edf,904.0,908.0,1.0,0.0,79,0.1609368397508929,ok,0,7,6,0.0
chb02,chb02_01.edf,904.0,908.0,1.0,0.0,80,0.8375512923759941,ok,0,11,9,0.0
chb02,chb02_01.edf,904.0,908.0,1.0,0.0,81,1.3218647883394035,ok,0,10,8,0.0
chb02,chb02_01.edf,904.0,908.0,1.0,0.175,62,0.8207228509784782,ok,0,12,11,0.0
chb02,chb02_01.edf,904.0,908.0,1.0,0.175,63,0.16726057798219393,ok,0,8,7,0.0
chb02,chb02_01.edf,904.0,908.0,1.0,0.175,64,0.17192047651837583,ok,0,10,9,0.0
chb02,chb02_01.edf,904.0,908.0,1.0,0.175,65,0.48620003231413916,ok,0,12,9,0.0
chb02,chb02_01.edf,904.0,908.0,1.0,0.175,66,1.3756822323974554,ok,0,13,11,0.0
chb02,chb02_01.edf,904.0,908.0,1.0,0.175,67,1.0067830609804835,ok,0,9,8,0.0
chb02,chb02_01.edf,904.0,908.0,1.0,0.175,68,1.4403478634378917,ok,0,12,10,0.0
chb02,chb02_01.edf,904.0,908.0,1.0,0.175,69,1.0610836315798138,ok,0,8,5,0.0
chb02,chb02_01.edf,904.0,908.0,1.0,0.175,70,1.0713161689866328,ok,0,12,9,0.0
chb02,chb02_01.edf,904.0,908.0,1.0,0.175,71,1.7937447317653397,ok,0,10,8,0.0
chb02,chb02_01.edf,904.0,908.0,1.0,0.175,72,0.1692486635019696,ok,0,6,5,0.0
chb02,chb02_01.edf,904.0,908.0,1.0,0.175,73,0.5987516059102022,ok,0,9,8,0.0
chb02,chb02_01.edf,904.0,908.0,1.0,0.175,74,0.6459406006850896,ok,0,11,10,0.0
chb02,chb02_01.edf,904.0,908.0,1.0,0.175,75,1.5912551774874504,ok,0,9,7,0.0
chb02,chb02_01.edf,904.0,908.0,1.0,0.175,76,0.22553402254439306,ok,0,12,11,0.0
chb02,chb02_01.edf,904.0,908.0,1.0,0.175,77,1.261454559020981,ok,0,10,9,0.0
chb02,chb02_01.edf,904.0,908.0,1.0,0.175,78,1.9856992051961986,ok,0,12,11,0.0
chb02,chb02_01.edf,904.0,908.0,1.0,0.175,79,0.1609368397508929,ok,0,7,6,0.0
chb02,chb02_01.edf,904.0,908.0,1.0,0.175,80,0.8375512923759941,ok,0,11,9,0.0
chb02,chb02_01.edf,904.0,908.0,1.0,0.175,81,1.3218647883394035,ok,0,10,8,0.0
chb02,chb02_01.edf,904.0,908.0,1.0,0.35,62,0.8207228509784782,ok,0,12,11,0.0
chb02,chb02_01.edf,904.0,908.0,1.0,0.35,63,0.14655956456718455,ok,0,8,7,0.0
chb02,chb02_01.edf,904.0,908.0,1.0,0.35,64,0.17192047651837583,ok,0,10,9,0.0
chb02,chb02_01.edf,904.0,908.0,1.0,0.35,65,0.48620003231413916,ok,0,12,9,0.0
chb02,chb02_01.edf,904.0,908.0,1.0,0.35,66,1.4451262207602147,ok,0,12,10,0.0
chb02,chb02_01.edf,904.0,908.0,1.0,0.35,67,1.0067830609804835,ok,0,9,8,0.0
chb02,chb02_01.edf,904.0,908.0,1.0,0.35,68,0.4749170925663271,ok,0,11,9,0.0
chb02,chb02_01.edf,904.0,908.0,1.0,0.35,69,1.0610836315798138,ok,0,8,5,0.0
chb02,chb02_01.edf,904.0,908.0,1.0,0.35,70,1.0713161689866328,ok,0,12,9,0.0
chb02,chb02_01.edf,904.0,908.0,1.0,0.35,71,1.652668684095723,ok,0,12,10,0.0
chb02,chb02_01.edf,904.0,908.0,1.0,0.35,72,0.1692486635019696,ok,0,6,5,0.0
chb02,chb02_01.edf,904.0,908.0,1.0,0.35,73,0.5829202658843011,ok,0,8,7,0.0
chb02,chb02_01.edf,904.0,908.0,1.0,0.35,74,0.6459406006850896,ok,0,11,10,0.0
chb02,chb02_01.edf,904.0,908.0,1.0,0.35,75,1.5686096313099898,ok,0,10,8,0.0
chb02,chb02_01.edf,904.0,908.0,1.0,0.35,76,0.21554187051388352,ok,0,13,12,0.0
chb02,chb02_01.edf,904.0,908.0,1.0,0.35,77,1.3301863919839045,ok,0,11,10,0.0
chb02,chb02_01.edf,904.0,908.0,1.0,0.35,78,1.9856992051961986,ok,0,12,11,0.0
chb02,chb02_01.edf,904.0,908.0,1.0,0.35,79,0.1609368397508929,ok,0,7,6,0.0
chb02,chb02_01.edf,904.0,908.0,1.0,0.35,80,0.8375512923759941,ok,0,11,9,0.0
chb02,chb02_01.edf,904.0,908.0,1.0,0.35,81,1.3218647883394035,ok,0,10,8,0.0
chb02,chb02_01.edf,904.0,908.0,1.0,0.7,62,0.8207228509784782,ok,0,12,11,0.0
chb02,chb02_01.edf,904.0,908.0,1.0,0.7,63,0.18340923172237467,ok,0,8,7,0.0
chb02,chb02_01.edf,904.0,908.0,1.0,0.7,64,0.3287641738305654,ok,0,9,8,0.0
chb02,chb02_01.edf,904.0,908.0,1.0,0.7,65,0.48620003231413916,ok,0,12,9,0.0
chb02,chb02_01.edf,904.0,908.0,1.0,0.7,66,1.4451262207602147,ok,0,12,10,0.0
chb02,chb02_01.edf,904.0,908.0,1.0,0.7,67,0.9665539884291466,ok,0,9,8,0.0
chb02,chb02_01.edf,904.0,908.0,1.0,0.7,68,0.4749170925663271,ok,0,11,9,0.0
chb02,chb02_01.edf,904.0,908.0,1.0,0.7,69,0.7225259894485792,ok,0,9,7,0.0
chb02,chb02_01.edf,904.0,908.0,1.0,0.7,70,1.2474886758528148,ok,0,12,9,0.0
chb02,chb02_01.edf,904.0,908.0,1.0,0.7,71,1.5044728678986188,ok,0,13,11,0.0
chb02,chb02_01.edf,904.0,908.0,1.0,0.7,72,0.1692486635019696,ok,0,6,5,0.0
chb02,chb02_01.edf,904.0,908.0,1.0,0.7,73,0.6685911528755308,ok,0,9,8,0.0
chb02,chb02_01.edf,904.0,908.0,1.0,0.7,74,0.6389343802548918,ok,0,11,10,0.0
chb02,chb02_01.edf,904.0,908.0,1.0,0.7,75,1.5686096313099898,ok,0,10,8,0.0
chb02,chb02_01.edf,904.0,908.0,1.0,0.7,76,0.22001449343180626,ok,0,12,11,0.0
chb02,chb02_01.edf,904.0,908.0,1.0,0.7,77,1.321082148668746,ok,0,11,10,0.0
chb02,chb02_01.edf,904.0,908.0,1.0,0.7,78,1.9856992051961986,ok,0,12,11,0.0
chb02,chb02_01.edf,904.0,908.0,1.0,0.7,79,0.1878077787684282,ok,0,7,6,0.0
chb02,chb02_01.edf,904.0,908.0,1.0,0.7,80,0.7025607149170592,ok,0,11,9,0.0
chb02,chb02_01.edf,904.0,908.0,1.0,0.7,81,1.3424085005302422,ok,0,10,9,0.0
chb02,chb02_01.edf,2700.0,2704.0,0.25,0.0,62,0.6171842911523988,ok,0,10,9,0.0
chb02,chb02_01.edf,2700.0,2704.0,0.25,0.0,63,2.043747370146671,ok,0,9,8,0.0
chb02,chb02_01.edf,2700.0,2704.0,0.25,0.0,64,0.8756532617719204,ok,0,9,8,0.0
chb02,chb02_01.edf,2700.0,2704.0,0.25,0.0,65,0.9667718123938864,ok,0,11,10,0.0
chb02,chb02_01.edf,2700.0,2704.0,0.25,0.0,66,0.3631787913269073,ok,0,11,9,0.0
chb02,chb02_01.edf,2700.0,2704.0,0.25,0.0,67,0.8092054221906116,ok,0,11,9,0.0
chb02,chb02_01.edf,2700.0,2704.0,0.25,0.0,68,0.9681035064574081,ok,0,9,8,0.0
chb02,chb02_01.edf,2700.0,2704.0,0.25,0.0,69,1.241548694349417,ok,0,10,8,0.0
chb02,chb02_01.edf,2700.0,2704.0,0.25,0.0,70,0.2793983295119334,ok,0,9,8,0.0
chb02,chb02_01.edf,2700.0,2704.0,0.25,0.0,71,1.5904417843670142,ok,0,12,11,0.0
chb02,chb02_01.edf,2700.0,2704.0,0.25,0.0,72,0.9990557900479503,ok,0,11,9,0.0
chb02,chb02_01.edf,2700.0,2704.0,0.25,0.0,73,0.4814093715175572,ok,0,8,7,0.0
chb02,chb02_01.edf,2700.0,2704.0,0.25,0.0,74,0.6162790697674418,ok,0,11,8,0.0
chb02,chb02_01.edf,2700.0,2704.0,0.25,0.0,75,0.35394981220923855,ok,0,12,11,0.0
chb02,chb02_01.edf,2700.0,2704.0,0.25,0.0,76,0.3909772130214703,ok,0,12,11,0.0
chb02,chb02_01.edf,2700.0,2704.0,0.25,0.0,77,0.9447730595988872,ok,0,6,4,0.0
chb02,chb02_01.edf,2700.0,2704.0,0.25,0.0,78,1.3483863463099397,ok,0,11,10,0.0
chb02,chb02_01.edf,2700.0,2704.0,0.25,0.0,79,0.1609368397508929,ok,0,7,6,0.0
chb02,chb02_01.edf,2700.0,2704.0,0.25,0.0,80,0.1797136108456547,ok,0,12,10,0.0
chb02,chb02_01.edf,2700.0,2704.0,0.25,0.0,81,1.4033891062507988,ok,0,10,7,0.0
chb02,chb02_01.edf,2700.0,2704.0,0.25,0.175,62,0.6577601667559823,ok,0,10,9,0.0
chb02,chb02_01.edf,2700.0,2704.0,0.25,0.175,63,2.0341077992701977,ok,0,9,8,0.0
chb02,chb02_01.edf,2700.0,2704.0,0.25,0.175,64,0.8756532617719204,ok,0,9,8,0.0
chb02,chb02_01.edf,2700.0,2704.0,0.25,0.175,65,0.9667718123938864,ok,0,11,10,0.0
chb02,chb02_01.edf,2700.0,2704.0,0.25,0.175,66,0.3539917341244622,ok,0,11,9,0.0
chb02,chb02_01.edf,2700.0,2704.0,0.25,0.175,67,0.7837496720494512,ok,0,11,9,0.0
chb02,chb02_01.edf,2700.0,2704.0,0.25,0.175,68,0.9681035064574081,ok,0,9,8,0.0
chb02,chb02_01.edf,2700.0,2704.0,0.25,0.175,69,1.3021781104089274,ok,0,9,7,0.0
chb02,chb02_01.edf,2700.0,2704.0,0.25,0.175,70,0.2793983295119334,ok,0,9,8,0.0
chb02,chb02_01.edf,2700.0,2704.0,0.25,0.175,71,1.5904417843670142,ok,0,12,11,0.0
chb02,chb02_01.edf,2700.0,2704.0,0.25,0.175,72,1.0189295409461563,ok,0,10,8,0.0
chb02,chb02_01.edf,2700.0,2704.0,0.25,0.175,73,0.5678172112973985,ok,0,6,5,0.0
chb02,chb02_01.edf,2700.0,2704.0,0.25,0.175,74,0.6162790697674418,ok,0,11,8,0.0
chb02,chb02_01.edf,2700.0,2704.0,0.25,0.175,75,0.35394981220923855,ok,0,12,11,0.0
chb02,chb02_01.edf,2700.0,2704.0,0.25,0.175,76,0.41685710561811734,ok,0,13,12,0.0
chb02,chb02_01.edf,2700.0,2704.0,0.25,0.175,77,0.9447730595988872,ok,0,6,4,0.0
chb02,chb02_01.edf,2700.0,2704.0,0.25,0.175,78,1.3618046618580464,ok,0,10,9,0.0
chb02,chb02_01.edf,2700.0,2704.0,0.25,0.175,79,0.1609368397508929,ok,0,7,6,0.0
chb02,chb02_01.edf,2700.0,2704.0,0.25,0.175,80,0.20805602846257226,ok,0,12,9,0.0
chb02,chb02_01.edf,2700.0,2704.0,0.25,0.175,81,1.311931266342682,ok,0,9,7,0.0
chb02,chb02_01.edf,2700.0,2704.0,0.25,0.35,62,0.7273849360614434,ok,0,11,10,0.0
chb02,chb02_01.edf,2700.0,2704.0,0.25,0.35,63,2.0341077992701977,ok,0,9,8,0.0
chb02,chb02_01.edf,2700.0,2704.0,0.25,0.35,64,0.8756532617719204,ok,0,9,8,0.0
chb02,chb02_01.edf,2700.0,2704.0,0.25,0.35,65,0.9667718123938864,ok,0,11,10,0.0
chb02,chb02_01.edf,2700.0,2704.0,0.25,0.35,66,0.3539917341244622,ok,0,11,9,0.0
chb02,chb02_01.edf,2700.0,2704.0,0.25,0.35,67,0.7837496720494512,ok,0,11,9,0.0
chb02,chb02_01.edf,2700.0,2704.0,0.25,0.35,68,0.8724944411563244,ok,0,8,7,0.0
chb02,chb02_01.edf,2700.0,2704.0,0.25,0.35,69,1.1574836254352978,ok,0,10,7,0.0
chb02,chb02_01.edf,2700.0,2704.0,0.25,0.35,70,0.21971253331980056,ok,0,9,8,0.0
chb02,chb02_01.edf,2700.0,2704.0,0.25,0.35,71,1.5904417843670142,ok,0,12,11,0.0
chb02,chb02_01.edf,2700.0,2704.0,0.25,0.35,72,1.0189295409461563,ok,0,10,8,0.0
chb02,chb02_01.edf,2700.0,2704.0,0.25,0.35,73,0.5360884488145471,ok,0,7,6,0.0
chb02,chb02_01.edf,2700.0,2704.0,0.25,0.35,74,0.6117096947703552,ok,0,11,8,0.0
chb02,chb02_01.edf,2700.0,2704.0,0.25,0.35,75,0.3576257164910454,ok,0,12,11,0.0
chb02,chb02_01.edf,2700.0,2704.0,0.25,0.35,76,0.4180133753040541,ok,0,13,12,0.0
chb02,chb02_01.edf,2700.0,2704.0,0.25,0.35,77,0.8472260305815239,ok,0,6,5,0.0
chb02,chb02_01.edf,2700.0,2704.0,0.25,0.35,78,1.3618046618580464,ok,0,10,9,0.0
chb02,chb02_01.edf,2700.0,2704.0,0.25,0.35,79,0.1609368397508929,ok,0,7,6,0.0
chb02,chb02_01.edf,2700.0,2704.0,0.25,0.35,80,0.0788289671272977,ok,0,12,10,0.0
chb02,chb02_01.edf,2700.0,2704.0,0.25,0.35,81,1.311931266342682,ok,0,9,7,0.0
chb02,chb02_01.edf,2700.0,2704.0,0.25,0.7,62,0.7987387632975776,ok,0,12,11,0.0
chb02,chb02_01.edf,2700.0,2704.0,0.25,0.7,63,2.0341077992701977,ok,0,9,8,0.0
chb02,chb02_01.edf,2700.0,2704.0,0.25,0.7,64,0.8797157319407379,ok,0,9,8,0.0
chb02,chb02_01.edf,2700.0,2704.0,0.25,0.7,65,0.9667718123938864,ok,0,11,10,0.0
chb02,chb02_01.edf,2700.0,2704.0,0.25,0.7,66,0.49029834698935465,ok,0,11,8,0.0
chb02,chb02_01.edf,2700.0,2704.0,0.25,0.7,67,0.5035847297890875,ok,0,11,10,0.0
chb02,chb02_01.edf,2700.0,2704.0,0.25,0.7,68,0.9588988946673096,ok,0,9,8,0.0
chb02,chb02_01.edf,2700.0,2704.0,0.25,0.7,69,1.1574836254352978,ok,0,10,7,0.0
chb02,chb02_01.edf,2700.0,2704.0,0.25,0.7,70,0.21971253331980056,ok,0,9,8,0.0
chb02,chb02_01.edf,2700.0,2704.0,0.25,0.7,71,1.5830623121564638,ok,0,12,11,0.0
chb02,chb02_01.edf,2700.0,2704.0,0.25,0.7,72,0.9840375310714871,ok,0,11,9,0.0
chb02,chb02_01.edf,2700.0,2704.0,0.25,0.7,73,0.4637679860023979,ok,0,7,5,0.0
chb02,chb02_01.edf,2700.0,2704.0,0.25,0.7,74,0.6032286129195896,ok,0,11,8,0.0
chb02,chb02_01.edf,2700.0,2704.0,0.25,0.7,75,0.6057587089126472,ok,0,11,10,0.0
chb02,chb02_01.edf,2700.0,2704.0,0.25,0.7,76,0.40233982480049485,ok,0,12,11,0.0
chb02,chb02_01.edf,2700.0,2704.0,0.25,0.7,77,0.8472260305815239,ok,0,6,5,0.0
chb02,chb02_01.edf,2700.0,2704.0,0.25,0.7,78,1.3618046618580464,ok,0,10,9,0.0
chb02,chb02_01.edf,2700.0,2704.0,0.25,0.7,79,0.1609368397508929,ok,0,7,6,0.0
chb02,chb02_01.edf,2700.0,2704.0,0.25,0.7,80,0.22297541340967011,ok,0,11,9,0.0
chb02,chb02_01.edf,2700.0,2704.0,0.25,0.7,81,1.311931266342682,ok,0,9,7,0.0
chb02,chb02_01.edf,2700.0,2704.0,0.5,0.0,62,0.5712931377579745,ok,0,12,11,0.0
chb02,chb02_01.edf,2700.0,2704.0,0.5,0.0,63,0.16726057798219393,ok,0,8,7,0.0
chb02,chb02_01.edf,2700.0,2704.0,0.5,0.0,64,0.19637001542360058,ok,0,9,8,0.0
chb02,chb02_01.edf,2700.0,2704.0,0.5,0.0,65,0.546024803519956,ok,0,10,8,0.0
chb02,chb02_01.edf,2700.0,2704.0,0.5,0.0,66,0.3428004452807938,ok,0,11,9,0.0
chb02,chb02_01.edf,2700.0,2704.0,0.5,0.0,67,0.9454773281444654,ok,0,7,6,0.0
chb02,chb02_01.edf,2700.0,2704.0,0.5,0.0,68,1.2291207868644798,ok,0,12,11,0.0
chb02,chb02_01.edf,2700.0,2704.0,0.5,0.0,69,1.1682562182790923,ok,0,9,7,0.0
chb02,chb02_01.edf,2700.0,2704.0,0.5,0.0,70,0.5111811702061327,ok,0,14,13,0.0
chb02,chb02_01.edf,2700.0,2704.0,0.5,0.0,71,1.8179982256514546,ok,0,11,9,0.0
chb02,chb02_01.edf,2700.0,2704.0,0.5,0.0,72,0.18642507739616473,ok,0,6,5,0.0
chb02,chb02_01.edf,2700.0,2704.0,0.5,0.0,73,0.6286253346157429,ok,0,10,9,0.0
chb02,chb02_01.edf,2700.0,2704.0,0.5,0.0,74,0.6476197533905482,ok,0,9,7,0.0
chb02,chb02_01.edf,2700.0,2704.0,0.5,0.0,75,0.9626906857352386,ok,0,12,10,0.0
chb02,chb02_01.edf,2700.0,2704.0,0.5,0.0,76,0.48840569686484475,ok,0,10,9,0.0
chb02,chb02_01.edf,2700.0,2704.0,0.5,0.0,77,1.4397992123948258,ok,0,10,9,0.0
chb02,chb02_01.edf,2700.0,2704.0,0.5,0.0,78,0.8783739115481473,ok,0,10,9,0.0
chb02,chb02_01.edf,2700.0,2704.0,0.5,0.0,79,0.6660998123404629,ok,0,8,7,0.0
chb02,chb02_01.edf,2700.0,2704.0,0.5,0.0,80,0.48943288169382493,ok,0,10,8,0.0
chb02,chb02_01.edf,2700.0,2704.0,0.5,0.0,81,1.3487816138931745,ok,0,10,9,0.0
chb02,chb02_01.edf,2700.0,2704.0,0.5,0.175,62,0.6482655274814257,ok,0,12,11,0.0
chb02,chb02_01.edf,2700.0,2704.0,0.5,0.175,63,0.16726057798219393,ok,0,8,7,0.0
chb02,chb02_01.edf,2700.0,2704.0,0.5,0.175,64,0.19637001542360058,ok,0,9,8,0.0
chb02,chb02_01.edf,2700.0,2704.0,0.5,0.175,65,0.5518250131061467,ok,0,10,8,0.0
chb02,chb02_01.edf,2700.0,2704.0,0.5,0.175,66,0.3428004452807938,ok,0,11,9,0.0
chb02,chb02_01.edf,2700.0,2704.0,0.5,0.175,67,0.9454773281444654,ok,0,7,6,0.0
chb02,chb02_01.edf,2700.0,2704.0,0.5,0.175,68,1.2291207868644798,ok,0,12,11,0.0
chb02,chb02_01.edf,2700.0,2704.0,0.5,0.175,69,1.2059610866277488,ok,0,8,6,0.0
chb02,chb02_01.edf,2700.0,2704.0,0.5,0.175,70,0.5111811702061327,ok,0,14,13,0.0
chb02,chb02_01.edf,2700.0,2704.0,0.5,0.175,71,1.8814282450408817,ok,0,11,10,0.0
chb02,chb02_01.edf,2700.0,2704.0,0.5,0.175,72,0.1586900018443984,ok,0,6,5,0.0
chb02,chb02_01.edf,2700.0,2704.0,0.5,0.175,73,0.6286253346157429,ok,0,10,9,0.0
chb02,chb02_01.edf,2700.0,2704.0,0.5,0.175,74,0.6476197533905482,ok,0,9,7,0.0
chb02,chb02_01.edf,2700.0,2704.0,0.5,0.175,75,0.9304566943784026,ok,0,11,10,0.0
chb02,chb02_01.edf,2700.0,2704.0,0.5,0.175,76,0.36286397755079597,ok,0,11,10,0.0
chb02,chb02_01.edf,2700.0,2704.0,0.5,0.175,77,1.4397992123948258,ok,0,10,9,0.0
chb02,chb02_01.edf,2700.0,2704.0,0.5,0.175,78,0.8783739115481473,ok,0,10,9,0.0
chb02,chb02_01.edf,2700.0,2704.0,0.5,0.175,79,0.6660998123404629,ok,0,8,7,0.0
chb02,chb02_01.edf,2700.0,2704.0,0.5,0.175,80,0.48222572467525254,ok,0,10,8,0.0
chb02,chb02_01.edf,2700.0,2704.0,0.5,0.175,81,1.3487816138931745,ok,0,10,9,0.0
chb02,chb02_01.edf,2700.0,2704.0,0.5,0.35,62,0.6482655274814257,ok,0,12,11,0.0
chb02,chb02_01.edf,2700.0,2704.0,0.5,0.35,63,0.16726057798219393,ok,0,8,7,0.0
chb02,chb02_01.edf,2700.0,2704.0,0.5,0.35,64,0.19637001542360058,ok,0,9,8,0.0
chb02,chb02_01.edf,2700.0,2704.0,0.5,0.35,65,0.5518250131061467,ok,0,10,8,0.0
chb02,chb02_01.edf,2700.0,2704.0,0.5,0.35,66,0.3428004452807938,ok,0,11,9,0.0
chb02,chb02_01.edf,2700.0,2704.0,0.5,0.35,67,0.9153906500201138,ok,0,7,6,0.0
chb02,chb02_01.edf,2700.0,2704.0,0.5,0.35,68,1.2291207868644798,ok,0,12,11,0.0
chb02,chb02_01.edf,2700.0,2704.0,0.5,0.35,69,1.2059610866277488,ok,0,8,6,0.0
chb02,chb02_01.edf,2700.0,2704.0,0.5,0.35,70,0.4992860282354434,ok,0,14,13,0.0
chb02,chb02_01.edf,2700.0,2704.0,0.5,0.35,71,1.8814282450408817,ok,0,11,10,0.0
chb02,chb02_01.edf,2700.0,2704.0,0.5,0.35,72,0.1586900018443984,ok,0,6,5,0.0
chb02,chb02_01.edf,2700.0,2704.0,0.5,0.35,73,0.6804371095269275,ok,0,11,10,0.0
chb02,chb02_01.edf,2700.0,2704.0,0.5,0.35,74,0.6476197533905482,ok,0,9,7,0.0
chb02,chb02_01.edf,2700.0,2704.0,0.5,0.35,75,0.932482175890626,ok,0,11,10,0.0
chb02,chb02_01.edf,2700.0,2704.0,0.5,0.35,76,0.36286397755079597,ok,0,11,10,0.0
chb02,chb02_01.edf,2700.0,2704.0,0.5,0.35,77,1.4396079246619893,ok,0,10,9,0.0
chb02,chb02_01.edf,2700.0,2704.0,0.5,0.35,78,0.8783739115481473,ok,0,10,9,0.0
chb02,chb02_01.edf,2700.0,2704.0,0.5,0.35,79,0.6660998123404629,ok,0,8,7,0.0
chb02,chb02_01.edf,2700.0,2704.0,0.5,0.35,80,0.5241297105318377,ok,0,9,7,0.0
chb02,chb02_01.edf,2700.0,2704.0,0.5,0.35,81,1.3487816138931745,ok,0,10,9,0.0
chb02,chb02_01.edf,2700.0,2704.0,0.5,0.7,62,0.6084347940291672,ok,0,12,10,0.0
chb02,chb02_01.edf,2700.0,2704.0,0.5,0.7,63,0.17400004735360625,ok,0,9,8,0.0
chb02,chb02_01.edf,2700.0,2704.0,0.5,0.7,64,0.19637001542360058,ok,0,9,8,0.0
chb02,chb02_01.edf,2700.0,2704.0,0.5,0.7,65,0.5518250131061467,ok,0,10,8,0.0
chb02,chb02_01.edf,2700.0,2704.0,0.5,0.7,66,0.3539917341244622,ok,0,11,9,0.0
chb02,chb02_01.edf,2700.0,2704.0,0.5,0.7,67,0.9153906500201138,ok,0,7,6,0.0
chb02,chb02_01.edf,2700.0,2704.0,0.5,0.7,68,1.2291207868644798,ok,0,12,11,0.0
chb02,chb02_01.edf,2700.0,2704.0,0.5,0.7,69,1.1781800265789932,ok,0,9,7,0.0
chb02,chb02_01.edf,2700.0,2704.0,0.5,0.7,70,0.4994565999627041,ok,0,14,13,0.0
chb02,chb02_01.edf,2700.0,2704.0,0.5,0.7,71,1.8814282450408817,ok,0,11,10,0.0
chb02,chb02_01.edf,2700.0,2704.0,0.5,0.7,72,0.1586900018443984,ok,0,6,5,0.0
chb02,chb02_01.edf,2700.0,2704.0,0.5,0.7,73,0.6817888328460402,ok,0,10,9,0.0
chb02,chb02_01.edf,2700.0,2704.0,0.5,0.7,74,0.617842314490744,ok,0,9,7,0.0
chb02,chb02_01.edf,2700.0,2704.0,0.5,0.7,75,0.8930243047397981,ok,0,11,9,0.0
chb02,chb02_01.edf,2700.0,2704.0,0.5,0.7,76,0.36298934659700444,ok,0,11,10,0.0
chb02,chb02_01.edf,2700.0,2704.0,0.5,0.7,77,1.4407777579388463,ok,0,10,9,0.0
chb02,chb02_01.edf,2700.0,2704.0,0.5,0.7,78,0.8783739115481473,ok,0,10,9,0.0
chb02,chb02_01.edf,2700.0,2704.0,0.5,0.7,79,0.1568870781527907,ok,0,8,5,0.0
chb02,chb02_01.edf,2700.0,2704.0,0.5,0.7,80,0.5410557286548322,ok,0,9,7,0.0
chb02,chb02_01.edf,2700.0,2704.0,0.5,0.7,81,1.3090048744270146,ok,0,10,9,0.0
chb02,chb02_01.edf,2700.0,2704.0,1.0,0.0,62,0.7743914046997703,ok,0,11,10,0.0
chb02,chb02_01.edf,2700.0,2704.0,1.0,0.0,63,0.21488489744161204,ok,0,8,7,0.0
chb02,chb02_01.edf,2700.0,2704.0,1.0,0.0,64,0.17192047651837583,ok,0,10,9,0.0
chb02,chb02_01.edf,2700.0,2704.0,1.0,0.0,65,0.48620003231413916,ok,0,12,9,0.0
chb02,chb02_01.edf,2700.0,2704.0,1.0,0.0,66,1.3756822323974554,ok,0,13,11,0.0
chb02,chb02_01.edf,2700.0,2704.0,1.0,0.0,67,1.0067830609804835,ok,0,9,8,0.0
chb02,chb02_01.edf,2700.0,2704.0,1.0,0.0,68,1.5176810316646947,ok,0,13,11,0.0
chb02,chb02_01.edf,2700.0,2704.0,1.0,0.0,69,1.0610836315798138,ok,0,8,5,0.0
chb02,chb02_01.edf,2700.0,2704.0,1.0,0.0,70,0.981919803246944,ok,0,12,11,0.0
chb02,chb02_01.edf,2700.0,2704.0,1.0,0.0,71,1.7937447317653397,ok,0,10,8,0.0
chb02,chb02_01.edf,2700.0,2704.0,1.0,0.0,72,0.18642507739616473,ok,0,6,5,0.0
chb02,chb02_01.edf,2700.0,2704.0,1.0,0.0,73,0.5987516059102022,ok,0,9,8,0.0
chb02,chb02_01.edf,2700.0,2704.0,1.0,0.0,74,0.6443582292066723,ok,0,11,10,0.0
chb02,chb02_01.edf,2700.0,2704.0,1.0,0.0,75,1.65888681246551,ok,0,10,7,0.0
chb02,chb02_01.edf,2700.0,2704.0,1.0,0.0,76,0.22553402254439306,ok,0,12,11,0.0
chb02,chb02_01.edf,2700.0,2704.0,1.0,0.0,77,1.261454559020981,ok,0,10,9,0.0
chb02,chb02_01.edf,2700.0,2704.0,1.0,0.0,78,1.9856992051961986,ok,0,12,11,0.0
chb02,chb02_01.edf,2700.0,2704.0,1.0,0.0,79,0.1609368397508929,ok,0,7,6,0.0
chb02,chb02_01.edf,2700.0,2704.0,1.0,0.0,80,0.8375512923759941,ok,0,11,9,0.0
chb02,chb02_01.edf,2700.0,2704.0,1.0,0.0,81,1.3218647883394035,ok,0,10,8,0.0
chb02,chb02_01.edf,2700.0,2704.0,1.0,0.175,62,0.8207228509784782,ok,0,12,11,0.0
chb02,chb02_01.edf,2700.0,2704.0,1.0,0.175,63,0.21488489744161204,ok,0,8,7,0.0
chb02,chb02_01.edf,2700.0,2704.0,1.0,0.175,64,0.17192047651837583,ok,0,10,9,0.0
chb02,chb02_01.edf,2700.0,2704.0,1.0,0.175,65,0.48620003231413916,ok,0,12,9,0.0
chb02,chb02_01.edf,2700.0,2704.0,1.0,0.175,66,1.3756822323974554,ok,0,13,11,0.0
chb02,chb02_01.edf,2700.0,2704.0,1.0,0.175,67,1.0067830609804835,ok,0,9,8,0.0
chb02,chb02_01.edf,2700.0,2704.0,1.0,0.175,68,1.5176810316646947,ok,0,13,11,0.0
chb02,chb02_01.edf,2700.0,2704.0,1.0,0.175,69,1.0610836315798138,ok,0,8,5,0.0
chb02,chb02_01.edf,2700.0,2704.0,1.0,0.175,70,1.0503580581633432,ok,0,12,10,0.0
chb02,chb02_01.edf,2700.0,2704.0,1.0,0.175,71,1.7937447317653397,ok,0,10,8,0.0
chb02,chb02_01.edf,2700.0,2704.0,1.0,0.175,72,0.18642507739616473,ok,0,6,5,0.0
chb02,chb02_01.edf,2700.0,2704.0,1.0,0.175,73,0.6191720810400293,ok,0,9,8,0.0
chb02,chb02_01.edf,2700.0,2704.0,1.0,0.175,74,0.6443582292066723,ok,0,11,10,0.0
chb02,chb02_01.edf,2700.0,2704.0,1.0,0.175,75,1.65888681246551,ok,0,10,7,0.0
chb02,chb02_01.edf,2700.0,2704.0,1.0,0.175,76,0.22553402254439306,ok,0,12,11,0.0
chb02,chb02_01.edf,2700.0,2704.0,1.0,0.175,77,1.261454559020981,ok,0,10,9,0.0
chb02,chb02_01.edf,2700.0,2704.0,1.0,0.175,78,1.9856992051961986,ok,0,12,11,0.0
chb02,chb02_01.edf,2700.0,2704.0,1.0,0.175,79,0.1609368397508929,ok,0,7,6,0.0
chb02,chb02_01.edf,2700.0,2704.0,1.0,0.175,80,0.9226330389069755,ok,0,10,8,0.0
chb02,chb02_01.edf,2700.0,2704.0,1.0,0.175,81,1.3218647883394035,ok,0,10,8,0.0
chb02,chb02_01.edf,2700.0,2704.0,1.0,0.35,62,0.8207228509784782,ok,0,12,11,0.0
chb02,chb02_01.edf,2700.0,2704.0,1.0,0.35,63,0.21488489744161204,ok,0,8,7,0.0
chb02,chb02_01.edf,2700.0,2704.0,1.0,0.35,64,0.17192047651837583,ok,0,10,9,0.0
chb02,chb02_01.edf,2700.0,2704.0,1.0,0.35,65,0.48620003231413916,ok,0,12,9,0.0
chb02,chb02_01.edf,2700.0,2704.0,1.0,0.35,66,1.3756822323974554,ok,0,13,11,0.0
chb02,chb02_01.edf,2700.0,2704.0,1.0,0.35,67,1.0067830609804835,ok,0,9,8,0.0
chb02,chb02_01.edf,2700.0,2704.0,1.0,0.35,68,1.5176810316646947,ok,0,13,11,0.0
chb02,chb02_01.edf,2700.0,2704.0,1.0,0.35,69,1.0610836315798138,ok,0,8,5,0.0
chb02,chb02_01.edf,2700.0,2704.0,1.0,0.35,70,1.0503580581633432,ok,0,12,10,0.0
chb02,chb02_01.edf,2700.0,2704.0,1.0,0.35,71,1.8714614905846687,ok,0,10,9,0.0
chb02,chb02_01.edf,2700.0,2704.0,1.0,0.35,72,0.1411264794352152,ok,0,6,5,0.0
chb02,chb02_01.edf,2700.0,2704.0,1.0,0.35,73,0.6191720810400293,ok,0,9,8,0.0
chb02,chb02_01.edf,2700.0,2704.0,1.0,0.35,74,0.6443582292066723,ok,0,11,10,0.0
chb02,chb02_01.edf,2700.0,2704.0,1.0,0.35,75,1.5912551774874504,ok,0,9,7,0.0
chb02,chb02_01.edf,2700.0,2704.0,1.0,0.35,76,0.22553402254439306,ok,0,12,11,0.0
chb02,chb02_01.edf,2700.0,2704.0,1.0,0.35,77,1.261454559020981,ok,0,10,9,0.0
chb02,chb02_01.edf,2700.0,2704.0,1.0,0.35,78,1.9856992051961986,ok,0,12,11,0.0
chb02,chb02_01.edf,2700.0,2704.0,1.0,0.35,79,0.1609368397508929,ok,0,7,6,0.0
chb02,chb02_01.edf,2700.0,2704.0,1.0,0.35,80,0.9226330389069755,ok,0,10,8,0.0
chb02,chb02_01.edf,2700.0,2704.0,1.0,0.35,81,1.3218647883394035,ok,0,10,8,0.0
chb02,chb02_01.edf,2700.0,2704.0,1.0,0.7,62,0.7814796394875324,ok,0,13,11,0.0
chb02,chb02_01.edf,2700.0,2704.0,1.0,0.7,63,0.16726057798219393,ok,0,8,7,0.0
chb02,chb02_01.edf,2700.0,2704.0,1.0,0.7,64,0.17192047651837583,ok,0,10,9,0.0
chb02,chb02_01.edf,2700.0,2704.0,1.0,0.7,65,0.48620003231413916,ok,0,12,9,0.0
chb02,chb02_01.edf,2700.0,2704.0,1.0,0.7,66,1.3756822323974554,ok,0,13,11,0.0
chb02,chb02_01.edf,2700.0,2704.0,1.0,0.7,67,1.0183208004996216,ok,0,10,9,0.0
chb02,chb02_01.edf,2700.0,2704.0,1.0,0.7,68,1.5176810316646947,ok,0,13,11,0.0
chb02,chb02_01.edf,2700.0,2704.0,1.0,0.7,69,1.0610836315798138,ok,0,8,5,0.0
chb02,chb02_01.edf,2700.0,2704.0,1.0,0.7,70,0.9377557874222088,ok,0,12,10,0.0
chb02,chb02_01.edf,2700.0,2704.0,1.0,0.7,71,1.8714614905846687,ok,0,10,9,0.0
chb02,chb02_01.edf,2700.0,2704.0,1.0,0.7,72,0.1411264794352152,ok,0,6,5,0.0
chb02,chb02_01.edf,2700.0,2704.0,1.0,0.7,73,0.6191720810400293,ok,0,9,8,0.0
chb02,chb02_01.edf,2700.0,2704.0,1.0,0.7,74,0.6094770741626271,ok,0,10,9,0.0
chb02,chb02_01.edf,2700.0,2704.0,1.0,0.7,75,1.5912551774874504,ok,0,9,7,0.0
chb02,chb02_01.edf,2700.0,2704.0,1.0,0.7,76,0.22553402254439306,ok,0,12,11,0.0
chb02,chb02_01.edf,2700.0,2704.0,1.0,0.7,77,1.1823574475580834,ok,0,9,8,0.0
chb02,chb02_01.edf,2700.0,2704.0,1.0,0.7,78,1.9856513560696873,ok,0,12,11,0.0
chb02,chb02_01.edf,2700.0,2704.0,1.0,0.7,79,0.1609368397508929,ok,0,7,6,0.0
chb02,chb02_01.edf,2700.0,2704.0,1.0,0.7,80,0.9205299781650632,ok,0,10,8,0.0
chb02,chb02_01.edf,2700.0,2704.0,1.0,0.7,81,1.3218647883394035,ok,0,10,8,0.0
chb02,chb02_02.edf,904.0,908.0,0.25,0.0,62,0.6171842911523988,ok,0,10,9,0.0
chb02,chb02_02.edf,904.0,908.0,0.25,0.0,63,2.043747370146671,ok,0,9,8,0.0
chb02,chb02_02.edf,904.0,908.0,0.25,0.0,64,0.8756532617719204,ok,0,9,8,0.0
chb02,chb02_02.edf,904.0,908.0,0.25,0.0,65,0.9667718123938864,ok,0,11,10,0.0
chb02,chb02_02.edf,904.0,908.0,0.25,0.0,66,0.3631787913269073,ok,0,11,9,0.0
chb02,chb02_02.edf,904.0,908.0,0.25,0.0,67,0.8092054221906116,ok,0,11,9,0.0
chb02,chb02_02.edf,904.0,908.0,0.25,0.0,68,0.9681035064574081,ok,0,9,8,0.0
chb02,chb02_02.edf,904.0,908.0,0.25,0.0,69,1.241548694349417,ok,0,10,8,0.0
chb02,chb02_02.edf,904.0,908.0,0.25,0.0,70,0.2793983295119334,ok,0,9,8,0.0
chb02,chb02_02.edf,904.0,908.0,0.25,0.0,71,1.5904417843670142,ok,0,12,11,0.0
chb02,chb02_02.edf,904.0,908.0,0.25,0.0,72,0.9990557900479503,ok,0,11,9,0.0
chb02,chb02_02.edf,904.0,908.0,0.25,0.0,73,0.4814093715175572,ok,0,8,7,0.0
chb02,chb02_02.edf,904.0,908.0,0.25,0.0,74,0.6162790697674418,ok,0,11,8,0.0
chb02,chb02_02.edf,904.0,908.0,0.25,0.0,75,0.35394981220923855,ok,0,12,11,0.0
chb02,chb02_02.edf,904.0,908.0,0.25,0.0,76,0.3909772130214703,ok,0,12,11,0.0
chb02,chb02_02.edf,904.0,908.0,0.25,0.0,77,0.9447730595988872,ok,0,6,4,0.0
chb02,chb02_02.edf,904.0,908.0,0.25,0.0,78,1.3483863463099397,ok,0,11,10,0.0
chb02,chb02_02.edf,904.0,908.0,0.25,0.0,79,0.1609368397508929,ok,0,7,6,0.0
chb02,chb02_02.edf,904.0,908.0,0.25,0.0,80,0.1797136108456547,ok,0,12,10,0.0
chb02,chb02_02.edf,904.0,908.0,0.25,0.0,81,1.4033891062507988,ok,0,10,7,0.0
chb02,chb02_02.edf,904.0,908.0,0.25,0.175,62,1.0041722374131743,ok,0,9,8,0.0
chb02,chb02_02.edf,904.0,908.0,0.25,0.175,63,2.0342364192287428,ok,0,9,8,0.0
chb02,chb02_02.edf,904.0,908.0,0.25,0.175,64,0.8188259878606116,ok,0,8,7,0.0
chb02,chb02_02.edf,904.0,908.0,0.25,0.175,65,0.816044032726472,ok,0,12,11,0.0
chb02,chb02_02.edf,904.0,908.0,0.25,0.175,66,0.3428004452807938,ok,0,11,9,0.0
chb02,chb02_02.edf,904.0,908.0,0.25,0.175,67,0.7837496720494512,ok,0,11,9,0.0
chb02,chb02_02.edf,904.0,908.0,0.25,0.175,68,0.9848613212110338,ok,0,9,8,0.0
chb02,chb02_02.edf,904.0,908.0,0.25,0.175,69,1.1764082802397795,ok,0,9,7,0.0
chb02,chb02_02.edf,904.0,908.0,0.25,0.175,70,0.2793983295119334,ok,0,9,8,0.0
chb02,chb02_02.edf,904.0,908.0,0.25,0.175,71,1.6064083802046423,ok,0,12,11,0.0
chb02,chb02_02.edf,904.0,908.0,0.25,0.175,72,0.9990557900479503,ok,0,11,9,0.0
chb02,chb02_02.edf,904.0,908.0,0.25,0.175,73,0.5512208557574529,ok,0,8,7,0.0
chb02,chb02_02.edf,904.0,908.0,0.25,0.175,74,0.360793174048842,ok,0,12,9,0.0
chb02,chb02_02.edf,904.0,908.0,0.25,0.175,75,0.35394981220923855,ok,0,12,11,0.0
chb02,chb02_02.edf,904.0,908.0,0.25,0.175,76,0.3884791477511718,ok,0,13,12,0.0
chb02,chb02_02.edf,904.0,908.0,0.25,0.175,77,0.9447730595988872,ok,0,6,4,0.0
chb02,chb02_02.edf,904.0,908.0,0.25,0.175,78,1.2819009187236854,ok,0,9,8,0.0
chb02,chb02_02.edf,904.0,908.0,0.25,0.175,79,0.1609368397508929,ok,0,7,6,0.0
chb02,chb02_02.edf,904.0,908.0,0.25,0.175,80,0.18508067986596996,ok,0,11,9,0.0
chb02,chb02_02.edf,904.0,908.0,0.25,0.175,81,1.3558611738243374,ok,0,10,9,0.0
chb02,chb02_02.edf,904.0,908.0,0.25,0.35,62,0.7882313112373897,ok,0,8,7,0.0
chb02,chb02_02.edf,904.0,908.0,0.25,0.35,63,2.0341659854968963,ok,0,9,8,0.0
chb02,chb02_02.edf,904.0,908.0,0.25,0.35,64,0.8164674571303383,ok,0,8,7,0.0
chb02,chb02_02.edf,904.0,908.0,0.25,0.35,65,0.7975753683183996,ok,0,12,10,0.0
chb02,chb02_02.edf,904.0,908.0,0.25,0.35,66,0.3428004452807938,ok,0,11,9,0.0
chb02,chb02_02.edf,904.0,908.0,0.25,0.35,67,0.733371206693521,ok,0,10,9,0.0
chb02,chb02_02.edf,904.0,908.0,0.25,0.35,68,0.9901171243252742,ok,0,9,8,0.0
chb02,chb02_02.edf,904.0,908.0,0.25,0.35,69,1.1764082802397795,ok,0,9,7,0.0
chb02,chb02_02.edf,904.0,908.0,0.25,0.35,70,0.2793983295119334,ok,0,9,8,0.0
chb02,chb02_02.edf,904.0,908.0,0.25,0.35,71,1.6064083802046423,ok,0,12,11,0.0
chb02,chb02_02.edf,904.0,908.0,0.25,0.35,72,1.0153301098497254,ok,0,10,8,0.0
chb02,chb02_02.edf,904.0,908.0,0.25,0.35,73,0.5598265149909978,ok,0,8,7,0.0
chb02,chb02_02.edf,904.0,908.0,0.25,0.35,74,0.34829779030324665,ok,0,12,9,0.0
chb02,chb02_02.edf,904.0,908.0,0.25,0.35,75,0.5705259631531985,ok,0,9,8,0.0
chb02,chb02_02.edf,904.0,908.0,0.25,0.35,76,0.26812673810897814,ok,0,12,11,0.0
chb02,chb02_02.edf,904.0,908.0,0.25,0.35,77,0.8082721727422603,ok,0,5,3,0.0
chb02,chb02_02.edf,904.0,908.0,0.25,0.35,78,1.2819009187236854,ok,0,9,8,0.0
chb02,chb02_02.edf,904.0,908.0,0.25,0.35,79,0.15092040263009227,ok,0,7,6,0.0
chb02,chb02_02.edf,904.0,908.0,0.25,0.35,80,0.18508067986596996,ok,0,11,9,0.0
chb02,chb02_02.edf,904.0,908.0,0.25,0.35,81,1.3560408846739733,ok,0,10,9,0.0
chb02,chb02_02.edf,904.0,908.0,0.25,0.7,62,0.5000426535999561,ok,0,9,8,0.0
chb02,chb02_02.edf,904.0,908.0,0.25,0.7,63,1.871448009220188,ok,0,8,7,0.0
chb02,chb02_02.edf,904.0,908.0,0.25,0.7,64,0.7849899597013277,ok,0,11,10,0.0
chb02,chb02_02.edf,904.0,908.0,0.25,0.7,65,0.745358368264103,ok,0,11,10,0.0
chb02,chb02_02.edf,904.0,908.0,0.25,0.7,66,0.171265006287195,ok,0,12,10,0.0
chb02,chb02_02.edf,904.0,908.0,0.25,0.7,67,0.491914905108254,ok,0,12,10,0.0
chb02,chb02_02.edf,904.0,908.0,0.25,0.7,68,0.9013649309923755,ok,0,8,7,0.0
chb02,chb02_02.edf,904.0,908.0,0.25,0.7,69,1.2321084211935625,ok,0,10,8,0.0
chb02,chb02_02.edf,904.0,908.0,0.25,0.7,70,0.4380318473144032,ok,0,10,9,0.0
chb02,chb02_02.edf,904.0,908.0,0.25,0.7,71,1.505821787122434,ok,0,11,10,0.0
chb02,chb02_02.edf,904.0,908.0,0.25,0.7,72,0.9206539730247141,ok,0,10,9,0.0
chb02,chb02_02.edf,904.0,908.0,0.25,0.7,73,0.49917680002049997,ok,0,8,6,0.0
chb02,chb02_02.edf,904.0,908.0,0.25,0.7,74,0.5652515176374387,ok,0,10,8,0.0
chb02,chb02_02.edf,904.0,908.0,0.25,0.7,75,0.5483805570880101,ok,0,9,8,0.0
chb02,chb02_02.edf,904.0,908.0,0.25,0.7,76,0.25524047754294726,ok,0,13,12,0.0
chb02,chb02_02.edf,904.0,908.0,0.25,0.7,77,0.45682620592125917,ok,0,7,6,0.0
chb02,chb02_02.edf,904.0,908.0,0.25,0.7,78,1.0128606750880496,ok,0,7,6,0.0
chb02,chb02_02.edf,904.0,908.0,0.25,0.7,79,1.6195612739239447,ok,0,9,7,0.0
chb02,chb02_02.edf,904.0,908.0,0.25,0.7,80,0.08673860918263171,ok,0,13,11,0.0
chb02,chb02_02.edf,904.0,908.0,0.25,0.7,81,1.2077635109936515,ok,0,10,9,0.0
chb02,chb02_02.edf,904.0,908.0,0.5,0.0,62,0.5712931377579745,ok,0,12,11,0.0
chb02,chb02_02.edf,904.0,908.0,0.5,0.0,63,0.16726057798219393,ok,0,8,7,0.0
chb02,chb02_02.edf,904.0,908.0,0.5,0.0,64,0.19637001542360058,ok,0,9,8,0.0
chb02,chb02_02.edf,904.0,908.0,0.5,0.0,65,0.546024803519956,ok,0,10,8,0.0
chb02,chb02_02.edf,904.0,908.0,0.5,0.0,66,0.3428004452807938,ok,0,11,9,0.0
chb02,chb02_02.edf,904.0,908.0,0.5,0.0,67,0.9454773281444654,ok,0,7,6,0.0
chb02,chb02_02.edf,904.0,908.0,0.5,0.0,68,1.2291207868644798,ok,0,12,11,0.0
chb02,chb02_02.edf,904.0,908.0,0.5,0.0,69,1.1682562182790923,ok,0,9,7,0.0
chb02,chb02_02.edf,904.0,908.0,0.5,0.0,70,0.5111811702061327,ok,0,14,13,0.0
chb02,chb02_02.edf,904.0,908.0,0.5,0.0,71,1.8179982256514546,ok,0,11,9,0.0
chb02,chb02_02.edf,904.0,908.0,0.5,0.0,72,0.18642507739616473,ok,0,6,5,0.0
chb02,chb02_02.edf,904.0,908.0,0.5,0.0,73,0.6286253346157429,ok,0,10,9,0.0
chb02,chb02_02.edf,904.0,908.0,0.5,0.0,74,0.6476197533905482,ok,0,9,7,0.0
chb02,chb02_02.edf,904.0,908.0,0.5,0.0,75,0.9626906857352386,ok,0,12,10,0.0
chb02,chb02_02.edf,904.0,908.0,0.5,0.0,76,0.48840569686484475,ok,0,10,9,0.0
chb02,chb02_02.edf,904.0,908.0,0.5,0.0,77,1.4397992123948258,ok,0,10,9,0.0
chb02,chb02_02.edf,904.0,908.0,0.5,0.0,78,0.8783739115481473,ok,0,10,9,0.0
chb02,chb02_02.edf,904.0,908.0,0.5,0.0,79,0.6660998123404629,ok,0,8,7,0.0
chb02,chb02_02.edf,904.0,908.0,0.5,0.0,80,0.48943288169382493,ok,0,10,8,0.0
chb02,chb02_02.edf,904.0,908.0,0.5,0.0,81,1.3487816138931745,ok,0,10,9,0.0
chb02,chb02_02.edf,904.0,908.0,0.5,0.175,62,0.5687028088741318,ok,0,12,11,0.0
chb02,chb02_02.edf,904.0,908.0,0.5,0.175,63,0.18960006561314807,ok,0,8,7,0.0
chb02,chb02_02.edf,904.0,908.0,0.5,0.175,64,0.19637001542360058,ok,0,9,8,0.0
chb02,chb02_02.edf,904.0,908.0,0.5,0.175,65,0.5518250131061467,ok,0,10,8,0.0
chb02,chb02_02.edf,904.0,908.0,0.5,0.175,66,0.3428004452807938,ok,0,11,9,0.0
chb02,chb02_02.edf,904.0,908.0,0.5,0.175,67,0.9454773281444654,ok,0,7,6,0.0
chb02,chb02_02.edf,904.0,908.0,0.5,0.175,68,1.2291207868644798,ok,0,12,11,0.0
chb02,chb02_02.edf,904.0,908.0,0.5,0.175,69,1.1682562182790923,ok,0,9,7,0.0
chb02,chb02_02.edf,904.0,908.0,0.5,0.175,70,0.5111811702061327,ok,0,14,13,0.0
chb02,chb02_02.edf,904.0,908.0,0.5,0.175,71,1.9023929873762566,ok,0,11,10,0.0
chb02,chb02_02.edf,904.0,908.0,0.5,0.175,72,0.18642507739616473,ok,0,6,5,0.0
chb02,chb02_02.edf,904.0,908.0,0.5,0.175,73,0.6177303555606362,ok,0,10,9,0.0
chb02,chb02_02.edf,904.0,908.0,0.5,0.175,74,0.6982363301432898,ok,0,11,9,0.0
chb02,chb02_02.edf,904.0,908.0,0.5,0.175,75,0.9626906857352386,ok,0,12,10,0.0
chb02,chb02_02.edf,904.0,908.0,0.5,0.175,76,0.27599152120261494,ok,0,10,9,0.0
chb02,chb02_02.edf,904.0,908.0,0.5,0.175,77,1.4397992123948258,ok,0,10,9,0.0
chb02,chb02_02.edf,904.0,908.0,0.5,0.175,78,0.5496293602183737,ok,0,11,10,0.0
chb02,chb02_02.edf,904.0,908.0,0.5,0.175,79,0.1609368397508929,ok,0,7,6,0.0
chb02,chb02_02.edf,904.0,908.0,0.5,0.175,80,0.5120702405008243,ok,0,11,9,0.0
chb02,chb02_02.edf,904.0,908.0,0.5,0.175,81,1.3090048744270146,ok,0,10,9,0.0
chb02,chb02_02.edf,904.0,908.0,0.5,0.35,62,0.526201623566371,ok,0,12,10,0.0
chb02,chb02_02.edf,904.0,908.0,0.5,0.35,63,0.19141100042806877,ok,0,8,7,0.0
chb02,chb02_02.edf,904.0,908.0,0.5,0.35,64,0.19269613344196232,ok,0,9,8,0.0
chb02,chb02_02.edf,904.0,908.0,0.5,0.35,65,0.5518250131061467,ok,0,10,8,0.0
chb02,chb02_02.edf,904.0,908.0,0.5,0.35,66,0.3428004452807938,ok,0,11,9,0.0
chb02,chb02_02.edf,904.0,908.0,0.5,0.35,67,0.9454773281444654,ok,0,7,6,0.0
chb02,chb02_02.edf,904.0,908.0,0.5,0.35,68,1.163081169018681,ok,0,11,10,0.0
chb02,chb02_02.edf,904.0,908.0,0.5,0.35,69,1.1682562182790923,ok,0,9,7,0.0
chb02,chb02_02.edf,904.0,908.0,0.5,0.35,70,0.5111811702061327,ok,0,14,13,0.0
chb02,chb02_02.edf,904.0,908.0,0.5,0.35,71,1.9023929873762566,ok,0,11,10,0.0
chb02,chb02_02.edf,904.0,908.0,0.5,0.35,72,1.6663308919078004,ok,0,7,6,0.0
chb02,chb02_02.edf,904.0,908.0,0.5,0.35,73,0.6177303555606362,ok,0,10,9,0.0
chb02,chb02_02.edf,904.0,908.0,0.5,0.35,74,0.6332115379734763,ok,0,10,8,0.0
chb02,chb02_02.edf,904.0,908.0,0.5,0.35,75,0.7061059694822076,ok,0,14,12,0.0
chb02,chb02_02.edf,904.0,908.0,0.5,0.35,76,0.19699438296969954,ok,0,10,9,0.0
chb02,chb02_02.edf,904.0,908.0,0.5,0.35,77,1.4397992123948258,ok,0,10,9,0.0
chb02,chb02_02.edf,904.0,908.0,0.5,0.35,78,0.5535302296947162,ok,0,11,9,0.0
chb02,chb02_02.edf,904.0,908.0,0.5,0.35,79,0.1609368397508929,ok,0,7,6,0.0
chb02,chb02_02.edf,904.0,908.0,0.5,0.35,80,0.5498073528135942,ok,0,10,8,0.0
chb02,chb02_02.edf,904.0,908.0,0.5,0.35,81,1.3529940374376748,ok,0,9,8,0.0
chb02,chb02_02.edf,904.0,908.0,0.5,0.7,62,0.5296384332478208,ok,0,12,10,0.0
chb02,chb02_02.edf,904.0,908.0,0.5,0.7,63,2.006583459995619,ok,0,9,8,0.0
chb02,chb02_02.edf,904.0,908.0,0.5,0.7,64,0.19269613344196232,ok,0,9,8,0.0
chb02,chb02_02.edf,904.0,908.0,0.5,0.7,65,0.7482635085694654,ok,0,13,10,0.0
chb02,chb02_02.edf,904.0,908.0,0.5,0.7,66,0.2742371326073363,ok,0,12,9,0.0
chb02,chb02_02.edf,904.0,908.0,0.5,0.7,67,0.9220659889498258,ok,0,7,6,0.0
chb02,chb02_02.edf,904.0,908.0,0.5,0.7,68,1.163081169018681,ok,0,11,10,0.0
chb02,chb02_02.edf,904.0,908.0,0.5,0.7,69,1.2952067874797188,ok,0,10,9,0.0
chb02,chb02_02.edf,904.0,908.0,0.5,0.7,70,0.5111811702061327,ok,0,14,13,0.0
chb02,chb02_02.edf,904.0,908.0,0.5,0.7,71,1.9023929873762566,ok,0,11,10,0.0
chb02,chb02_02.edf,904.0,908.0,0.5,0.7,72,1.6663308919078004,ok,0,7,6,0.0
chb02,chb02_02.edf,904.0,908.0,0.5,0.7,73,0.5585790923615125,ok,0,12,11,0.0
chb02,chb02_02.edf,904.0,908.0,0.5,0.7,74,0.4764801256330767,ok,0,12,10,0.0
chb02,chb02_02.edf,904.0,908.0,0.5,0.7,75,0.7026656273007222,ok,0,12,10,0.0
chb02,chb02_02.edf,904.0,908.0,0.5,0.7,76,0.12187150473640282,ok,0,9,7,0.0
chb02,chb02_02.edf,904.0,908.0,0.5,0.7,77,1.4404366547069316,ok,0,10,9,0.0
chb02,chb02_02.edf,904.0,908.0,0.5,0.7,78,0.5470928837675594,ok,0,10,8,0.0
chb02,chb02_02.edf,904.0,908.0,0.5,0.7,79,0.33481596205450037,ok,0,6,5,0.0
chb02,chb02_02.edf,904.0,908.0,0.5,0.7,80,0.6409033475176753,ok,0,11,9,0.0
chb02,chb02_02.edf,904.0,908.0,0.5,0.7,81,1.2952024395353345,ok,0,11,10,0.0
chb02,chb02_02.edf,904.0,908.0,1.0,0.0,62,0.7743914046997703,ok,0,11,10,0.0
chb02,chb02_02.edf,904.0,908.0,1.0,0.0,63,0.21488489744161204,ok,0,8,7,0.0
chb02,chb02_02.edf,904.0,908.0,1.0,0.0,64,0.17192047651837583,ok,0,10,9,0.0
chb02,chb02_02.edf,904.0,908.0,1.0,0.0,65,0.48620003231413916,ok,0,12,9,0.0
chb02,chb02_02.edf,904.0,908.0,1.0,0.0,66,1.3756822323974554,ok,0,13,11,0.0
chb02,chb02_02.edf,904.0,908.0,1.0,0.0,67,1.0067830609804835,ok,0,9,8,0.0
chb02,chb02_02.edf,904.0,908.0,1.0,0.0,68,1.5176810316646947,ok,0,13,11,0.0
chb02,chb02_02.edf,904.0,908.0,1.0,0.0,69,1.0610836315798138,ok,0,8,5,0.0
chb02,chb02_02.edf,904.0,908.0,1.0,0.0,70,0.981919803246944,ok,0,12,11,0.0
chb02,chb02_02.edf,904.0,908.0,1.0,0.0,71,1.7937447317653397,ok,0,10,8,0.0
chb02,chb02_02.edf,904.0,908.0,1.0,0.0,72,0.18642507739616473,ok,0,6,5,0.0
chb02,chb02_02.edf,904.0,908.0,1.0,0.0,73,0.5987516059102022,ok,0,9,8,0.0
chb02,chb02_02.edf,904.0,908.0,1.0,0.0,74,0.6443582292066723,ok,0,11,10,0.0
chb02,chb02_02.edf,904.0,908.0,1.0,0.0,75,1.65888681246551,ok,0,10,7,0.0
chb02,chb02_02.edf,904.0,908.0,1.0,0.0,76,0.22553402254439306,ok,0,12,11,0.0
chb02,chb02_02.edf,904.0,908.0,1.0,0.0,77,1.261454559020981,ok,0,10,9,0.0
chb02,chb02_02.edf,904.0,908.0,1.0,0.0,78,1.9856992051961986,ok,0,12,11,0.0
chb02,chb02_02.edf,904.0,908.0,1.0,0.0,79,0.1609368397508929,ok,0,7,6,0.0
chb02,chb02_02.edf,904.0,908.0,1.0,0.0,80,0.8375512923759941,ok,0,11,9,0.0
chb02,chb02_02.edf,904.0,908.0,1.0,0.0,81,1.3218647883394035,ok,0,10,8,0.0
chb02,chb02_02.edf,904.0,908.0,1.0,0.175,62,0.8181096350347377,ok,0,12,11,0.0
chb02,chb02_02.edf,904.0,908.0,1.0,0.175,63,0.14655956456718455,ok,0,8,7,0.0
chb02,chb02_02.edf,904.0,908.0,1.0,0.175,64,0.17599259780918877,ok,0,10,8,0.0
chb02,chb02_02.edf,904.0,908.0,1.0,0.175,65,0.48620003231413916,ok,0,12,9,0.0
chb02,chb02_02.edf,904.0,908.0,1.0,0.175,66,1.3756822323974554,ok,0,13,11,0.0
chb02,chb02_02.edf,904.0,908.0,1.0,0.175,67,1.0067830609804835,ok,0,9,8,0.0
chb02,chb02_02.edf,904.0,908.0,1.0,0.175,68,1.4403478634378917,ok,0,12,10,0.0
chb02,chb02_02.edf,904.0,908.0,1.0,0.175,69,1.0610836315798138,ok,0,8,5,0.0
chb02,chb02_02.edf,904.0,908.0,1.0,0.175,70,1.0713161689866328,ok,0,12,9,0.0
chb02,chb02_02.edf,904.0,908.0,1.0,0.175,71,1.7937447317653397,ok,0,10,8,0.0
chb02,chb02_02.edf,904.0,908.0,1.0,0.175,72,0.18642507739616473,ok,0,6,5,0.0
chb02,chb02_02.edf,904.0,908.0,1.0,0.175,73,0.6191720810400293,ok,0,9,8,0.0
chb02,chb02_02.edf,904.0,908.0,1.0,0.175,74,0.6459406006850896,ok,0,11,10,0.0
chb02,chb02_02.edf,904.0,908.0,1.0,0.175,75,1.5723762842569506,ok,0,9,7,0.0
chb02,chb02_02.edf,904.0,908.0,1.0,0.175,76,0.22553402254439306,ok,0,12,11,0.0
chb02,chb02_02.edf,904.0,908.0,1.0,0.175,77,1.261454559020981,ok,0,10,9,0.0
chb02,chb02_02.edf,904.0,908.0,1.0,0.175,78,1.9856992051961986,ok,0,12,11,0.0
chb02,chb02_02.edf,904.0,908.0,1.0,0.175,79,0.1609368397508929,ok,0,7,6,0.0
chb02,chb02_02.edf,904.0,908.0,1.0,0.175,80,0.9244954663863411,ok,0,10,8,0.0
chb02,chb02_02.edf,904.0,908.0,1.0,0.175,81,1.3218647883394035,ok,0,10,8,0.0
chb02,chb02_02.edf,904.0,908.0,1.0,0.35,62,0.7769150614130934,ok,0,12,10,0.0
chb02,chb02_02.edf,904.0,908.0,1.0,0.35,63,0.14655956456718455,ok,0,8,7,0.0
chb02,chb02_02.edf,904.0,908.0,1.0,0.35,64,0.17599259780918877,ok,0,10,8,0.0
chb02,chb02_02.edf,904.0,908.0,1.0,0.35,65,0.48620003231413916,ok,0,12,9,0.0
chb02,chb02_02.edf,904.0,908.0,1.0,0.35,66,1.3756822323974554,ok,0,13,11,0.0
chb02,chb02_02.edf,904.0,908.0,1.0,0.35,67,1.0067830609804835,ok,0,9,8,0.0
chb02,chb02_02.edf,904.0,908.0,1.0,0.35,68,1.4038442313024748,ok,0,11,9,0.0
chb02,chb02_02.edf,904.0,908.0,1.0,0.35,69,1.062607072954729,ok,0,9,6,0.0
chb02,chb02_02.edf,904.0,908.0,1.0,0.35,70,1.0713161689866328,ok,0,12,9,0.0
chb02,chb02_02.edf,904.0,908.0,1.0,0.35,71,1.7937447317653397,ok,0,10,8,0.0
chb02,chb02_02.edf,904.0,908.0,1.0,0.35,72,0.18642507739616473,ok,0,6,5,0.0
chb02,chb02_02.edf,904.0,908.0,1.0,0.35,73,0.6765236117286009,ok,0,9,8,0.0
chb02,chb02_02.edf,904.0,908.0,1.0,0.35,74,0.6341272283316903,ok,0,11,10,0.0
chb02,chb02_02.edf,904.0,908.0,1.0,0.35,75,1.577872887193188,ok,0,10,8,0.0
chb02,chb02_02.edf,904.0,908.0,1.0,0.35,76,0.22553402254439306,ok,0,12,11,0.0
chb02,chb02_02.edf,904.0,908.0,1.0,0.35,77,1.261454559020981,ok,0,10,9,0.0
chb02,chb02_02.edf,904.0,908.0,1.0,0.35,78,1.9866592065374562,ok,0,12,11,0.0
chb02,chb02_02.edf,904.0,908.0,1.0,0.35,79,0.1609368397508929,ok,0,7,6,0.0
chb02,chb02_02.edf,904.0,908.0,1.0,0.35,80,0.8405036655543509,ok,0,11,9,0.0
chb02,chb02_02.edf,904.0,908.0,1.0,0.35,81,1.2780298521640623,ok,0,10,8,0.0
chb02,chb02_02.edf,904.0,908.0,1.0,0.7,62,0.7769150614130934,ok,0,12,10,0.0
chb02,chb02_02.edf,904.0,908.0,1.0,0.7,63,0.19141100042806877,ok,0,8,7,0.0
chb02,chb02_02.edf,904.0,908.0,1.0,0.7,64,0.34600165381214254,ok,0,9,8,0.0
chb02,chb02_02.edf,904.0,908.0,1.0,0.7,65,0.48620003231413916,ok,0,12,9,0.0
chb02,chb02_02.edf,904.0,908.0,1.0,0.7,66,1.3756822323974554,ok,0,13,11,0.0
chb02,chb02_02.edf,904.0,908.0,1.0,0.7,67,1.0067830609804835,ok,0,9,8,0.0
chb02,chb02_02.edf,904.0,908.0,1.0,0.7,68,1.4038442313024748,ok,0,11,9,0.0
chb02,chb02_02.edf,904.0,908.0,1.0,0.7,69,1.062607072954729,ok,0,9,6,0.0
chb02,chb02_02.edf,904.0,908.0,1.0,0.7,70,1.0543417192571933,ok,0,12,9,0.0
chb02,chb02_02.edf,904.0,908.0,1.0,0.7,71,1.6463737242568683,ok,0,9,7,0.0
chb02,chb02_02.edf,904.0,908.0,1.0,0.7,72,1.6663308919078004,ok,0,7,6,0.0
chb02,chb02_02.edf,904.0,908.0,1.0,0.7,73,0.677113768574006,ok,0,9,8,0.0
chb02,chb02_02.edf,904.0,908.0,1.0,0.7,74,0.54629677150538,ok,0,12,10,0.0
chb02,chb02_02.edf,904.0,908.0,1.0,0.7,75,1.577872887193188,ok,0,10,8,0.0
chb02,chb02_02.edf,904.0,908.0,1.0,0.7,76,0.29581942254080273,ok,0,11,10,0.0
chb02,chb02_02.edf,904.0,908.0,1.0,0.7,77,1.261454559020981,ok,0,10,9,0.0
chb02,chb02_02.edf,904.0,908.0,1.0,0.7,78,1.9876372132073012,ok,0,12,11,0.0
chb02,chb02_02.edf,904.0,908.0,1.0,0.7,79,0.1609368397508929,ok,0,7,6,0.0
chb02,chb02_02.edf,904.0,908.0,1.0,0.7,80,0.8602822044210318,ok,0,11,9,0.0
chb02,chb02_02.edf,904.0,908.0,1.0,0.7,81,1.2052247760822812,ok,0,10,8,0.0
chb02,chb02_02.edf,2700.0,2704.0,0.25,0.0,62,0.6171842911523988,ok,0,10,9,0.0
chb02,chb02_02.edf,2700.0,2704.0,0.25,0.0,63,2.043747370146671,ok,0,9,8,0.0
chb02,chb02_02.edf,2700.0,2704.0,0.25,0.0,64,0.8756532617719204,ok,0,9,8,0.0
chb02,chb02_02.edf,2700.0,2704.0,0.25,0.0,65,0.9667718123938864,ok,0,11,10,0.0
chb02,chb02_02.edf,2700.0,2704.0,0.25,0.0,66,0.3631787913269073,ok,0,11,9,0.0
chb02,chb02_02.edf,2700.0,2704.0,0.25,0.0,67,0.8092054221906116,ok,0,11,9,0.0
chb02,chb02_02.edf,2700.0,2704.0,0.25,0.0,68,0.9681035064574081,ok,0,9,8,0.0
chb02,chb02_02.edf,2700.0,2704.0,0.25,0.0,69,1.241548694349417,ok,0,10,8,0.0
chb02,chb02_02.edf,2700.0,2704.0,0.25,0.0,70,0.2793983295119334,ok,0,9,8,0.0
chb02,chb02_02.edf,2700.0,2704.0,0.25,0.0,71,1.5904417843670142,ok,0,12,11,0.0
chb02,chb02_02.edf,2700.0,2704.0,0.25,0.0,72,0.9990557900479503,ok,0,11,9,0.0
chb02,chb02_02.edf,2700.0,2704.0,0.25,0.0,73,0.4814093715175572,ok,0,8,7,0.0
chb02,chb02_02.edf,2700.0,2704.0,0.25,0.0,74,0.6162790697674418,ok,0,11,8,0.0
chb02,chb02_02.edf,2700.0,2704.0,0.25,0.0,75,0.35394981220923855,ok,0,12,11,0.0
chb02,chb02_02.edf,2700.0,2704.0,0.25,0.0,76,0.3909772130214703,ok,0,12,11,0.0
chb02,chb02_02.edf,2700.0,2704.0,0.25,0.0,77,0.9447730595988872,ok,0,6,4,0.0
chb02,chb02_02.edf,2700.0,2704.0,0.25,0.0,78,1.3483863463099397,ok,0,11,10,0.0
chb02,chb02_02.edf,2700.0,2704.0,0.25,0.0,79,0.1609368397508929,ok,0,7,6,0.0
chb02,chb02_02.edf,2700.0,2704.0,0.25,0.0,80,0.1797136108456547,ok,0,12,10,0.0
chb02,chb02_02.edf,2700.0,2704.0,0.25,0.0,81,1.4033891062507988,ok,0,10,7,0.0
chb02,chb02_02.edf,2700.0,2704.0,0.25,0.175,62,0.6171842911523988,ok,0,10,9,0.0
chb02,chb02_02.edf,2700.0,2704.0,0.25,0.175,63,2.043747370146671,ok,0,9,8,0.0
chb02,chb02_02.edf,2700.0,2704.0,0.25,0.175,64,0.8756532617719204,ok,0,9,8,0.0
chb02,chb02_02.edf,2700.0,2704.0,0.25,0.175,65,0.9414616009623639,ok,0,11,9,0.0
chb02,chb02_02.edf,2700.0,2704.0,0.25,0.175,66,0.3428004452807938,ok,0,11,9,0.0
chb02,chb02_02.edf,2700.0,2704.0,0.25,0.175,67,0.8092054221906116,ok,0,11,9,0.0
chb02,chb02_02.edf,2700.0,2704.0,0.25,0.175,68,0.9681035064574081,ok,0,9,8,0.0
chb02,chb02_02.edf,2700.0,2704.0,0.25,0.175,69,1.241548694349417,ok,0,10,8,0.0
chb02,chb02_02.edf,2700.0,2704.0,0.25,0.175,70,0.2793983295119334,ok,0,9,8,0.0
chb02,chb02_02.edf,2700.0,2704.0,0.25,0.175,71,1.5904417843670142,ok,0,12,11,0.0
chb02,chb02_02.edf,2700.0,2704.0,0.25,0.175,72,0.9990557900479503,ok,0,11,9,0.0
chb02,chb02_02.edf,2700.0,2704.0,0.25,0.175,73,0.5222483000558874,ok,0,9,8,0.0
chb02,chb02_02.edf,2700.0,2704.0,0.25,0.175,74,0.6162790697674418,ok,0,11,8,0.0
chb02,chb02_02.edf,2700.0,2704.0,0.25,0.175,75,0.39215394067812964,ok,0,12,11,0.0
chb02,chb02_02.edf,2700.0,2704.0,0.25,0.175,76,0.3909772130214703,ok,0,12,11,0.0
chb02,chb02_02.edf,2700.0,2704.0,0.25,0.175,77,0.9447730595988872,ok,0,6,4,0.0
chb02,chb02_02.edf,2700.0,2704.0,0.25,0.175,78,1.2156084762081862,ok,0,11,8,0.0
chb02,chb02_02.edf,2700.0,2704.0,0.25,0.175,79,0.1609368397508929,ok,0,7,6,0.0
chb02,chb02_02.edf,2700.0,2704.0,0.25,0.175,80,0.21929051768300356,ok,0,12,9,0.0
chb02,chb02_02.edf,2700.0,2704.0,0.25,0.175,81,1.391697303472564,ok,0,9,8,0.0
chb02,chb02_02.edf,2700.0,2704.0,0.25,0.35,62,0.5312253998074805,ok,0,9,8,0.0
chb02,chb02_02.edf,2700.0,2704.0,0.25,0.35,63,2.043747370146671,ok,0,9,8,0.0
chb02,chb02_02.edf,2700.0,2704.0,0.25,0.35,64,0.8756532617719204,ok,0,9,8,0.0
chb02,chb02_02.edf,2700.0,2704.0,0.25,0.35,65,0.8046475026264986,ok,0,9,8,0.0
chb02,chb02_02.edf,2700.0,2704.0,0.25,0.35,66,0.3428004452807938,ok,0,11,9,0.0
chb02,chb02_02.edf,2700.0,2704.0,0.25,0.35,67,0.783791825958291,ok,0,11,9,0.0
chb02,chb02_02.edf,2700.0,2704.0,0.25,0.35,68,1.1245613812384856,ok,0,9,8,0.0
chb02,chb02_02.edf,2700.0,2704.0,0.25,0.35,69,1.241548694349417,ok,0,10,8,0.0
chb02,chb02_02.edf,2700.0,2704.0,0.25,0.35,70,0.2793983295119334,ok,0,9,8,0.0
chb02,chb02_02.edf,2700.0,2704.0,0.25,0.35,71,1.5654836839456696,ok,0,12,11,0.0
chb02,chb02_02.edf,2700.0,2704.0,0.25,0.35,72,0.923271360985497,ok,0,11,9,0.0
chb02,chb02_02.edf,2700.0,2704.0,0.25,0.35,73,0.5262292957429914,ok,0,9,8,0.0
chb02,chb02_02.edf,2700.0,2704.0,0.25,0.35,74,0.31703376954670115,ok,0,12,9,0.0
chb02,chb02_02.edf,2700.0,2704.0,0.25,0.35,75,0.6340204925012681,ok,0,11,10,0.0
chb02,chb02_02.edf,2700.0,2704.0,0.25,0.35,76,0.3909772130214703,ok,0,12,11,0.0
chb02,chb02_02.edf,2700.0,2704.0,0.25,0.35,77,0.8852927255301171,ok,0,6,4,0.0
chb02,chb02_02.edf,2700.0,2704.0,0.25,0.35,78,1.1341872814902296,ok,0,11,7,0.0
chb02,chb02_02.edf,2700.0,2704.0,0.25,0.35,79,0.1609368397508929,ok,0,7,6,0.0
chb02,chb02_02.edf,2700.0,2704.0,0.25,0.35,80,0.21605627340752429,ok,0,11,9,0.0
chb02,chb02_02.edf,2700.0,2704.0,0.25,0.35,81,1.391697303472564,ok,0,9,8,0.0
chb02,chb02_02.edf,2700.0,2704.0,0.25,0.7,62,0.6726117506154543,ok,0,11,10,0.0
chb02,chb02_02.edf,2700.0,2704.0,0.25,0.7,63,1.8880701910307307,ok,0,9,7,0.0
chb02,chb02_02.edf,2700.0,2704.0,0.25,0.7,64,0.8752400736126744,ok,0,9,8,0.0
chb02,chb02_02.edf,2700.0,2704.0,0.25,0.7,65,0.7383480550388709,ok,0,8,7,0.0
chb02,chb02_02.edf,2700.0,2704.0,0.25,0.7,66,0.3455869941264749,ok,0,11,9,0.0
chb02,chb02_02.edf,2700.0,2704.0,0.25,0.7,67,0.7911341711023,ok,0,11,9,0.0
chb02,chb02_02.edf,2700.0,2704.0,0.25,0.7,68,1.124465222760238,ok,0,9,8,0.0
chb02,chb02_02.edf,2700.0,2704.0,0.25,0.7,69,1.241548694349417,ok,0,10,8,0.0
chb02,chb02_02.edf,2700.0,2704.0,0.25,0.7,70,0.2850088804323723,ok,0,8,7,0.0
chb02,chb02_02.edf,2700.0,2704.0,0.25,0.7,71,1.5574206745901735,ok,0,12,11,0.0
chb02,chb02_02.edf,2700.0,2704.0,0.25,0.7,72,0.8358099468693528,ok,0,12,10,0.0
chb02,chb02_02.edf,2700.0,2704.0,0.25,0.7,73,0.43885267509622494,ok,0,10,9,0.0
chb02,chb02_02.edf,2700.0,2704.0,0.25,0.7,74,0.324955472457083,ok,0,13,10,0.0
chb02,chb02_02.edf,2700.0,2704.0,0.25,0.7,75,0.6368351341071711,ok,0,11,10,0.0
chb02,chb02_02.edf,2700.0,2704.0,0.25,0.7,76,0.3909772130214703,ok,0,12,11,0.0
chb02,chb02_02.edf,2700.0,2704.0,0.25,0.7,77,0.8834069477192235,ok,0,6,4,0.0
chb02,chb02_02.edf,2700.0,2704.0,0.25,0.7,78,1.650838274476302,ok,0,10,7,0.0
chb02,chb02_02.edf,2700.0,2704.0,0.25,0.7,79,0.6660998123404629,ok,0,8,7,0.0
chb02,chb02_02.edf,2700.0,2704.0,0.25,0.7,80,0.21059035204970733,ok,0,11,9,0.0
chb02,chb02_02.edf,2700.0,2704.0,0.25,0.7,81,1.3591282992381686,ok,0,9,8,0.0
chb02,chb02_02.edf,2700.0,2704.0,0.5,0.0,62,0.5712931377579745,ok,0,12,11,0.0
chb02,chb02_02.edf,2700.0,2704.0,0.5,0.0,63,0.16726057798219393,ok,0,8,7,0.0
chb02,chb02_02.edf,2700.0,2704.0,0.5,0.0,64,0.19637001542360058,ok,0,9,8,0.0
chb02,chb02_02.edf,2700.0,2704.0,0.5,0.0,65,0.546024803519956,ok,0,10,8,0.0
chb02,chb02_02.edf,2700.0,2704.0,0.5,0.0,66,0.3428004452807938,ok,0,11,9,0.0
chb02,chb02_02.edf,2700.0,2704.0,0.5,0.0,67,0.9454773281444654,ok,0,7,6,0.0
chb02,chb02_02.edf,2700.0,2704.0,0.5,0.0,68,1.2291207868644798,ok,0,12,11,0.0
chb02,chb02_02.edf,2700.0,2704.0,0.5,0.0,69,1.1682562182790923,ok,0,9,7,0.0
chb02,chb02_02.edf,2700.0,2704.0,0.5,0.0,70,0.5111811702061327,ok,0,14,13,0.0
chb02,chb02_02.edf,2700.0,2704.0,0.5,0.0,71,1.8179982256514546,ok,0,11,9,0.0
chb02,chb02_02.edf,2700.0,2704.0,0.5,0.0,72,0.18642507739616473,ok,0,6,5,0.0
chb02,chb02_02.edf,2700.0,2704.0,0.5,0.0,73,0.6286253346157429,ok,0,10,9,0.0
chb02,chb02_02.edf,2700.0,2704.0,0.5,0.0,74,0.6476197533905482,ok,0,9,7,0.0
chb02,chb02_02.edf,2700.0,2704.0,0.5,0.0,75,0.9626906857352386,ok,0,12,10,0.0
chb02,chb02_02.edf,2700.0,2704.0,0.5,0.0,76,0.48840569686484475,ok,0,10,9,0.0
chb02,chb02_02.edf,2700.0,2704.0,0.5,0.0,77,1.4397992123948258,ok,0,10,9,0.0
chb02,chb02_02.edf,2700.0,2704.0,0.5,0.0,78,0.8783739115481473,ok,0,10,9,0.0
chb02,chb02_02.edf,2700.0,2704.0,0.5,0.0,79,0.6660998123404629,ok,0,8,7,0.0
chb02,chb02_02.edf,2700.0,2704.0,0.5,0.0,80,0.48943288169382493,ok,0,10,8,0.0
chb02,chb02_02.edf,2700.0,2704.0,0.5,0.0,81,1.3487816138931745,ok,0,10,9,0.0
chb02,chb02_02.edf,2700.0,2704.0,0.5,0.175,62,0.5687028088741318,ok,0,12,11,0.0
chb02,chb02_02.edf,2700.0,2704.0,0.5,0.175,63,0.16726057798219393,ok,0,8,7,0.0
chb02,chb02_02.edf,2700.0,2704.0,0.5,0.175,64,0.19637001542360058,ok,0,9,8,0.0
chb02,chb02_02.edf,2700.0,2704.0,0.5,0.175,65,0.546024803519956,ok,0,10,8,0.0
chb02,chb02_02.edf,2700.0,2704.0,0.5,0.175,66,0.3428004452807938,ok,0,11,9,0.0
chb02,chb02_02.edf,2700.0,2704.0,0.5,0.175,67,0.9454773281444654,ok,0,7,6,0.0
chb02,chb02_02.edf,2700.0,2704.0,0.5,0.175,68,1.341276321721398,ok,0,11,10,0.0
chb02,chb02_02.edf,2700.0,2704.0,0.5,0.175,69,1.1682562182790923,ok,0,9,7,0.0
chb02,chb02_02.edf,2700.0,2704.0,0.5,0.175,70,0.5111811702061327,ok,0,14,13,0.0
chb02,chb02_02.edf,2700.0,2704.0,0.5,0.175,71,1.8179982256514546,ok,0,11,9,0.0
chb02,chb02_02.edf,2700.0,2704.0,0.5,0.175,72,0.18642507739616473,ok,0,6,5,0.0
chb02,chb02_02.edf,2700.0,2704.0,0.5,0.175,73,0.660765095154047,ok,0,10,9,0.0
chb02,chb02_02.edf,2700.0,2704.0,0.5,0.175,74,0.6476197533905482,ok,0,9,7,0.0
chb02,chb02_02.edf,2700.0,2704.0,0.5,0.175,75,0.9626906857352386,ok,0,12,10,0.0
chb02,chb02_02.edf,2700.0,2704.0,0.5,0.175,76,0.48840569686484475,ok,0,10,9,0.0
chb02,chb02_02.edf,2700.0,2704.0,0.5,0.175,77,1.4397992123948258,ok,0,10,9,0.0
chb02,chb02_02.edf,2700.0,2704.0,0.5,0.175,78,0.5535302296947162,ok,0,11,9,0.0
chb02,chb02_02.edf,2700.0,2704.0,0.5,0.175,79,0.6660998123404629,ok,0,8,7,0.0
chb02,chb02_02.edf,2700.0,2704.0,0.5,0.175,80,0.7001723173641382,ok,0,11,9,0.0
chb02,chb02_02.edf,2700.0,2704.0,0.5,0.175,81,1.3487816138931745,ok,0,10,9,0.0
chb02,chb02_02.edf,2700.0,2704.0,0.5,0.35,62,0.6321053139234039,ok,0,13,12,0.0
chb02,chb02_02.edf,2700.0,2704.0,0.5,0.35,63,0.20228833216391953,ok,0,8,7,0.0
chb02,chb02_02.edf,2700.0,2704.0,0.5,0.35,64,0.19637001542360058,ok,0,9,8,0.0
chb02,chb02_02.edf,2700.0,2704.0,0.5,0.35,65,0.5652952102074199,ok,0,8,7,0.0
chb02,chb02_02.edf,2700.0,2704.0,0.5,0.35,66,0.3428004452807938,ok,0,11,9,0.0
chb02,chb02_02.edf,2700.0,2704.0,0.5,0.35,67,0.9454773281444654,ok,0,7,6,0.0
chb02,chb02_02.edf,2700.0,2704.0,0.5,0.35,68,1.3869827491048006,ok,0,10,9,0.0
chb02,chb02_02.edf,2700.0,2704.0,0.5,0.35,69,1.1682562182790923,ok,0,9,7,0.0
chb02,chb02_02.edf,2700.0,2704.0,0.5,0.35,70,0.5111811702061327,ok,0,14,13,0.0
chb02,chb02_02.edf,2700.0,2704.0,0.5,0.35,71,1.7857376180233748,ok,0,11,9,0.0
chb02,chb02_02.edf,2700.0,2704.0,0.5,0.35,72,0.18642507739616473,ok,0,6,5,0.0
chb02,chb02_02.edf,2700.0,2704.0,0.5,0.35,73,0.6612102406498989,ok,0,10,9,0.0
chb02,chb02_02.edf,2700.0,2704.0,0.5,0.35,74,0.6476197533905482,ok,0,9,7,0.0
chb02,chb02_02.edf,2700.0,2704.0,0.5,0.35,75,0.9654666566235744,ok,0,12,10,0.0
chb02,chb02_02.edf,2700.0,2704.0,0.5,0.35,76,0.48840569686484475,ok,0,10,9,0.0
chb02,chb02_02.edf,2700.0,2704.0,0.5,0.35,77,1.4404366547069316,ok,0,10,9,0.0
chb02,chb02_02.edf,2700.0,2704.0,0.5,0.35,78,0.5535302296947162,ok,0,11,9,0.0
chb02,chb02_02.edf,2700.0,2704.0,0.5,0.35,79,0.6660998123404629,ok,0,8,7,0.0
chb02,chb02_02.edf,2700.0,2704.0,0.5,0.35,80,0.7001723173641382,ok,0,11,9,0.0
chb02,chb02_02.edf,2700.0,2704.0,0.5,0.35,81,1.3487816138931745,ok,0,10,9,0.0
chb02,chb02_02.edf,2700.0,2704.0,0.5,0.7,62,0.5926102536060577,ok,0,13,11,0.0
chb02,chb02_02.edf,2700.0,2704.0,0.5,0.7,63,0.20228833216391953,ok,0,8,7,0.0
chb02,chb02_02.edf,2700.0,2704.0,0.5,0.7,64,0.32340609100535583,ok,0,9,8,0.0
chb02,chb02_02.edf,2700.0,2704.0,0.5,0.7,65,0.5652952102074199,ok,0,8,7,0.0
chb02,chb02_02.edf,2700.0,2704.0,0.5,0.7,66,0.3375933909545367,ok,0,11,9,0.0
chb02,chb02_02.edf,2700.0,2704.0,0.5,0.7,67,0.8794503296259077,ok,0,8,7,0.0
chb02,chb02_02.edf,2700.0,2704.0,0.5,0.7,68,1.2900582128704638,ok,0,10,9,0.0
chb02,chb02_02.edf,2700.0,2704.0,0.5,0.7,69,1.1698666796376167,ok,0,9,7,0.0
chb02,chb02_02.edf,2700.0,2704.0,0.5,0.7,70,0.4595801078437058,ok,0,13,12,0.0
chb02,chb02_02.edf,2700.0,2704.0,0.5,0.7,71,1.7752646359778677,ok,0,11,9,0.0
chb02,chb02_02.edf,2700.0,2704.0,0.5,0.7,72,0.18642507739616473,ok,0,6,5,0.0
chb02,chb02_02.edf,2700.0,2704.0,0.5,0.7,73,0.664220256939105,ok,0,10,9,0.0
chb02,chb02_02.edf,2700.0,2704.0,0.5,0.7,74,0.655280757217913,ok,0,10,8,0.0
chb02,chb02_02.edf,2700.0,2704.0,0.5,0.7,75,0.8673416710815085,ok,0,12,10,0.0
chb02,chb02_02.edf,2700.0,2704.0,0.5,0.7,76,0.48840569686484475,ok,0,10,9,0.0
chb02,chb02_02.edf,2700.0,2704.0,0.5,0.7,77,1.4404366547069316,ok,0,10,9,0.0
chb02,chb02_02.edf,2700.0,2704.0,0.5,0.7,78,0.5535302296947162,ok,0,11,9,0.0
chb02,chb02_02.edf,2700.0,2704.0,0.5,0.7,79,0.6660998123404629,ok,0,8,7,0.0
chb02,chb02_02.edf,2700.0,2704.0,0.5,0.7,80,0.6816653344686303,ok,0,11,9,0.0
chb02,chb02_02.edf,2700.0,2704.0,0.5,0.7,81,1.3487816138931745,ok,0,10,9,0.0
chb02,chb02_02.edf,2700.0,2704.0,1.0,0.0,62,0.7743914046997703,ok,0,11,10,0.0
chb02,chb02_02.edf,2700.0,2704.0,1.0,0.0,63,0.21488489744161204,ok,0,8,7,0.0
chb02,chb02_02.edf,2700.0,2704.0,1.0,0.0,64,0.17192047651837583,ok,0,10,9,0.0
chb02,chb02_02.edf,2700.0,2704.0,1.0,0.0,65,0.48620003231413916,ok,0,12,9,0.0
chb02,chb02_02.edf,2700.0,2704.0,1.0,0.0,66,1.3756822323974554,ok,0,13,11,0.0
chb02,chb02_02.edf,2700.0,2704.0,1.0,0.0,67,1.0067830609804835,ok,0,9,8,0.0
chb02,chb02_02.edf,2700.0,2704.0,1.0,0.0,68,1.5176810316646947,ok,0,13,11,0.0
chb02,chb02_02.edf,2700.0,2704.0,1.0,0.0,69,1.0610836315798138,ok,0,8,5,0.0
chb02,chb02_02.edf,2700.0,2704.0,1.0,0.0,70,0.981919803246944,ok,0,12,11,0.0
chb02,chb02_02.edf,2700.0,2704.0,1.0,0.0,71,1.7937447317653397,ok,0,10,8,0.0
chb02,chb02_02.edf,2700.0,2704.0,1.0,0.0,72,0.18642507739616473,ok,0,6,5,0.0
chb02,chb02_02.edf,2700.0,2704.0,1.0,0.0,73,0.5987516059102022,ok,0,9,8,0.0
chb02,chb02_02.edf,2700.0,2704.0,1.0,0.0,74,0.6443582292066723,ok,0,11,10,0.0
chb02,chb02_02.edf,2700.0,2704.0,1.0,0.0,75,1.65888681246551,ok,0,10,7,0.0
chb02,chb02_02.edf,2700.0,2704.0,1.0,0.0,76,0.22553402254439306,ok,0,12,11,0.0
chb02,chb02_02.edf,2700.0,2704.0,1.0,0.0,77,1.261454559020981,ok,0,10,9,0.0
chb02,chb02_02.edf,2700.0,2704.0,1.0,0.0,78,1.9856992051961986,ok,0,12,11,0.0
chb02,chb02_02.edf,2700.0,2704.0,1.0,0.0,79,0.1609368397508929,ok,0,7,6,0.0
chb02,chb02_02.edf,2700.0,2704.0,1.0,0.0,80,0.8375512923759941,ok,0,11,9,0.0
chb02,chb02_02.edf,2700.0,2704.0,1.0,0.0,81,1.3218647883394035,ok,0,10,8,0.0
chb02,chb02_02.edf,2700.0,2704.0,1.0,0.175,62,0.8207228509784782,ok,0,12,11,0.0
chb02,chb02_02.edf,2700.0,2704.0,1.0,0.175,63,0.16726057798219393,ok,0,8,7,0.0
chb02,chb02_02.edf,2700.0,2704.0,1.0,0.175,64,0.17192047651837583,ok,0,10,9,0.0
chb02,chb02_02.edf,2700.0,2704.0,1.0,0.175,65,0.4351303559822154,ok,0,11,9,0.0
chb02,chb02_02.edf,2700.0,2704.0,1.0,0.175,66,1.3756822323974554,ok,0,13,11,0.0
chb02,chb02_02.edf,2700.0,2704.0,1.0,0.175,67,1.0067830609804835,ok,0,9,8,0.0
chb02,chb02_02.edf,2700.0,2704.0,1.0,0.175,68,1.4403478634378917,ok,0,12,10,0.0
chb02,chb02_02.edf,2700.0,2704.0,1.0,0.175,69,1.062607072954729,ok,0,9,6,0.0
chb02,chb02_02.edf,2700.0,2704.0,1.0,0.175,70,0.981919803246944,ok,0,12,11,0.0
chb02,chb02_02.edf,2700.0,2704.0,1.0,0.175,71,1.7937447317653397,ok,0,10,8,0.0
chb02,chb02_02.edf,2700.0,2704.0,1.0,0.175,72,0.18642507739616473,ok,0,6,5,0.0
chb02,chb02_02.edf,2700.0,2704.0,1.0,0.175,73,0.5987516059102022,ok,0,9,8,0.0
chb02,chb02_02.edf,2700.0,2704.0,1.0,0.175,74,0.6443582292066723,ok,0,11,10,0.0
chb02,chb02_02.edf,2700.0,2704.0,1.0,0.175,75,1.65888681246551,ok,0,10,7,0.0
chb02,chb02_02.edf,2700.0,2704.0,1.0,0.175,76,0.22553402254439306,ok,0,12,11,0.0
chb02,chb02_02.edf,2700.0,2704.0,1.0,0.175,77,1.261454559020981,ok,0,10,9,0.0
chb02,chb02_02.edf,2700.0,2704.0,1.0,0.175,78,1.9856992051961986,ok,0,12,11,0.0
chb02,chb02_02.edf,2700.0,2704.0,1.0,0.175,79,0.1609368397508929,ok,0,7,6,0.0
chb02,chb02_02.edf,2700.0,2704.0,1.0,0.175,80,0.8375512923759941,ok,0,11,9,0.0
chb02,chb02_02.edf,2700.0,2704.0,1.0,0.175,81,1.3218647883394035,ok,0,10,8,0.0
chb02,chb02_02.edf,2700.0,2704.0,1.0,0.35,62,0.7796306885747217,ok,0,12,10,0.0
chb02,chb02_02.edf,2700.0,2704.0,1.0,0.35,63,0.16726057798219393,ok,0,8,7,0.0
chb02,chb02_02.edf,2700.0,2704.0,1.0,0.35,64,0.17192047651837583,ok,0,10,9,0.0
chb02,chb02_02.edf,2700.0,2704.0,1.0,0.35,65,0.4351303559822154,ok,0,11,9,0.0
chb02,chb02_02.edf,2700.0,2704.0,1.0,0.35,66,1.5167540848237777,ok,0,12,10,0.0
chb02,chb02_02.edf,2700.0,2704.0,1.0,0.35,67,1.0067830609804835,ok,0,9,8,0.0
chb02,chb02_02.edf,2700.0,2704.0,1.0,0.35,68,1.4403478634378917,ok,0,12,10,0.0
chb02,chb02_02.edf,2700.0,2704.0,1.0,0.35,69,1.062607072954729,ok,0,9,6,0.0
chb02,chb02_02.edf,2700.0,2704.0,1.0,0.35,70,0.981919803246944,ok,0,12,11,0.0
chb02,chb02_02.edf,2700.0,2704.0,1.0,0.35,71,1.7530881326685384,ok,0,10,8,0.0
chb02,chb02_02.edf,2700.0,2704.0,1.0,0.35,72,0.18642507739616473,ok,0,6,5,0.0
chb02,chb02_02.edf,2700.0,2704.0,1.0,0.35,73,0.6605292894149234,ok,0,10,9,0.0
chb02,chb02_02.edf,2700.0,2704.0,1.0,0.35,74,0.6443582292066723,ok,0,11,10,0.0
chb02,chb02_02.edf,2700.0,2704.0,1.0,0.35,75,1.65888681246551,ok,0,10,7,0.0
chb02,chb02_02.edf,2700.0,2704.0,1.0,0.35,76,0.2499525155781146,ok,0,12,11,0.0
chb02,chb02_02.edf,2700.0,2704.0,1.0,0.35,77,1.261454559020981,ok,0,10,9,0.0
chb02,chb02_02.edf,2700.0,2704.0,1.0,0.35,78,1.9241018879891916,ok,0,12,10,0.0
chb02,chb02_02.edf,2700.0,2704.0,1.0,0.35,79,0.1609368397508929,ok,0,7,6,0.0
chb02,chb02_02.edf,2700.0,2704.0,1.0,0.35,80,0.8375512923759941,ok,0,11,9,0.0
chb02,chb02_02.edf,2700.0,2704.0,1.0,0.35,81,1.3218647883394035,ok,0,10,8,0.0
chb02,chb02_02.edf,2700.0,2704.0,1.0,0.7,62,0.7796306885747217,ok,0,12,10,0.0
chb02,chb02_02.edf,2700.0,2704.0,1.0,0.7,63,0.20228833216391953,ok,0,8,7,0.0
chb02,chb02_02.edf,2700.0,2704.0,1.0,0.7,64,0.17192047651837583,ok,0,10,9,0.0
chb02,chb02_02.edf,2700.0,2704.0,1.0,0.7,65,0.5246684581031369,ok,0,10,9,0.0
chb02,chb02_02.edf,2700.0,2704.0,1.0,0.7,66,1.462749141715045,ok,0,12,10,0.0
chb02,chb02_02.edf,2700.0,2704.0,1.0,0.7,67,1.0067830609804835,ok,0,9,8,0.0
chb02,chb02_02.edf,2700.0,2704.0,1.0,0.7,68,1.4403478634378917,ok,0,12,10,0.0
chb02,chb02_02.edf,2700.0,2704.0,1.0,0.7,69,1.062607072954729,ok,0,9,6,0.0
chb02,chb02_02.edf,2700.0,2704.0,1.0,0.7,70,0.981919803246944,ok,0,12,11,0.0
chb02,chb02_02.edf,2700.0,2704.0,1.0,0.7,71,1.7432917105867414,ok,0,10,8,0.0
chb02,chb02_02.edf,2700.0,2704.0,1.0,0.7,72,0.18642507739616473,ok,0,6,5,0.0
chb02,chb02_02.edf,2700.0,2704.0,1.0,0.7,73,0.6735414215968937,ok,0,10,9,0.0
chb02,chb02_02.edf,2700.0,2704.0,1.0,0.7,74,0.6443582292066723,ok,0,11,10,0.0
chb02,chb02_02.edf,2700.0,2704.0,1.0,0.7,75,1.65888681246551,ok,0,10,7,0.0
chb02,chb02_02.edf,2700.0,2704.0,1.0,0.7,76,0.2499525155781146,ok,0,12,11,0.0
chb02,chb02_02.edf,2700.0,2704.0,1.0,0.7,77,1.261454559020981,ok,0,10,9,0.0
chb02,chb02_02.edf,2700.0,2704.0,1.0,0.7,78,1.9241018879891916,ok,0,12,10,0.0
chb02,chb02_02.edf,2700.0,2704.0,1.0,0.7,79,0.6660998123404629,ok,0,8,7,0.0
chb02,chb02_02.edf,2700.0,2704.0,1.0,0.7,80,0.8359269573250298,ok,0,11,9,0.0
chb02,chb02_02.edf,2700.0,2704.0,1.0,0.7,81,1.3218647883394035,ok,0,10,8,0.0
chb02,chb02_05.edf,904.0,908.0,0.25,0.0,62,0.6171842911523988,ok,0,10,9,0.0
chb02,chb02_05.edf,904.0,908.0,0.25,0.0,63,2.043747370146671,ok,0,9,8,0.0
chb02,chb02_05.edf,904.0,908.0,0.25,0.0,64,0.8756532617719204,ok,0,9,8,0.0
chb02,chb02_05.edf,904.0,908.0,0.25,0.0,65,0.9667718123938864,ok,0,11,10,0.0
chb02,chb02_05.edf,904.0,908.0,0.25,0.0,66,0.3631787913269073,ok,0,11,9,0.0
chb02,chb02_05.edf,904.0,908.0,0.25,0.0,67,0.8092054221906116,ok,0,11,9,0.0
chb02,chb02_05.edf,904.0,908.0,0.25,0.0,68,0.9681035064574081,ok,0,9,8,0.0
chb02,chb02_05.edf,904.0,908.0,0.25,0.0,69,1.241548694349417,ok,0,10,8,0.0
chb02,chb02_05.edf,904.0,908.0,0.25,0.0,70,0.2793983295119334,ok,0,9,8,0.0
chb02,chb02_05.edf,904.0,908.0,0.25,0.0,71,1.5904417843670142,ok,0,12,11,0.0
chb02,chb02_05.edf,904.0,908.0,0.25,0.0,72,0.9990557900479503,ok,0,11,9,0.0
chb02,chb02_05.edf,904.0,908.0,0.25,0.0,73,0.4814093715175572,ok,0,8,7,0.0
chb02,chb02_05.edf,904.0,908.0,0.25,0.0,74,0.6162790697674418,ok,0,11,8,0.0
chb02,chb02_05.edf,904.0,908.0,0.25,0.0,75,0.35394981220923855,ok,0,12,11,0.0
chb02,chb02_05.edf,904.0,908.0,0.25,0.0,76,0.3909772130214703,ok,0,12,11,0.0
chb02,chb02_05.edf,904.0,908.0,0.25,0.0,77,0.9447730595988872,ok,0,6,4,0.0
chb02,chb02_05.edf,904.0,908.0,0.25,0.0,78,1.3483863463099397,ok,0,11,10,0.0
chb02,chb02_05.edf,904.0,908.0,0.25,0.0,79,0.1609368397508929,ok,0,7,6,0.0
chb02,chb02_05.edf,904.0,908.0,0.25,0.0,80,0.1797136108456547,ok,0,12,10,0.0
chb02,chb02_05.edf,904.0,908.0,0.25,0.0,81,1.4033891062507988,ok,0,10,7,0.0
chb02,chb02_05.edf,904.0,908.0,0.25,0.175,62,0.7224047213083485,ok,0,12,11,0.0
chb02,chb02_05.edf,904.0,908.0,0.25,0.175,63,0.2417776220959579,ok,0,8,7,0.0
chb02,chb02_05.edf,904.0,908.0,0.25,0.175,64,0.8756532617719204,ok,0,9,8,0.0
chb02,chb02_05.edf,904.0,908.0,0.25,0.175,65,0.9667718123938864,ok,0,11,10,0.0
chb02,chb02_05.edf,904.0,908.0,0.25,0.175,66,0.3631787913269073,ok,0,11,9,0.0
chb02,chb02_05.edf,904.0,908.0,0.25,0.175,67,0.818340372717771,ok,0,11,9,0.0
chb02,chb02_05.edf,904.0,908.0,0.25,0.175,68,1.0405659570829988,ok,0,10,9,0.0
chb02,chb02_05.edf,904.0,908.0,0.25,0.175,69,1.3021781104089274,ok,0,9,7,0.0
chb02,chb02_05.edf,904.0,908.0,0.25,0.175,70,0.2793983295119334,ok,0,9,8,0.0
chb02,chb02_05.edf,904.0,908.0,0.25,0.175,71,1.6064083802046423,ok,0,12,11,0.0
chb02,chb02_05.edf,904.0,908.0,0.25,0.175,72,0.9990557900479503,ok,0,11,9,0.0
chb02,chb02_05.edf,904.0,908.0,0.25,0.175,73,0.4814093715175572,ok,0,8,7,0.0
chb02,chb02_05.edf,904.0,908.0,0.25,0.175,74,0.6162790697674418,ok,0,11,8,0.0
chb02,chb02_05.edf,904.0,908.0,0.25,0.175,75,0.31416375525267726,ok,0,12,11,0.0
chb02,chb02_05.edf,904.0,908.0,0.25,0.175,76,0.6458582493463446,ok,0,11,10,0.0
chb02,chb02_05.edf,904.0,908.0,0.25,0.175,77,0.9447730595988872,ok,0,6,4,0.0
chb02,chb02_05.edf,904.0,908.0,0.25,0.175,78,1.3618046618580464,ok,0,10,9,0.0
chb02,chb02_05.edf,904.0,908.0,0.25,0.175,79,0.1568870781527907,ok,0,8,5,0.0
chb02,chb02_05.edf,904.0,908.0,0.25,0.175,80,0.16139070270625072,ok,0,11,10,0.0
chb02,chb02_05.edf,904.0,908.0,0.25,0.175,81,1.3584326721286444,ok,0,8,7,0.0
chb02,chb02_05.edf,904.0,908.0,0.25,0.35,62,0.7224047213083485,ok,0,12,11,0.0
chb02,chb02_05.edf,904.0,908.0,0.25,0.35,63,0.227675812532863,ok,0,9,8,0.0
chb02,chb02_05.edf,904.0,908.0,0.25,0.35,64,0.8756532617719204,ok,0,9,8,0.0
chb02,chb02_05.edf,904.0,908.0,0.25,0.35,65,0.9778806893064224,ok,0,12,10,0.0
chb02,chb02_05.edf,904.0,908.0,0.25,0.35,66,0.3631787913269073,ok,0,11,9,0.0
chb02,chb02_05.edf,904.0,908.0,0.25,0.35,67,0.7747001074030236,ok,0,10,9,0.0
chb02,chb02_05.edf,904.0,908.0,0.25,0.35,68,1.0405659570829988,ok,0,10,9,0.0
chb02,chb02_05.edf,904.0,908.0,0.25,0.35,69,1.3681975462867721,ok,0,10,8,0.0
chb02,chb02_05.edf,904.0,908.0,0.25,0.35,70,0.24552668943746467,ok,0,9,8,0.0
chb02,chb02_05.edf,904.0,908.0,0.25,0.35,71,1.6064083802046423,ok,0,12,11,0.0
chb02,chb02_05.edf,904.0,908.0,0.25,0.35,72,1.3484377489871278,ok,0,10,8,0.0
chb02,chb02_05.edf,904.0,908.0,0.25,0.35,73,0.471004324945962,ok,0,8,7,0.0
chb02,chb02_05.edf,904.0,908.0,0.25,0.35,74,0.6110738935736391,ok,0,11,8,0.0
chb02,chb02_05.edf,904.0,908.0,0.25,0.35,75,0.32685860431758745,ok,0,12,11,0.0
chb02,chb02_05.edf,904.0,908.0,0.25,0.35,76,0.6776450889197023,ok,0,12,11,0.0
chb02,chb02_05.edf,904.0,908.0,0.25,0.35,77,0.8472260305815239,ok,0,6,5,0.0
chb02,chb02_05.edf,904.0,908.0,0.25,0.35,78,1.1764382562206284,ok,0,9,7,0.0
chb02,chb02_05.edf,904.0,908.0,0.25,0.35,79,0.1568870781527907,ok,0,8,5,0.0
chb02,chb02_05.edf,904.0,908.0,0.25,0.35,80,0.16800102129378722,ok,0,11,10,0.0
chb02,chb02_05.edf,904.0,908.0,0.25,0.35,81,1.3584326721286444,ok,0,8,7,0.0
chb02,chb02_05.edf,904.0,908.0,0.25,0.7,62,0.674902151023814,ok,0,11,10,0.0
chb02,chb02_05.edf,904.0,908.0,0.25,0.7,63,0.21153123723432413,ok,0,9,8,0.0
chb02,chb02_05.edf,904.0,908.0,0.25,0.7,64,0.8756532617719204,ok,0,9,8,0.0
chb02,chb02_05.edf,904.0,908.0,0.25,0.7,65,0.7905170767263003,ok,0,12,10,0.0
chb02,chb02_05.edf,904.0,908.0,0.25,0.7,66,0.6119081143778234,ok,0,10,8,0.0
chb02,chb02_05.edf,904.0,908.0,0.25,0.7,67,0.7765278888296141,ok,0,10,9,0.0
chb02,chb02_05.edf,904.0,908.0,0.25,0.7,68,1.0405659570829988,ok,0,10,9,0.0
chb02,chb02_05.edf,904.0,908.0,0.25,0.7,69,1.2813651351723436,ok,0,11,8,0.0
chb02,chb02_05.edf,904.0,908.0,0.25,0.7,70,0.2282612000013825,ok,0,10,9,0.0
chb02,chb02_05.edf,904.0,908.0,0.25,0.7,71,1.5648326474382108,ok,0,12,11,0.0
chb02,chb02_05.edf,904.0,908.0,0.25,0.7,72,1.3284706072100638,ok,0,9,8,0.0
chb02,chb02_05.edf,904.0,908.0,0.25,0.7,73,0.4273891603092035,ok,0,9,8,0.0
chb02,chb02_05.edf,904.0,908.0,0.25,0.7,74,0.49584423316210674,ok,0,10,8,0.0
chb02,chb02_05.edf,904.0,908.0,0.25,0.7,75,0.27477109477988193,ok,0,11,10,0.0
chb02,chb02_05.edf,904.0,908.0,0.25,0.7,76,1.0217603604764467,ok,0,10,9,0.0
chb02,chb02_05.edf,904.0,908.0,0.25,0.7,77,0.4485241371997712,ok,0,7,6,0.0
chb02,chb02_05.edf,904.0,908.0,0.25,0.7,78,1.1656826933522177,ok,0,10,8,0.0
chb02,chb02_05.edf,904.0,908.0,0.25,0.7,79,0.19232731454051805,ok,0,7,6,0.0
chb02,chb02_05.edf,904.0,908.0,0.25,0.7,80,0.191944550069162,ok,0,12,11,0.0
chb02,chb02_05.edf,904.0,908.0,0.25,0.7,81,1.2527704452743986,ok,0,9,7,0.0
chb02,chb02_05.edf,904.0,908.0,0.5,0.0,62,0.5712931377579745,ok,0,12,11,0.0
chb02,chb02_05.edf,904.0,908.0,0.5,0.0,63,0.16726057798219393,ok,0,8,7,0.0
chb02,chb02_05.edf,904.0,908.0,0.5,0.0,64,0.19637001542360058,ok,0,9,8,0.0
chb02,chb02_05.edf,904.0,908.0,0.5,0.0,65,0.546024803519956,ok,0,10,8,0.0
chb02,chb02_05.edf,904.0,908.0,0.5,0.0,66,0.3428004452807938,ok,0,11,9,0.0
chb02,chb02_05.edf,904.0,908.0,0.5,0.0,67,0.9454773281444654,ok,0,7,6,0.0
chb02,chb02_05.edf,904.0,908.0,0.5,0.0,68,1.2291207868644798,ok,0,12,11,0.0
chb02,chb02_05.edf,904.0,908.0,0.5,0.0,69,1.1682562182790923,ok,0,9,7,0.0
chb02,chb02_05.edf,904.0,908.0,0.5,0.0,70,0.5111811702061327,ok,0,14,13,0.0
chb02,chb02_05.edf,904.0,908.0,0.5,0.0,71,1.8179982256514546,ok,0,11,9,0.0
chb02,chb02_05.edf,904.0,908.0,0.5,0.0,72,0.18642507739616473,ok,0,6,5,0.0
chb02,chb02_05.edf,904.0,908.0,0.5,0.0,73,0.6286253346157429,ok,0,10,9,0.0
chb02,chb02_05.edf,904.0,908.0,0.5,0.0,74,0.6476197533905482,ok,0,9,7,0.0
chb02,chb02_05.edf,904.0,908.0,0.5,0.0,75,0.9626906857352386,ok,0,12,10,0.0
chb02,chb02_05.edf,904.0,908.0,0.5,0.0,76,0.48840569686484475,ok,0,10,9,0.0
chb02,chb02_05.edf,904.0,908.0,0.5,0.0,77,1.4397992123948258,ok,0,10,9,0.0
chb02,chb02_05.edf,904.0,908.0,0.5,0.0,78,0.8783739115481473,ok,0,10,9,0.0
chb02,chb02_05.edf,904.0,908.0,0.5,0.0,79,0.6660998123404629,ok,0,8,7,0.0
chb02,chb02_05.edf,904.0,908.0,0.5,0.0,80,0.48943288169382493,ok,0,10,8,0.0
chb02,chb02_05.edf,904.0,908.0,0.5,0.0,81,1.3487816138931745,ok,0,10,9,0.0
chb02,chb02_05.edf,904.0,908.0,0.5,0.175,62,0.6559757885363878,ok,0,12,11,0.0
chb02,chb02_05.edf,904.0,908.0,0.5,0.175,63,0.14655956456718455,ok,0,8,7,0.0
chb02,chb02_05.edf,904.0,908.0,0.5,0.175,64,0.33066737835270793,ok,0,10,9,0.0
chb02,chb02_05.edf,904.0,908.0,0.5,0.175,65,0.5518250131061467,ok,0,10,8,0.0
chb02,chb02_05.edf,904.0,908.0,0.5,0.175,66,0.3428004452807938,ok,0,11,9,0.0
chb02,chb02_05.edf,904.0,908.0,0.5,0.175,67,0.9454773281444654,ok,0,7,6,0.0
chb02,chb02_05.edf,904.0,908.0,0.5,0.175,68,1.2291207868644798,ok,0,12,11,0.0
chb02,chb02_05.edf,904.0,908.0,0.5,0.175,69,1.2023157860598088,ok,0,8,6,0.0
chb02,chb02_05.edf,904.0,908.0,0.5,0.175,70,0.509154547108042,ok,0,14,13,0.0
chb02,chb02_05.edf,904.0,908.0,0.5,0.175,71,1.9023929873762566,ok,0,11,10,0.0
chb02,chb02_05.edf,904.0,908.0,0.5,0.175,72,0.18642507739616473,ok,0,6,5,0.0
chb02,chb02_05.edf,904.0,908.0,0.5,0.175,73,0.6286253346157429,ok,0,10,9,0.0
chb02,chb02_05.edf,904.0,908.0,0.5,0.175,74,0.655280757217913,ok,0,10,8,0.0
chb02,chb02_05.edf,904.0,908.0,0.5,0.175,75,0.9304566943784026,ok,0,11,10,0.0
chb02,chb02_05.edf,904.0,908.0,0.5,0.175,76,0.48840569686484475,ok,0,10,9,0.0
chb02,chb02_05.edf,904.0,908.0,0.5,0.175,77,1.487661106245009,ok,0,9,8,0.0
chb02,chb02_05.edf,904.0,908.0,0.5,0.175,78,0.8783739115481473,ok,0,10,9,0.0
chb02,chb02_05.edf,904.0,908.0,0.5,0.175,79,0.754250604692566,ok,0,9,6,0.0
chb02,chb02_05.edf,904.0,908.0,0.5,0.175,80,0.6865578344552838,ok,0,10,8,0.0
chb02,chb02_05.edf,904.0,908.0,0.5,0.175,81,1.3487816138931745,ok,0,10,9,0.0
chb02,chb02_05.edf,904.0,908.0,0.5,0.35,62,0.6559757885363878,ok,0,12,11,0.0
chb02,chb02_05.edf,904.0,908.0,0.5,0.35,63,0.14655956456718455,ok,0,8,7,0.0
chb02,chb02_05.edf,904.0,908.0,0.5,0.35,64,0.33066737835270793,ok,0,10,9,0.0
chb02,chb02_05.edf,904.0,908.0,0.5,0.35,65,0.5518250131061467,ok,0,10,8,0.0
chb02,chb02_05.edf,904.0,908.0,0.5,0.35,66,0.3428004452807938,ok,0,11,9,0.0
chb02,chb02_05.edf,904.0,908.0,0.5,0.35,67,0.9690278498225029,ok,0,7,6,0.0
chb02,chb02_05.edf,904.0,908.0,0.5,0.35,68,1.298487349908119,ok,0,11,10,0.0
chb02,chb02_05.edf,904.0,908.0,0.5,0.35,69,1.289965390797386,ok,0,9,7,0.0
chb02,chb02_05.edf,904.0,908.0,0.5,0.35,70,0.509154547108042,ok,0,14,13,0.0
chb02,chb02_05.edf,904.0,908.0,0.5,0.35,71,1.9023929873762566,ok,0,11,10,0.0
chb02,chb02_05.edf,904.0,908.0,0.5,0.35,72,0.18642507739616473,ok,0,6,5,0.0
chb02,chb02_05.edf,904.0,908.0,0.5,0.35,73,0.6009208754424877,ok,0,9,8,0.0
chb02,chb02_05.edf,904.0,908.0,0.5,0.35,74,0.643765204137692,ok,0,10,8,0.0
chb02,chb02_05.edf,904.0,908.0,0.5,0.35,75,0.932482175890626,ok,0,11,10,0.0
chb02,chb02_05.edf,904.0,908.0,0.5,0.35,76,0.48840569686484475,ok,0,10,9,0.0
chb02,chb02_05.edf,904.0,908.0,0.5,0.35,77,1.487661106245009,ok,0,9,8,0.0
chb02,chb02_05.edf,904.0,908.0,0.5,0.35,78,0.9146830104283815,ok,0,10,9,0.0
chb02,chb02_05.edf,904.0,908.0,0.5,0.35,79,0.754250604692566,ok,0,9,6,0.0
chb02,chb02_05.edf,904.0,908.0,0.5,0.35,80,0.6865578344552838,ok,0,10,8,0.0
chb02,chb02_05.edf,904.0,908.0,0.5,0.35,81,1.3487816138931745,ok,0,10,9,0.0
chb02,chb02_05.edf,904.0,908.0,0.5,0.7,62,0.6482655274814257,ok,0,12,11,0.0
chb02,chb02_05.edf,904.0,908.0,0.5,0.7,63,0.14655956456718455,ok,0,8,7,0.0
chb02,chb02_05.edf,904.0,908.0,0.5,0.7,64,0.33066737835270793,ok,0,10,9,0.0
chb02,chb02_05.edf,904.0,908.0,0.5,0.7,65,0.5941625922831012,ok,0,11,8,0.0
chb02,chb02_05.edf,904.0,908.0,0.5,0.7,66,0.34121537337478364,ok,0,11,9,0.0
chb02,chb02_05.edf,904.0,908.0,0.5,0.7,67,0.8665158670875145,ok,0,6,5,0.0
chb02,chb02_05.edf,904.0,908.0,0.5,0.7,68,1.298487349908119,ok,0,11,10,0.0
chb02,chb02_05.edf,904.0,908.0,0.5,0.7,69,1.301673856039753,ok,0,10,8,0.0
chb02,chb02_05.edf,904.0,908.0,0.5,0.7,70,0.4977639520265179,ok,0,14,13,0.0
chb02,chb02_05.edf,904.0,908.0,0.5,0.7,71,1.8293152809440651,ok,0,10,9,0.0
chb02,chb02_05.edf,904.0,908.0,0.5,0.7,72,0.1692486635019696,ok,0,6,5,0.0
chb02,chb02_05.edf,904.0,908.0,0.5,0.7,73,0.5845600996988037,ok,0,9,8,0.0
chb02,chb02_05.edf,904.0,908.0,0.5,0.7,74,0.6913030813824981,ok,0,10,9,0.0
chb02,chb02_05.edf,904.0,908.0,0.5,0.7,75,0.849490548217518,ok,0,10,9,0.0
chb02,chb02_05.edf,904.0,908.0,0.5,0.7,76,0.48840569686484475,ok,0,10,9,0.0
chb02,chb02_05.edf,904.0,908.0,0.5,0.7,77,1.487903075083245,ok,0,9,8,0.0
chb02,chb02_05.edf,904.0,908.0,0.5,0.7,78,0.8686461737602186,ok,0,10,8,0.0
chb02,chb02_05.edf,904.0,908.0,0.5,0.7,79,0.754250604692566,ok,0,9,6,0.0
chb02,chb02_05.edf,904.0,908.0,0.5,0.7,80,0.698267621947559,ok,0,10,8,0.0
chb02,chb02_05.edf,904.0,908.0,0.5,0.7,81,1.3487816138931745,ok,0,10,9,0.0
chb02,chb02_05.edf,904.0,908.0,1.0,0.0,62,0.7743914046997703,ok,0,11,10,0.0
chb02,chb02_05.edf,904.0,908.0,1.0,0.0,63,0.21488489744161204,ok,0,8,7,0.0
chb02,chb02_05.edf,904.0,908.0,1.0,0.0,64,0.17192047651837583,ok,0,10,9,0.0
chb02,chb02_05.edf,904.0,908.0,1.0,0.0,65,0.48620003231413916,ok,0,12,9,0.0
chb02,chb02_05.edf,904.0,908.0,1.0,0.0,66,1.3756822323974554,ok,0,13,11,0.0
chb02,chb02_05.edf,904.0,908.0,1.0,0.0,67,1.0067830609804835,ok,0,9,8,0.0
chb02,chb02_05.edf,904.0,908.0,1.0,0.0,68,1.5176810316646947,ok,0,13,11,0.0
chb02,chb02_05.edf,904.0,908.0,1.0,0.0,69,1.0610836315798138,ok,0,8,5,0.0
chb02,chb02_05.edf,904.0,908.0,1.0,0.0,70,0.981919803246944,ok,0,12,11,0.0
chb02,chb02_05.edf,904.0,908.0,1.0,0.0,71,1.7937447317653397,ok,0,10,8,0.0
chb02,chb02_05.edf,904.0,908.0,1.0,0.0,72,0.18642507739616473,ok,0,6,5,0.0
chb02,chb02_05.edf,904.0,908.0,1.0,0.0,73,0.5987516059102022,ok,0,9,8,0.0
chb02,chb02_05.edf,904.0,908.0,1.0,0.0,74,0.6443582292066723,ok,0,11,10,0.0
chb02,chb02_05.edf,904.0,908.0,1.0,0.0,75,1.65888681246551,ok,0,10,7,0.0
chb02,chb02_05.edf,904.0,908.0,1.0,0.0,76,0.22553402254439306,ok,0,12,11,0.0
chb02,chb02_05.edf,904.0,908.0,1.0,0.0,77,1.261454559020981,ok,0,10,9,0.0
chb02,chb02_05.edf,904.0,908.0,1.0,0.0,78,1.9856992051961986,ok,0,12,11,0.0
chb02,chb02_05.edf,904.0,908.0,1.0,0.0,79,0.1609368397508929,ok,0,7,6,0.0
chb02,chb02_05.edf,904.0,908.0,1.0,0.0,80,0.8375512923759941,ok,0,11,9,0.0
chb02,chb02_05.edf,904.0,908.0,1.0,0.0,81,1.3218647883394035,ok,0,10,8,0.0
chb02,chb02_05.edf,904.0,908.0,1.0,0.175,62,0.7718735348950996,ok,0,11,10,0.0
chb02,chb02_05.edf,904.0,908.0,1.0,0.175,63,0.21488489744161204,ok,0,8,7,0.0
chb02,chb02_05.edf,904.0,908.0,1.0,0.175,64,0.17192047651837583,ok,0,10,9,0.0
chb02,chb02_05.edf,904.0,908.0,1.0,0.175,65,0.48620003231413916,ok,0,12,9,0.0
chb02,chb02_05.edf,904.0,908.0,1.0,0.175,66,1.3756822323974554,ok,0,13,11,0.0
chb02,chb02_05.edf,904.0,908.0,1.0,0.175,67,1.0067830609804835,ok,0,9,8,0.0
chb02,chb02_05.edf,904.0,908.0,1.0,0.175,68,0.4749170925663271,ok,0,11,9,0.0
chb02,chb02_05.edf,904.0,908.0,1.0,0.175,69,1.0610836315798138,ok,0,8,5,0.0
chb02,chb02_05.edf,904.0,908.0,1.0,0.175,70,0.981919803246944,ok,0,12,11,0.0
chb02,chb02_05.edf,904.0,908.0,1.0,0.175,71,1.7937447317653397,ok,0,10,8,0.0
chb02,chb02_05.edf,904.0,908.0,1.0,0.175,72,0.1692486635019696,ok,0,6,5,0.0
chb02,chb02_05.edf,904.0,908.0,1.0,0.175,73,0.6191720810400293,ok,0,9,8,0.0
chb02,chb02_05.edf,904.0,908.0,1.0,0.175,74,0.6443582292066723,ok,0,11,10,0.0
chb02,chb02_05.edf,904.0,908.0,1.0,0.175,75,1.590513747280279,ok,0,9,7,0.0
chb02,chb02_05.edf,904.0,908.0,1.0,0.175,76,0.22553402254439306,ok,0,12,11,0.0
chb02,chb02_05.edf,904.0,908.0,1.0,0.175,77,1.261454559020981,ok,0,10,9,0.0
chb02,chb02_05.edf,904.0,908.0,1.0,0.175,78,2.0008167178077203,ok,0,11,10,0.0
chb02,chb02_05.edf,904.0,908.0,1.0,0.175,79,0.1609368397508929,ok,0,7,6,0.0
chb02,chb02_05.edf,904.0,908.0,1.0,0.175,80,0.8375512923759941,ok,0,11,9,0.0
chb02,chb02_05.edf,904.0,908.0,1.0,0.175,81,1.3218647883394035,ok,0,10,8,0.0
chb02,chb02_05.edf,904.0,908.0,1.0,0.35,62,0.7681632938885008,ok,0,12,11,0.0
chb02,chb02_05.edf,904.0,908.0,1.0,0.35,63,0.20696925512259617,ok,0,8,7,0.0
chb02,chb02_05.edf,904.0,908.0,1.0,0.35,64,0.17192047651837583,ok,0,10,9,0.0
chb02,chb02_05.edf,904.0,908.0,1.0,0.35,65,0.48620003231413916,ok,0,12,9,0.0
chb02,chb02_05.edf,904.0,908.0,1.0,0.35,66,1.3756822323974554,ok,0,13,11,0.0
chb02,chb02_05.edf,904.0,908.0,1.0,0.35,67,1.0067830609804835,ok,0,9,8,0.0
chb02,chb02_05.edf,904.0,908.0,1.0,0.35,68,0.4749170925663271,ok,0,11,9,0.0
chb02,chb02_05.edf,904.0,908.0,1.0,0.35,69,1.0610836315798138,ok,0,8,5,0.0
chb02,chb02_05.edf,904.0,908.0,1.0,0.35,70,0.981919803246944,ok,0,12,11,0.0
chb02,chb02_05.edf,904.0,908.0,1.0,0.35,71,1.8714614905846687,ok,0,10,9,0.0
chb02,chb02_05.edf,904.0,908.0,1.0,0.35,72,0.1692486635019696,ok,0,6,5,0.0
chb02,chb02_05.edf,904.0,908.0,1.0,0.35,73,0.6191720810400293,ok,0,9,8,0.0
chb02,chb02_05.edf,904.0,908.0,1.0,0.35,74,0.6373761215671587,ok,0,11,10,0.0
chb02,chb02_05.edf,904.0,908.0,1.0,0.35,75,1.5948385453898242,ok,0,8,6,0.0
chb02,chb02_05.edf,904.0,908.0,1.0,0.35,76,0.22553402254439306,ok,0,12,11,0.0
chb02,chb02_05.edf,904.0,908.0,1.0,0.35,77,1.261454559020981,ok,0,10,9,0.0
chb02,chb02_05.edf,904.0,908.0,1.0,0.35,78,2.0008167178077203,ok,0,11,10,0.0
chb02,chb02_05.edf,904.0,908.0,1.0,0.35,79,0.1609368397508929,ok,0,7,6,0.0
chb02,chb02_05.edf,904.0,908.0,1.0,0.35,80,0.6581673440423045,ok,0,13,11,0.0
chb02,chb02_05.edf,904.0,908.0,1.0,0.35,81,1.3218647883394035,ok,0,10,8,0.0
chb02,chb02_05.edf,904.0,908.0,1.0,0.7,62,0.7964694336696286,ok,0,10,9,0.0
chb02,chb02_05.edf,904.0,908.0,1.0,0.7,63,0.19649437297296482,ok,0,8,7,0.0
chb02,chb02_05.edf,904.0,908.0,1.0,0.7,64,0.17599259780918877,ok,0,10,8,0.0
chb02,chb02_05.edf,904.0,908.0,1.0,0.7,65,0.48620003231413916,ok,0,12,9,0.0
chb02,chb02_05.edf,904.0,908.0,1.0,0.7,66,1.5167540848237777,ok,0,12,10,0.0
chb02,chb02_05.edf,904.0,908.0,1.0,0.7,67,1.0193193591328007,ok,0,9,8,0.0
chb02,chb02_05.edf,904.0,908.0,1.0,0.7,68,0.4749170925663271,ok,0,11,9,0.0
chb02,chb02_05.edf,904.0,908.0,1.0,0.7,69,1.174500866722712,ok,0,9,6,0.0
chb02,chb02_05.edf,904.0,908.0,1.0,0.7,70,0.8772090527862344,ok,0,10,8,0.0
chb02,chb02_05.edf,904.0,908.0,1.0,0.7,71,1.8708625521539546,ok,0,10,9,0.0
chb02,chb02_05.edf,904.0,908.0,1.0,0.7,72,0.1692486635019696,ok,0,6,5,0.0
chb02,chb02_05.edf,904.0,908.0,1.0,0.7,73,0.6316759800409344,ok,0,8,7,0.0
chb02,chb02_05.edf,904.0,908.0,1.0,0.7,74,0.6388595466829557,ok,0,11,10,0.0
chb02,chb02_05.edf,904.0,908.0,1.0,0.7,75,1.6701884111809937,ok,0,9,6,0.0
chb02,chb02_05.edf,904.0,908.0,1.0,0.7,76,0.21554187051388352,ok,0,13,12,0.0
chb02,chb02_05.edf,904.0,908.0,1.0,0.7,77,1.2864640975869643,ok,0,10,9,0.0
chb02,chb02_05.edf,904.0,908.0,1.0,0.7,78,2.00169954617915,ok,0,11,10,0.0
chb02,chb02_05.edf,904.0,908.0,1.0,0.7,79,0.1609368397508929,ok,0,7,6,0.0
chb02,chb02_05.edf,904.0,908.0,1.0,0.7,80,0.6464535003918304,ok,0,12,10,0.0
chb02,chb02_05.edf,904.0,908.0,1.0,0.7,81,1.358734595506705,ok,0,9,7,0.0
chb02,chb02_05.edf,2700.0,2704.0,0.25,0.0,62,0.6171842911523988,ok,0,10,9,0.0
chb02,chb02_05.edf,2700.0,2704.0,0.25,0.0,63,2.043747370146671,ok,0,9,8,0.0
chb02,chb02_05.edf,2700.0,2704.0,0.25,0.0,64,0.8756532617719204,ok,0,9,8,0.0
chb02,chb02_05.edf,2700.0,2704.0,0.25,0.0,65,0.9667718123938864,ok,0,11,10,0.0
chb02,chb02_05.edf,2700.0,2704.0,0.25,0.0,66,0.3631787913269073,ok,0,11,9,0.0
chb02,chb02_05.edf,2700.0,2704.0,0.25,0.0,67,0.8092054221906116,ok,0,11,9,0.0
chb02,chb02_05.edf,2700.0,2704.0,0.25,0.0,68,0.9681035064574081,ok,0,9,8,0.0
chb02,chb02_05.edf,2700.0,2704.0,0.25,0.0,69,1.241548694349417,ok,0,10,8,0.0
chb02,chb02_05.edf,2700.0,2704.0,0.25,0.0,70,0.2793983295119334,ok,0,9,8,0.0
chb02,chb02_05.edf,2700.0,2704.0,0.25,0.0,71,1.5904417843670142,ok,0,12,11,0.0
chb02,chb02_05.edf,2700.0,2704.0,0.25,0.0,72,0.9990557900479503,ok,0,11,9,0.0
chb02,chb02_05.edf,2700.0,2704.0,0.25,0.0,73,0.4814093715175572,ok,0,8,7,0.0
chb02,chb02_05.edf,2700.0,2704.0,0.25,0.0,74,0.6162790697674418,ok,0,11,8,0.0
chb02,chb02_05.edf,2700.0,2704.0,0.25,0.0,75,0.35394981220923855,ok,0,12,11,0.0
chb02,chb02_05.edf,2700.0,2704.0,0.25,0.0,76,0.3909772130214703,ok,0,12,11,0.0
chb02,chb02_05.edf,2700.0,2704.0,0.25,0.0,77,0.9447730595988872,ok,0,6,4,0.0
chb02,chb02_05.edf,2700.0,2704.0,0.25,0.0,78,1.3483863463099397,ok,0,11,10,0.0
chb02,chb02_05.edf,2700.0,2704.0,0.25,0.0,79,0.1609368397508929,ok,0,7,6,0.0
chb02,chb02_05.edf,2700.0,2704.0,0.25,0.0,80,0.1797136108456547,ok,0,12,10,0.0
chb02,chb02_05.edf,2700.0,2704.0,0.25,0.0,81,1.4033891062507988,ok,0,10,7,0.0
chb02,chb02_05.edf,2700.0,2704.0,0.25,0.175,62,0.6555625329066526,ok,0,11,10,0.0
chb02,chb02_05.edf,2700.0,2704.0,0.25,0.175,63,0.2417776220959579,ok,0,8,7,0.0
chb02,chb02_05.edf,2700.0,2704.0,0.25,0.175,64,0.8756532617719204,ok,0,9,8,0.0
chb02,chb02_05.edf,2700.0,2704.0,0.25,0.175,65,0.9667718123938864,ok,0,11,10,0.0
chb02,chb02_05.edf,2700.0,2704.0,0.25,0.175,66,0.3631787913269073,ok,0,11,9,0.0
chb02,chb02_05.edf,2700.0,2704.0,0.25,0.175,67,0.52767225996826,ok,0,12,10,0.0
chb02,chb02_05.edf,2700.0,2704.0,0.25,0.175,68,1.046349240967186,ok,0,10,9,0.0
chb02,chb02_05.edf,2700.0,2704.0,0.25,0.175,69,1.1402552673463515,ok,0,11,9,0.0
chb02,chb02_05.edf,2700.0,2704.0,0.25,0.175,70,0.24552668943746467,ok,0,9,8,0.0
chb02,chb02_05.edf,2700.0,2704.0,0.25,0.175,71,1.5904417843670142,ok,0,12,11,0.0
chb02,chb02_05.edf,2700.0,2704.0,0.25,0.175,72,0.9990557900479503,ok,0,11,9,0.0
chb02,chb02_05.edf,2700.0,2704.0,0.25,0.175,73,0.5126330160797757,ok,0,8,7,0.0
chb02,chb02_05.edf,2700.0,2704.0,0.25,0.175,74,0.5963813245767478,ok,0,11,8,0.0
chb02,chb02_05.edf,2700.0,2704.0,0.25,0.175,75,0.35394981220923855,ok,0,12,11,0.0
chb02,chb02_05.edf,2700.0,2704.0,0.25,0.175,76,0.626246004883168,ok,0,10,9,0.0
chb02,chb02_05.edf,2700.0,2704.0,0.25,0.175,77,0.5526000164907082,ok,0,7,5,0.0
chb02,chb02_05.edf,2700.0,2704.0,0.25,0.175,78,1.3483863463099397,ok,0,11,10,0.0
chb02,chb02_05.edf,2700.0,2704.0,0.25,0.175,79,0.1568870781527907,ok,0,8,5,0.0
chb02,chb02_05.edf,2700.0,2704.0,0.25,0.175,80,0.18317349230170574,ok,0,11,9,0.0
chb02,chb02_05.edf,2700.0,2704.0,0.25,0.175,81,1.3951320693161031,ok,0,9,8,0.0
chb02,chb02_05.edf,2700.0,2704.0,0.25,0.35,62,0.739342827245499,ok,0,11,10,0.0
chb02,chb02_05.edf,2700.0,2704.0,0.25,0.35,63,0.227675812532863,ok,0,9,8,0.0
chb02,chb02_05.edf,2700.0,2704.0,0.25,0.35,64,0.8756532617719204,ok,0,9,8,0.0
chb02,chb02_05.edf,2700.0,2704.0,0.25,0.35,65,0.9298094740999439,ok,0,10,9,0.0
chb02,chb02_05.edf,2700.0,2704.0,0.25,0.35,66,0.36581014159579417,ok,0,11,9,0.0
chb02,chb02_05.edf,2700.0,2704.0,0.25,0.35,67,0.41744393861648893,ok,0,12,11,0.0
chb02,chb02_05.edf,2700.0,2704.0,0.25,0.35,68,1.0325289261124768,ok,0,10,9,0.0
chb02,chb02_05.edf,2700.0,2704.0,0.25,0.35,69,1.1402552673463515,ok,0,11,9,0.0
chb02,chb02_05.edf,2700.0,2704.0,0.25,0.35,70,0.24552668943746467,ok,0,9,8,0.0
chb02,chb02_05.edf,2700.0,2704.0,0.25,0.35,71,1.529316310105233,ok,0,12,10,0.0
chb02,chb02_05.edf,2700.0,2704.0,0.25,0.35,72,0.9990557900479503,ok,0,11,9,0.0
chb02,chb02_05.edf,2700.0,2704.0,0.25,0.35,73,0.48657334245619993,ok,0,8,6,0.0
chb02,chb02_05.edf,2700.0,2704.0,0.25,0.35,74,0.6732935763705259,ok,0,9,7,0.0
chb02,chb02_05.edf,2700.0,2704.0,0.25,0.35,75,0.5101974003492767,ok,0,13,12,0.0
chb02,chb02_05.edf,2700.0,2704.0,0.25,0.35,76,0.9776790356162807,ok,0,12,10,0.0
chb02,chb02_05.edf,2700.0,2704.0,0.25,0.35,77,0.5526000164907082,ok,0,7,5,0.0
chb02,chb02_05.edf,2700.0,2704.0,0.25,0.35,78,1.2898223563626587,ok,0,11,9,0.0
chb02,chb02_05.edf,2700.0,2704.0,0.25,0.35,79,0.15218217883084012,ok,0,8,6,0.0
chb02,chb02_05.edf,2700.0,2704.0,0.25,0.35,80,0.20247527312468994,ok,0,13,11,0.0
chb02,chb02_05.edf,2700.0,2704.0,0.25,0.35,81,1.3589418456291473,ok,0,9,7,0.0
chb02,chb02_05.edf,2700.0,2704.0,0.25,0.7,62,0.7273849360614434,ok,0,11,10,0.0
chb02,chb02_05.edf,2700.0,2704.0,0.25,0.7,63,0.15185342621837156,ok,0,9,8,0.0
chb02,chb02_05.edf,2700.0,2704.0,0.25,0.7,64,0.8763414757819065,ok,0,9,8,0.0
chb02,chb02_05.edf,2700.0,2704.0,0.25,0.7,65,0.9298094740999439,ok,0,10,9,0.0
chb02,chb02_05.edf,2700.0,2704.0,0.25,0.7,66,0.34401476167739475,ok,0,11,9,0.0
chb02,chb02_05.edf,2700.0,2704.0,0.25,0.7,67,0.6944897399762447,ok,0,12,11,0.0
chb02,chb02_05.edf,2700.0,2704.0,0.25,0.7,68,1.139638892544568,ok,0,9,8,0.0
chb02,chb02_05.edf,2700.0,2704.0,0.25,0.7,69,1.1402552673463515,ok,0,11,9,0.0
chb02,chb02_05.edf,2700.0,2704.0,0.25,0.7,70,0.2372177980897113,ok,0,8,7,0.0
chb02,chb02_05.edf,2700.0,2704.0,0.25,0.7,71,1.5135307289287285,ok,0,13,11,0.0
chb02,chb02_05.edf,2700.0,2704.0,0.25,0.7,72,0.9997704940731007,ok,0,11,9,0.0
chb02,chb02_05.edf,2700.0,2704.0,0.25,0.7,73,0.5658493705259665,ok,0,7,6,0.0
chb02,chb02_05.edf,2700.0,2704.0,0.25,0.7,74,0.8017790658701573,ok,0,9,8,0.0
chb02,chb02_05.edf,2700.0,2704.0,0.25,0.7,75,0.7200309630707008,ok,0,10,9,0.0
chb02,chb02_05.edf,2700.0,2704.0,0.25,0.7,76,0.8101737281256303,ok,0,9,7,0.0
chb02,chb02_05.edf,2700.0,2704.0,0.25,0.7,77,0.5527158793163193,ok,0,7,5,0.0
chb02,chb02_05.edf,2700.0,2704.0,0.25,0.7,78,1.1722314711371125,ok,0,10,8,0.0
chb02,chb02_05.edf,2700.0,2704.0,0.25,0.7,79,0.15218217883084012,ok,0,8,6,0.0
chb02,chb02_05.edf,2700.0,2704.0,0.25,0.7,80,0.39780991666308624,ok,0,13,11,0.0
chb02,chb02_05.edf,2700.0,2704.0,0.25,0.7,81,1.3039554559734907,ok,0,9,6,0.0
chb02,chb02_05.edf,2700.0,2704.0,0.5,0.0,62,0.5712931377579745,ok,0,12,11,0.0
chb02,chb02_05.edf,2700.0,2704.0,0.5,0.0,63,0.16726057798219393,ok,0,8,7,0.0
chb02,chb02_05.edf,2700.0,2704.0,0.5,0.0,64,0.19637001542360058,ok,0,9,8,0.0
chb02,chb02_05.edf,2700.0,2704.0,0.5,0.0,65,0.546024803519956,ok,0,10,8,0.0
chb02,chb02_05.edf,2700.0,2704.0,0.5,0.0,66,0.3428004452807938,ok,0,11,9,0.0
chb02,chb02_05.edf,2700.0,2704.0,0.5,0.0,67,0.9454773281444654,ok,0,7,6,0.0
chb02,chb02_05.edf,2700.0,2704.0,0.5,0.0,68,1.2291207868644798,ok,0,12,11,0.0
chb02,chb02_05.edf,2700.0,2704.0,0.5,0.0,69,1.1682562182790923,ok,0,9,7,0.0
chb02,chb02_05.edf,2700.0,2704.0,0.5,0.0,70,0.5111811702061327,ok,0,14,13,0.0
chb02,chb02_05.edf,2700.0,2704.0,0.5,0.0,71,1.8179982256514546,ok,0,11,9,0.0
chb02,chb02_05.edf,2700.0,2704.0,0.5,0.0,72,0.18642507739616473,ok,0,6,5,0.0
chb02,chb02_05.edf,2700.0,2704.0,0.5,0.0,73,0.6286253346157429,ok,0,10,9,0.0
chb02,chb02_05.edf,2700.0,2704.0,0.5,0.0,74,0.6476197533905482,ok,0,9,7,0.0
chb02,chb02_05.edf,2700.0,2704.0,0.5,0.0,75,0.9626906857352386,ok,0,12,10,0.0
chb02,chb02_05.edf,2700.0,2704.0,0.5,0.0,76,0.48840569686484475,ok,0,10,9,0.0
chb02,chb02_05.edf,2700.0,2704.0,0.5,0.0,77,1.4397992123948258,ok,0,10,9,0.0
chb02,chb02_05.edf,2700.0,2704.0,0.5,0.0,78,0.8783739115481473,ok,0,10,9,0.0
chb02,chb02_05.edf,2700.0,2704.0,0.5,0.0,79,0.6660998123404629,ok,0,8,7,0.0
chb02,chb02_05.edf,2700.0,2704.0,0.5,0.0,80,0.48943288169382493,ok,0,10,8,0.0
chb02,chb02_05.edf,2700.0,2704.0,0.5,0.0,81,1.3487816138931745,ok,0,10,9,0.0
chb02,chb02_05.edf,2700.0,2704.0,0.5,0.175,62,0.6559757885363878,ok,0,12,11,0.0
chb02,chb02_05.edf,2700.0,2704.0,0.5,0.175,63,0.16726057798219393,ok,0,8,7,0.0
chb02,chb02_05.edf,2700.0,2704.0,0.5,0.175,64,0.33066737835270793,ok,0,10,9,0.0
chb02,chb02_05.edf,2700.0,2704.0,0.5,0.175,65,0.546024803519956,ok,0,10,8,0.0
chb02,chb02_05.edf,2700.0,2704.0,0.5,0.175,66,0.3428004452807938,ok,0,11,9,0.0
chb02,chb02_05.edf,2700.0,2704.0,0.5,0.175,67,0.9454773281444654,ok,0,7,6,0.0
chb02,chb02_05.edf,2700.0,2704.0,0.5,0.175,68,1.2291207868644798,ok,0,12,11,0.0
chb02,chb02_05.edf,2700.0,2704.0,0.5,0.175,69,1.2023157860598088,ok,0,8,6,0.0
chb02,chb02_05.edf,2700.0,2704.0,0.5,0.175,70,0.509154547108042,ok,0,14,13,0.0
chb02,chb02_05.edf,2700.0,2704.0,0.5,0.175,71,1.8179982256514546,ok,0,11,9,0.0
chb02,chb02_05.edf,2700.0,2704.0,0.5,0.175,72,0.18642507739616473,ok,0,6,5,0.0
chb02,chb02_05.edf,2700.0,2704.0,0.5,0.175,73,0.6587689307291166,ok,0,10,9,0.0
chb02,chb02_05.edf,2700.0,2704.0,0.5,0.175,74,0.6476197533905482,ok,0,9,7,0.0
chb02,chb02_05.edf,2700.0,2704.0,0.5,0.175,75,0.9626906857352386,ok,0,12,10,0.0
chb02,chb02_05.edf,2700.0,2704.0,0.5,0.175,76,0.48840569686484475,ok,0,10,9,0.0
chb02,chb02_05.edf,2700.0,2704.0,0.5,0.175,77,1.4397992123948258,ok,0,10,9,0.0
chb02,chb02_05.edf,2700.0,2704.0,0.5,0.175,78,0.8798446818952417,ok,0,10,9,0.0
chb02,chb02_05.edf,2700.0,2704.0,0.5,0.175,79,0.15218217883084012,ok,0,8,6,0.0
chb02,chb02_05.edf,2700.0,2704.0,0.5,0.175,80,0.6865578344552838,ok,0,10,8,0.0
chb02,chb02_05.edf,2700.0,2704.0,0.5,0.175,81,1.3487816138931745,ok,0,10,9,0.0
chb02,chb02_05.edf,2700.0,2704.0,0.5,0.35,62,0.6559757885363878,ok,0,12,11,0.0
chb02,chb02_05.edf,2700.0,2704.0,0.5,0.35,63,0.16726057798219393,ok,0,8,7,0.0
chb02,chb02_05.edf,2700.0,2704.0,0.5,0.35,64,0.4037182435228383,ok,0,10,8,0.0
chb02,chb02_05.edf,2700.0,2704.0,0.5,0.35,65,0.546024803519956,ok,0,10,8,0.0
chb02,chb02_05.edf,2700.0,2704.0,0.5,0.35,66,0.3428004452807938,ok,0,11,9,0.0
chb02,chb02_05.edf,2700.0,2704.0,0.5,0.35,67,0.7936879224166306,ok,0,5,4,0.0
chb02,chb02_05.edf,2700.0,2704.0,0.5,0.35,68,1.3557485183777191,ok,0,11,10,0.0
chb02,chb02_05.edf,2700.0,2704.0,0.5,0.35,69,1.087163443045515,ok,0,10,8,0.0
chb02,chb02_05.edf,2700.0,2704.0,0.5,0.35,70,0.4986726691485846,ok,0,14,13,0.0
chb02,chb02_05.edf,2700.0,2704.0,0.5,0.35,71,1.8179982256514546,ok,0,11,9,0.0
chb02,chb02_05.edf,2700.0,2704.0,0.5,0.35,72,0.18642507739616473,ok,0,6,5,0.0
chb02,chb02_05.edf,2700.0,2704.0,0.5,0.35,73,0.6334153076301458,ok,0,9,8,0.0
chb02,chb02_05.edf,2700.0,2704.0,0.5,0.35,74,0.5906725215417822,ok,0,10,8,0.0
chb02,chb02_05.edf,2700.0,2704.0,0.5,0.35,75,0.9109122904933337,ok,0,11,10,0.0
chb02,chb02_05.edf,2700.0,2704.0,0.5,0.35,76,0.48840569686484475,ok,0,10,9,0.0
chb02,chb02_05.edf,2700.0,2704.0,0.5,0.35,77,1.4397992123948258,ok,0,10,9,0.0
chb02,chb02_05.edf,2700.0,2704.0,0.5,0.35,78,0.880069717963589,ok,0,10,9,0.0
chb02,chb02_05.edf,2700.0,2704.0,0.5,0.35,79,0.15218217883084012,ok,0,8,6,0.0
chb02,chb02_05.edf,2700.0,2704.0,0.5,0.35,80,0.6865578344552838,ok,0,10,8,0.0
chb02,chb02_05.edf,2700.0,2704.0,0.5,0.35,81,1.3284880245478177,ok,0,10,8,0.0
chb02,chb02_05.edf,2700.0,2704.0,0.5,0.7,62,0.6482655274814257,ok,0,12,11,0.0
chb02,chb02_05.edf,2700.0,2704.0,0.5,0.7,63,0.6041760309578557,ok,0,9,8,0.0
chb02,chb02_05.edf,2700.0,2704.0,0.5,0.7,64,0.4110822525651039,ok,0,10,8,0.0
chb02,chb02_05.edf,2700.0,2704.0,0.5,0.7,65,0.5820425542618379,ok,0,10,8,0.0
chb02,chb02_05.edf,2700.0,2704.0,0.5,0.7,66,0.35838204329403806,ok,0,11,9,0.0
chb02,chb02_05.edf,2700.0,2704.0,0.5,0.7,67,0.7936879224166306,ok,0,5,4,0.0
chb02,chb02_05.edf,2700.0,2704.0,0.5,0.7,68,1.440261649825375,ok,0,10,9,0.0
chb02,chb02_05.edf,2700.0,2704.0,0.5,0.7,69,1.087163443045515,ok,0,10,8,0.0
chb02,chb02_05.edf,2700.0,2704.0,0.5,0.7,70,0.45948931076466576,ok,0,13,12,0.0
chb02,chb02_05.edf,2700.0,2704.0,0.5,0.7,71,1.8179982256514546,ok,0,11,9,0.0
chb02,chb02_05.edf,2700.0,2704.0,0.5,0.7,72,0.18642507739616473,ok,0,6,5,0.0
chb02,chb02_05.edf,2700.0,2704.0,0.5,0.7,73,0.6172939026047084,ok,0,10,9,0.0
chb02,chb02_05.edf,2700.0,2704.0,0.5,0.7,74,0.679518065785539,ok,0,9,8,0.0
chb02,chb02_05.edf,2700.0,2704.0,0.5,0.7,75,0.8626216636779838,ok,0,9,8,0.0
chb02,chb02_05.edf,2700.0,2704.0,0.5,0.7,76,0.49585752748975154,ok,0,11,10,0.0
chb02,chb02_05.edf,2700.0,2704.0,0.5,0.7,77,0.1980743268619708,ok,0,9,8,0.0
chb02,chb02_05.edf,2700.0,2704.0,0.5,0.7,78,0.5962477351294521,ok,0,11,9,0.0
chb02,chb02_05.edf,2700.0,2704.0,0.5,0.7,79,0.15218217883084012,ok,0,8,6,0.0
chb02,chb02_05.edf,2700.0,2704.0,0.5,0.7,80,0.9994053539964866,ok,0,8,6,0.0
chb02,chb02_05.edf,2700.0,2704.0,0.5,0.7,81,1.2936502326107588,ok,0,10,7,0.0
chb02,chb02_05.edf,2700.0,2704.0,1.0,0.0,62,0.7743914046997703,ok,0,11,10,0.0
chb02,chb02_05.edf,2700.0,2704.0,1.0,0.0,63,0.21488489744161204,ok,0,8,7,0.0
chb02,chb02_05.edf,2700.0,2704.0,1.0,0.0,64,0.17192047651837583,ok,0,10,9,0.0
chb02,chb02_05.edf,2700.0,2704.0,1.0,0.0,65,0.48620003231413916,ok,0,12,9,0.0
chb02,chb02_05.edf,2700.0,2704.0,1.0,0.0,66,1.3756822323974554,ok,0,13,11,0.0
chb02,chb02_05.edf,2700.0,2704.0,1.0,0.0,67,1.0067830609804835,ok,0,9,8,0.0
chb02,chb02_05.edf,2700.0,2704.0,1.0,0.0,68,1.5176810316646947,ok,0,13,11,0.0
chb02,chb02_05.edf,2700.0,2704.0,1.0,0.0,69,1.0610836315798138,ok,0,8,5,0.0
chb02,chb02_05.edf,2700.0,2704.0,1.0,0.0,70,0.981919803246944,ok,0,12,11,0.0
chb02,chb02_05.edf,2700.0,2704.0,1.0,0.0,71,1.7937447317653397,ok,0,10,8,0.0
chb02,chb02_05.edf,2700.0,2704.0,1.0,0.0,72,0.18642507739616473,ok,0,6,5,0.0
chb02,chb02_05.edf,2700.0,2704.0,1.0,0.0,73,0.5987516059102022,ok,0,9,8,0.0
chb02,chb02_05.edf,2700.0,2704.0,1.0,0.0,74,0.6443582292066723,ok,0,11,10,0.0
chb02,chb02_05.edf,2700.0,2704.0,1.0,0.0,75,1.65888681246551,ok,0,10,7,0.0
chb02,chb02_05.edf,2700.0,2704.0,1.0,0.0,76,0.22553402254439306,ok,0,12,11,0.0
chb02,chb02_05.edf,2700.0,2704.0,1.0,0.0,77,1.261454559020981,ok,0,10,9,0.0
chb02,chb02_05.edf,2700.0,2704.0,1.0,0.0,78,1.9856992051961986,ok,0,12,11,0.0
chb02,chb02_05.edf,2700.0,2704.0,1.0,0.0,79,0.1609368397508929,ok,0,7,6,0.0
chb02,chb02_05.edf,2700.0,2704.0,1.0,0.0,80,0.8375512923759941,ok,0,11,9,0.0
chb02,chb02_05.edf,2700.0,2704.0,1.0,0.0,81,1.3218647883394035,ok,0,10,8,0.0
chb02,chb02_05.edf,2700.0,2704.0,1.0,0.175,62,0.7743914046997703,ok,0,11,10,0.0
chb02,chb02_05.edf,2700.0,2704.0,1.0,0.175,63,0.16726057798219393,ok,0,8,7,0.0
chb02,chb02_05.edf,2700.0,2704.0,1.0,0.175,64,0.17192047651837583,ok,0,10,9,0.0
chb02,chb02_05.edf,2700.0,2704.0,1.0,0.175,65,0.49292157435773215,ok,0,12,10,0.0
chb02,chb02_05.edf,2700.0,2704.0,1.0,0.175,66,1.3756822323974554,ok,0,13,11,0.0
chb02,chb02_05.edf,2700.0,2704.0,1.0,0.175,67,1.0067830609804835,ok,0,9,8,0.0
chb02,chb02_05.edf,2700.0,2704.0,1.0,0.175,68,1.5176810316646947,ok,0,13,11,0.0
chb02,chb02_05.edf,2700.0,2704.0,1.0,0.175,69,1.0610836315798138,ok,0,8,5,0.0
chb02,chb02_05.edf,2700.0,2704.0,1.0,0.175,70,0.967657796849726,ok,0,11,10,0.0
chb02,chb02_05.edf,2700.0,2704.0,1.0,0.175,71,1.7937447317653397,ok,0,10,8,0.0
chb02,chb02_05.edf,2700.0,2704.0,1.0,0.175,72,0.18642507739616473,ok,0,6,5,0.0
chb02,chb02_05.edf,2700.0,2704.0,1.0,0.175,73,0.5987516059102022,ok,0,9,8,0.0
chb02,chb02_05.edf,2700.0,2704.0,1.0,0.175,74,0.6443582292066723,ok,0,11,10,0.0
chb02,chb02_05.edf,2700.0,2704.0,1.0,0.175,75,1.5948385453898242,ok,0,8,6,0.0
chb02,chb02_05.edf,2700.0,2704.0,1.0,0.175,76,0.22553402254439306,ok,0,12,11,0.0
chb02,chb02_05.edf,2700.0,2704.0,1.0,0.175,77,1.261454559020981,ok,0,10,9,0.0
chb02,chb02_05.edf,2700.0,2704.0,1.0,0.175,78,2.0008167178077203,ok,0,11,10,0.0
chb02,chb02_05.edf,2700.0,2704.0,1.0,0.175,79,0.1609368397508929,ok,0,7,6,0.0
chb02,chb02_05.edf,2700.0,2704.0,1.0,0.175,80,0.8062744245221075,ok,0,11,9,0.0
chb02,chb02_05.edf,2700.0,2704.0,1.0,0.175,81,1.3218647883394035,ok,0,10,8,0.0
chb02,chb02_05.edf,2700.0,2704.0,1.0,0.35,62,0.7743914046997703,ok,0,11,10,0.0
chb02,chb02_05.edf,2700.0,2704.0,1.0,0.35,63,0.16726057798219393,ok,0,8,7,0.0
chb02,chb02_05.edf,2700.0,2704.0,1.0,0.35,64,0.17192047651837583,ok,0,10,9,0.0
chb02,chb02_05.edf,2700.0,2704.0,1.0,0.35,65,0.49183117746034816,ok,0,12,10,0.0
chb02,chb02_05.edf,2700.0,2704.0,1.0,0.35,66,1.5167540848237777,ok,0,12,10,0.0
chb02,chb02_05.edf,2700.0,2704.0,1.0,0.35,67,1.0067830609804835,ok,0,9,8,0.0
chb02,chb02_05.edf,2700.0,2704.0,1.0,0.35,68,1.5176810316646947,ok,0,13,11,0.0
chb02,chb02_05.edf,2700.0,2704.0,1.0,0.35,69,1.0610836315798138,ok,0,8,5,0.0
chb02,chb02_05.edf,2700.0,2704.0,1.0,0.35,70,0.967657796849726,ok,0,11,10,0.0
chb02,chb02_05.edf,2700.0,2704.0,1.0,0.35,71,1.7937447317653397,ok,0,10,8,0.0
chb02,chb02_05.edf,2700.0,2704.0,1.0,0.35,72,0.18642507739616473,ok,0,6,5,0.0
chb02,chb02_05.edf,2700.0,2704.0,1.0,0.35,73,0.5987516059102022,ok,0,9,8,0.0
chb02,chb02_05.edf,2700.0,2704.0,1.0,0.35,74,0.6443582292066723,ok,0,11,10,0.0
chb02,chb02_05.edf,2700.0,2704.0,1.0,0.35,75,1.5948385453898242,ok,0,8,6,0.0
chb02,chb02_05.edf,2700.0,2704.0,1.0,0.35,76,0.22553402254439306,ok,0,12,11,0.0
chb02,chb02_05.edf,2700.0,2704.0,1.0,0.35,77,1.3301863919839045,ok,0,11,10,0.0
chb02,chb02_05.edf,2700.0,2704.0,1.0,0.35,78,2.0008167178077203,ok,0,11,10,0.0
chb02,chb02_05.edf,2700.0,2704.0,1.0,0.35,79,0.1609368397508929,ok,0,7,6,0.0
chb02,chb02_05.edf,2700.0,2704.0,1.0,0.35,80,0.8062744245221075,ok,0,11,9,0.0
chb02,chb02_05.edf,2700.0,2704.0,1.0,0.35,81,1.3218647883394035,ok,0,10,8,0.0
chb02,chb02_05.edf,2700.0,2704.0,1.0,0.7,62,1.136021362930714,ok,0,9,8,0.0
chb02,chb02_05.edf,2700.0,2704.0,1.0,0.7,63,0.16511346873413899,ok,0,9,8,0.0
chb02,chb02_05.edf,2700.0,2704.0,1.0,0.7,64,0.18589125383362767,ok,0,10,9,0.0
chb02,chb02_05.edf,2700.0,2704.0,1.0,0.7,65,0.49183117746034816,ok,0,12,10,0.0
chb02,chb02_05.edf,2700.0,2704.0,1.0,0.7,66,1.5167540848237777,ok,0,12,10,0.0
chb02,chb02_05.edf,2700.0,2704.0,1.0,0.7,67,1.0067830609804835,ok,0,9,8,0.0
chb02,chb02_05.edf,2700.0,2704.0,1.0,0.7,68,1.4912689498541294,ok,0,12,10,0.0
chb02,chb02_05.edf,2700.0,2704.0,1.0,0.7,69,1.0016849233734453,ok,0,10,7,0.0
chb02,chb02_05.edf,2700.0,2704.0,1.0,0.7,70,0.9152505849999796,ok,0,12,11,0.0
chb02,chb02_05.edf,2700.0,2704.0,1.0,0.7,71,1.7937447317653397,ok,0,10,8,0.0
chb02,chb02_05.edf,2700.0,2704.0,1.0,0.7,72,0.18642507739616473,ok,0,6,5,0.0
chb02,chb02_05.edf,2700.0,2704.0,1.0,0.7,73,0.5987516059102022,ok,0,9,8,0.0
chb02,chb02_05.edf,2700.0,2704.0,1.0,0.7,74,0.6443582292066723,ok,0,11,10,0.0
chb02,chb02_05.edf,2700.0,2704.0,1.0,0.7,75,0.09931587291731003,ok,0,9,7,0.0
chb02,chb02_05.edf,2700.0,2704.0,1.0,0.7,76,0.49097144989842684,ok,0,13,12,0.0
chb02,chb02_05.edf,2700.0,2704.0,1.0,0.7,77,1.3060164914911665,ok,0,10,9,0.0
chb02,chb02_05.edf,2700.0,2704.0,1.0,0.7,78,2.000925621031019,ok,0,11,10,0.0
chb02,chb02_05.edf,2700.0,2704.0,1.0,0.7,79,0.15218217883084012,ok,0,8,6,0.0
chb02,chb02_05.edf,2700.0,2704.0,1.0,0.7,80,0.8062744245221075,ok,0,11,9,0.0
chb02,chb02_05.edf,2700.0,2704.0,1.0,0.7,81,1.2413283170012508,ok,0,9,8,0.0
chb02,chb02_10.edf,904.0,908.0,0.25,0.0,62,0.6171842911523988,ok,0,10,9,0.0
chb02,chb02_10.edf,904.0,908.0,0.25,0.0,63,2.043747370146671,ok,0,9,8,0.0
chb02,chb02_10.edf,904.0,908.0,0.25,0.0,64,0.8756532617719204,ok,0,9,8,0.0
chb02,chb02_10.edf,904.0,908.0,0.25,0.0,65,0.9667718123938864,ok,0,11,10,0.0
chb02,chb02_10.edf,904.0,908.0,0.25,0.0,66,0.3631787913269073,ok,0,11,9,0.0
chb02,chb02_10.edf,904.0,908.0,0.25,0.0,67,0.8092054221906116,ok,0,11,9,0.0
chb02,chb02_10.edf,904.0,908.0,0.25,0.0,68,0.9681035064574081,ok,0,9,8,0.0
chb02,chb02_10.edf,904.0,908.0,0.25,0.0,69,1.241548694349417,ok,0,10,8,0.0
chb02,chb02_10.edf,904.0,908.0,0.25,0.0,70,0.2793983295119334,ok,0,9,8,0.0
chb02,chb02_10.edf,904.0,908.0,0.25,0.0,71,1.5904417843670142,ok,0,12,11,0.0
chb02,chb02_10.edf,904.0,908.0,0.25,0.0,72,0.9990557900479503,ok,0,11,9,0.0
chb02,chb02_10.edf,904.0,908.0,0.25,0.0,73,0.4814093715175572,ok,0,8,7,0.0
chb02,chb02_10.edf,904.0,908.0,0.25,0.0,74,0.6162790697674418,ok,0,11,8,0.0
chb02,chb02_10.edf,904.0,908.0,0.25,0.0,75,0.35394981220923855,ok,0,12,11,0.0
chb02,chb02_10.edf,904.0,908.0,0.25,0.0,76,0.3909772130214703,ok,0,12,11,0.0
chb02,chb02_10.edf,904.0,908.0,0.25,0.0,77,0.9447730595988872,ok,0,6,4,0.0
chb02,chb02_10.edf,904.0,908.0,0.25,0.0,78,1.3483863463099397,ok,0,11,10,0.0
chb02,chb02_10.edf,904.0,908.0,0.25,0.0,79,0.1609368397508929,ok,0,7,6,0.0
chb02,chb02_10.edf,904.0,908.0,0.25,0.0,80,0.1797136108456547,ok,0,12,10,0.0
chb02,chb02_10.edf,904.0,908.0,0.25,0.0,81,1.4033891062507988,ok,0,10,7,0.0
chb02,chb02_10.edf,904.0,908.0,0.25,0.175,62,0.6101321823550158,ok,0,11,10,0.0
chb02,chb02_10.edf,904.0,908.0,0.25,0.175,63,1.8975503893753731,ok,0,9,7,0.0
chb02,chb02_10.edf,904.0,908.0,0.25,0.175,64,0.8756532617719204,ok,0,9,8,0.0
chb02,chb02_10.edf,904.0,908.0,0.25,0.175,65,0.9667718123938864,ok,0,11,10,0.0
chb02,chb02_10.edf,904.0,908.0,0.25,0.175,66,0.3428004452807938,ok,0,11,9,0.0
chb02,chb02_10.edf,904.0,908.0,0.25,0.175,67,0.7837496720494512,ok,0,11,9,0.0
chb02,chb02_10.edf,904.0,908.0,0.25,0.175,68,0.9548224725295615,ok,0,9,8,0.0
chb02,chb02_10.edf,904.0,908.0,0.25,0.175,69,1.241548694349417,ok,0,10,8,0.0
chb02,chb02_10.edf,904.0,908.0,0.25,0.175,70,0.2793983295119334,ok,0,9,8,0.0
chb02,chb02_10.edf,904.0,908.0,0.25,0.175,71,1.5904417843670142,ok,0,12,11,0.0
chb02,chb02_10.edf,904.0,908.0,0.25,0.175,72,0.999228243504632,ok,0,11,9,0.0
chb02,chb02_10.edf,904.0,908.0,0.25,0.175,73,0.5291762021168778,ok,0,9,8,0.0
chb02,chb02_10.edf,904.0,908.0,0.25,0.175,74,0.5963813245767478,ok,0,11,8,0.0
chb02,chb02_10.edf,904.0,908.0,0.25,0.175,75,0.35394981220923855,ok,0,12,11,0.0
chb02,chb02_10.edf,904.0,908.0,0.25,0.175,76,0.6141251545787507,ok,0,11,10,0.0
chb02,chb02_10.edf,904.0,908.0,0.25,0.175,77,0.9447730595988872,ok,0,6,4,0.0
chb02,chb02_10.edf,904.0,908.0,0.25,0.175,78,1.3407604740280588,ok,0,11,10,0.0
chb02,chb02_10.edf,904.0,908.0,0.25,0.175,79,0.1609368397508929,ok,0,7,6,0.0
chb02,chb02_10.edf,904.0,908.0,0.25,0.175,80,0.20805602846257226,ok,0,12,9,0.0
chb02,chb02_10.edf,904.0,908.0,0.25,0.175,81,1.3591282992381686,ok,0,9,8,0.0
chb02,chb02_10.edf,904.0,908.0,0.25,0.35,62,0.5253590071619268,ok,0,12,11,0.0
chb02,chb02_10.edf,904.0,908.0,0.25,0.35,63,0.1925140932272358,ok,0,8,6,0.0
chb02,chb02_10.edf,904.0,908.0,0.25,0.35,64,0.8763414757819065,ok,0,9,8,0.0
chb02,chb02_10.edf,904.0,908.0,0.25,0.35,65,0.9667718123938864,ok,0,11,10,0.0
chb02,chb02_10.edf,904.0,908.0,0.25,0.35,66,0.3428004452807938,ok,0,11,9,0.0
chb02,chb02_10.edf,904.0,908.0,0.25,0.35,67,0.7405857757584552,ok,0,10,9,0.0
chb02,chb02_10.edf,904.0,908.0,0.25,0.35,68,1.0325289261124768,ok,0,10,9,0.0
chb02,chb02_10.edf,904.0,908.0,0.25,0.35,69,1.3021781104089274,ok,0,9,7,0.0
chb02,chb02_10.edf,904.0,908.0,0.25,0.35,70,0.2793983295119334,ok,0,9,8,0.0
chb02,chb02_10.edf,904.0,908.0,0.25,0.35,71,1.5904417843670142,ok,0,12,11,0.0
chb02,chb02_10.edf,904.0,908.0,0.25,0.35,72,0.9997704940731007,ok,0,11,9,0.0
chb02,chb02_10.edf,904.0,908.0,0.25,0.35,73,0.5154060995580372,ok,0,9,8,0.0
chb02,chb02_10.edf,904.0,908.0,0.25,0.35,74,0.576510858429871,ok,0,12,9,0.0
chb02,chb02_10.edf,904.0,908.0,0.25,0.35,75,0.6069988308433233,ok,0,11,10,0.0
chb02,chb02_10.edf,904.0,908.0,0.25,0.35,76,0.8616713197367994,ok,0,10,9,0.0
chb02,chb02_10.edf,904.0,908.0,0.25,0.35,77,0.9447730595988872,ok,0,6,4,0.0
chb02,chb02_10.edf,904.0,908.0,0.25,0.35,78,1.3398964670083215,ok,0,11,10,0.0
chb02,chb02_10.edf,904.0,908.0,0.25,0.35,79,0.1609368397508929,ok,0,7,6,0.0
chb02,chb02_10.edf,904.0,908.0,0.25,0.35,80,0.20805602846257226,ok,0,12,9,0.0
chb02,chb02_10.edf,904.0,908.0,0.25,0.35,81,1.2885523902641125,ok,0,9,8,0.0
chb02,chb02_10.edf,904.0,908.0,0.25,0.7,62,0.6019579274009882,ok,0,11,10,0.0
chb02,chb02_10.edf,904.0,908.0,0.25,0.7,63,0.18214057623162272,ok,0,8,6,0.0
chb02,chb02_10.edf,904.0,908.0,0.25,0.7,64,0.8771027971182629,ok,0,9,8,0.0
chb02,chb02_10.edf,904.0,908.0,0.25,0.7,65,0.9094185555296629,ok,0,11,9,0.0
chb02,chb02_10.edf,904.0,908.0,0.25,0.7,66,0.47873267628337846,ok,0,11,8,0.0
chb02,chb02_10.edf,904.0,908.0,0.25,0.7,67,0.6852531121745488,ok,0,10,9,0.0
chb02,chb02_10.edf,904.0,908.0,0.25,0.7,68,1.030204749492713,ok,0,10,9,0.0
chb02,chb02_10.edf,904.0,908.0,0.25,0.7,69,1.3068527029946226,ok,0,10,7,0.0
chb02,chb02_10.edf,904.0,908.0,0.25,0.7,70,0.24552668943746467,ok,0,9,8,0.0
chb02,chb02_10.edf,904.0,908.0,0.25,0.7,71,1.5904417843670142,ok,0,12,11,0.0
chb02,chb02_10.edf,904.0,908.0,0.25,0.7,72,0.912938753164548,ok,0,10,8,0.0
chb02,chb02_10.edf,904.0,908.0,0.25,0.7,73,0.45955770030465104,ok,0,11,10,0.0
chb02,chb02_10.edf,904.0,908.0,0.25,0.7,74,0.7083546341937167,ok,0,11,9,0.0
chb02,chb02_10.edf,904.0,908.0,0.25,0.7,75,0.6061683370084573,ok,0,11,10,0.0
chb02,chb02_10.edf,904.0,908.0,0.25,0.7,76,1.091050325634823,ok,0,9,8,0.0
chb02,chb02_10.edf,904.0,908.0,0.25,0.7,77,0.9447730595988872,ok,0,6,4,0.0
chb02,chb02_10.edf,904.0,908.0,0.25,0.7,78,1.3291421809579227,ok,0,12,9,0.0
chb02,chb02_10.edf,904.0,908.0,0.25,0.7,79,0.1609368397508929,ok,0,7,6,0.0
chb02,chb02_10.edf,904.0,908.0,0.25,0.7,80,0.20895685517813156,ok,0,11,9,0.0
chb02,chb02_10.edf,904.0,908.0,0.25,0.7,81,1.2887262101271955,ok,0,9,8,0.0
chb02,chb02_10.edf,904.0,908.0,0.5,0.0,62,0.5712931377579745,ok,0,12,11,0.0
chb02,chb02_10.edf,904.0,908.0,0.5,0.0,63,0.16726057798219393,ok,0,8,7,0.0
chb02,chb02_10.edf,904.0,908.0,0.5,0.0,64,0.19637001542360058,ok,0,9,8,0.0
chb02,chb02_10.edf,904.0,908.0,0.5,0.0,65,0.546024803519956,ok,0,10,8,0.0
chb02,chb02_10.edf,904.0,908.0,0.5,0.0,66,0.3428004452807938,ok,0,11,9,0.0
chb02,chb02_10.edf,904.0,908.0,0.5,0.0,67,0.9454773281444654,ok,0,7,6,0.0
chb02,chb02_10.edf,904.0,908.0,0.5,0.0,68,1.2291207868644798,ok,0,12,11,0.0
chb02,chb02_10.edf,904.0,908.0,0.5,0.0,69,1.1682562182790923,ok,0,9,7,0.0
chb02,chb02_10.edf,904.0,908.0,0.5,0.0,70,0.5111811702061327,ok,0,14,13,0.0
chb02,chb02_10.edf,904.0,908.0,0.5,0.0,71,1.8179982256514546,ok,0,11,9,0.0
chb02,chb02_10.edf,904.0,908.0,0.5,0.0,72,0.18642507739616473,ok,0,6,5,0.0
chb02,chb02_10.edf,904.0,908.0,0.5,0.0,73,0.6286253346157429,ok,0,10,9,0.0
chb02,chb02_10.edf,904.0,908.0,0.5,0.0,74,0.6476197533905482,ok,0,9,7,0.0
chb02,chb02_10.edf,904.0,908.0,0.5,0.0,75,0.9626906857352386,ok,0,12,10,0.0
chb02,chb02_10.edf,904.0,908.0,0.5,0.0,76,0.48840569686484475,ok,0,10,9,0.0
chb02,chb02_10.edf,904.0,908.0,0.5,0.0,77,1.4397992123948258,ok,0,10,9,0.0
chb02,chb02_10.edf,904.0,908.0,0.5,0.0,78,0.8783739115481473,ok,0,10,9,0.0
chb02,chb02_10.edf,904.0,908.0,0.5,0.0,79,0.6660998123404629,ok,0,8,7,0.0
chb02,chb02_10.edf,904.0,908.0,0.5,0.0,80,0.48943288169382493,ok,0,10,8,0.0
chb02,chb02_10.edf,904.0,908.0,0.5,0.0,81,1.3487816138931745,ok,0,10,9,0.0
chb02,chb02_10.edf,904.0,908.0,0.5,0.175,62,0.5687028088741318,ok,0,12,11,0.0
chb02,chb02_10.edf,904.0,908.0,0.5,0.175,63,0.16401474193133586,ok,0,8,7,0.0
chb02,chb02_10.edf,904.0,908.0,0.5,0.175,64,0.33066737835270793,ok,0,10,9,0.0
chb02,chb02_10.edf,904.0,908.0,0.5,0.175,65,0.5518250131061467,ok,0,10,8,0.0
chb02,chb02_10.edf,904.0,908.0,0.5,0.175,66,0.3428004452807938,ok,0,11,9,0.0
chb02,chb02_10.edf,904.0,908.0,0.5,0.175,67,0.9454773281444654,ok,0,7,6,0.0
chb02,chb02_10.edf,904.0,908.0,0.5,0.175,68,1.2291207868644798,ok,0,12,11,0.0
chb02,chb02_10.edf,904.0,908.0,0.5,0.175,69,1.1682562182790923,ok,0,9,7,0.0
chb02,chb02_10.edf,904.0,908.0,0.5,0.175,70,0.509154547108042,ok,0,14,13,0.0
chb02,chb02_10.edf,904.0,908.0,0.5,0.175,71,1.8179982256514546,ok,0,11,9,0.0
chb02,chb02_10.edf,904.0,908.0,0.5,0.175,72,0.18642507739616473,ok,0,6,5,0.0
chb02,chb02_10.edf,904.0,908.0,0.5,0.175,73,0.6543988134530593,ok,0,11,10,0.0
chb02,chb02_10.edf,904.0,908.0,0.5,0.175,74,0.6476197533905482,ok,0,9,7,0.0
chb02,chb02_10.edf,904.0,908.0,0.5,0.175,75,0.9626906857352386,ok,0,12,10,0.0
chb02,chb02_10.edf,904.0,908.0,0.5,0.175,76,0.49210873425856594,ok,0,10,9,0.0
chb02,chb02_10.edf,904.0,908.0,0.5,0.175,77,1.4397992123948258,ok,0,10,9,0.0
chb02,chb02_10.edf,904.0,908.0,0.5,0.175,78,0.8764622074007292,ok,0,10,9,0.0
chb02,chb02_10.edf,904.0,908.0,0.5,0.175,79,0.6660998123404629,ok,0,8,7,0.0
chb02,chb02_10.edf,904.0,908.0,0.5,0.175,80,0.6974031210541843,ok,0,11,9,0.0
chb02,chb02_10.edf,904.0,908.0,0.5,0.175,81,1.3487816138931745,ok,0,10,9,0.0
chb02,chb02_10.edf,904.0,908.0,0.5,0.35,62,0.5267056902960866,ok,0,12,10,0.0
chb02,chb02_10.edf,904.0,908.0,0.5,0.35,63,0.15255102400950155,ok,0,8,7,0.0
chb02,chb02_10.edf,904.0,908.0,0.5,0.35,64,0.3392508459009907,ok,0,10,9,0.0
chb02,chb02_10.edf,904.0,908.0,0.5,0.35,65,0.5474024512937127,ok,0,10,7,0.0
chb02,chb02_10.edf,904.0,908.0,0.5,0.35,66,0.3428004452807938,ok,0,11,9,0.0
chb02,chb02_10.edf,904.0,908.0,0.5,0.35,67,0.8155380732692734,ok,0,6,5,0.0
chb02,chb02_10.edf,904.0,908.0,0.5,0.35,68,1.2291207868644798,ok,0,12,11,0.0
chb02,chb02_10.edf,904.0,908.0,0.5,0.35,69,1.2023157860598088,ok,0,8,6,0.0
chb02,chb02_10.edf,904.0,908.0,0.5,0.35,70,0.509154547108042,ok,0,14,13,0.0
chb02,chb02_10.edf,904.0,908.0,0.5,0.35,71,1.8179982256514546,ok,0,11,9,0.0
chb02,chb02_10.edf,904.0,908.0,0.5,0.35,72,0.18642507739616473,ok,0,6,5,0.0
chb02,chb02_10.edf,904.0,908.0,0.5,0.35,73,0.6543988134530593,ok,0,11,10,0.0
chb02,chb02_10.edf,904.0,908.0,0.5,0.35,74,0.6459554029830527,ok,0,9,7,0.0
chb02,chb02_10.edf,904.0,908.0,0.5,0.35,75,0.9626906857352386,ok,0,12,10,0.0
chb02,chb02_10.edf,904.0,908.0,0.5,0.35,76,0.49210873425856594,ok,0,10,9,0.0
chb02,chb02_10.edf,904.0,908.0,0.5,0.35,77,1.4397992123948258,ok,0,10,9,0.0
chb02,chb02_10.edf,904.0,908.0,0.5,0.35,78,0.8766881117130143,ok,0,10,9,0.0
chb02,chb02_10.edf,904.0,908.0,0.5,0.35,79,0.6660998123404629,ok,0,8,7,0.0
chb02,chb02_10.edf,904.0,908.0,0.5,0.35,80,0.6974031210541843,ok,0,11,9,0.0
chb02,chb02_10.edf,904.0,908.0,0.5,0.35,81,1.3455109473415157,ok,0,10,9,0.0
chb02,chb02_10.edf,904.0,908.0,0.5,0.7,62,0.5267056902960866,ok,0,12,10,0.0
chb02,chb02_10.edf,904.0,908.0,0.5,0.7,63,0.15255102400950155,ok,0,8,7,0.0
chb02,chb02_10.edf,904.0,908.0,0.5,0.7,64,0.41908435305513086,ok,0,10,8,0.0
chb02,chb02_10.edf,904.0,908.0,0.5,0.7,65,0.5279645413345575,ok,0,10,8,0.0
chb02,chb02_10.edf,904.0,908.0,0.5,0.7,66,0.47873267628337846,ok,0,11,8,0.0
chb02,chb02_10.edf,904.0,908.0,0.5,0.7,67,0.8155380732692734,ok,0,6,5,0.0
chb02,chb02_10.edf,904.0,908.0,0.5,0.7,68,1.3557485183777191,ok,0,11,10,0.0
chb02,chb02_10.edf,904.0,908.0,0.5,0.7,69,1.2059610866277488,ok,0,8,6,0.0
chb02,chb02_10.edf,904.0,908.0,0.5,0.7,70,0.509154547108042,ok,0,14,13,0.0
chb02,chb02_10.edf,904.0,908.0,0.5,0.7,71,1.8814282450408817,ok,0,11,10,0.0
chb02,chb02_10.edf,904.0,908.0,0.5,0.7,72,0.16154596467394275,ok,0,7,6,0.0
chb02,chb02_10.edf,904.0,908.0,0.5,0.7,73,0.6495533891260626,ok,0,11,10,0.0
chb02,chb02_10.edf,904.0,908.0,0.5,0.7,74,0.6459554029830527,ok,0,9,7,0.0
chb02,chb02_10.edf,904.0,908.0,0.5,0.7,75,0.9081842729197146,ok,0,11,10,0.0
chb02,chb02_10.edf,904.0,908.0,0.5,0.7,76,0.4939912923603568,ok,0,10,9,0.0
chb02,chb02_10.edf,904.0,908.0,0.5,0.7,77,1.4404366547069316,ok,0,10,9,0.0
chb02,chb02_10.edf,904.0,908.0,0.5,0.7,78,0.876475497501451,ok,0,10,9,0.0
chb02,chb02_10.edf,904.0,908.0,0.5,0.7,79,0.6660998123404629,ok,0,8,7,0.0
chb02,chb02_10.edf,904.0,908.0,0.5,0.7,80,0.6974031210541843,ok,0,11,9,0.0
chb02,chb02_10.edf,904.0,908.0,0.5,0.7,81,1.2138529961276863,ok,0,9,8,0.0
chb02,chb02_10.edf,904.0,908.0,1.0,0.0,62,0.7743914046997703,ok,0,11,10,0.0
chb02,chb02_10.edf,904.0,908.0,1.0,0.0,63,0.21488489744161204,ok,0,8,7,0.0
chb02,chb02_10.edf,904.0,908.0,1.0,0.0,64,0.17192047651837583,ok,0,10,9,0.0
chb02,chb02_10.edf,904.0,908.0,1.0,0.0,65,0.48620003231413916,ok,0,12,9,0.0
chb02,chb02_10.edf,904.0,908.0,1.0,0.0,66,1.3756822323974554,ok,0,13,11,0.0
chb02,chb02_10.edf,904.0,908.0,1.0,0.0,67,1.0067830609804835,ok,0,9,8,0.0
chb02,chb02_10.edf,904.0,908.0,1.0,0.0,68,1.5176810316646947,ok,0,13,11,0.0
chb02,chb02_10.edf,904.0,908.0,1.0,0.0,69,1.0610836315798138,ok,0,8,5,0.0
chb02,chb02_10.edf,904.0,908.0,1.0,0.0,70,0.981919803246944,ok,0,12,11,0.0
chb02,chb02_10.edf,904.0,908.0,1.0,0.0,71,1.7937447317653397,ok,0,10,8,0.0
chb02,chb02_10.edf,904.0,908.0,1.0,0.0,72,0.18642507739616473,ok,0,6,5,0.0
chb02,chb02_10.edf,904.0,908.0,1.0,0.0,73,0.5987516059102022,ok,0,9,8,0.0
chb02,chb02_10.edf,904.0,908.0,1.0,0.0,74,0.6443582292066723,ok,0,11,10,0.0
chb02,chb02_10.edf,904.0,908.0,1.0,0.0,75,1.65888681246551,ok,0,10,7,0.0
chb02,chb02_10.edf,904.0,908.0,1.0,0.0,76,0.22553402254439306,ok,0,12,11,0.0
chb02,chb02_10.edf,904.0,908.0,1.0,0.0,77,1.261454559020981,ok,0,10,9,0.0
chb02,chb02_10.edf,904.0,908.0,1.0,0.0,78,1.9856992051961986,ok,0,12,11,0.0
chb02,chb02_10.edf,904.0,908.0,1.0,0.0,79,0.1609368397508929,ok,0,7,6,0.0
chb02,chb02_10.edf,904.0,908.0,1.0,0.0,80,0.8375512923759941,ok,0,11,9,0.0
chb02,chb02_10.edf,904.0,908.0,1.0,0.0,81,1.3218647883394035,ok,0,10,8,0.0
chb02,chb02_10.edf,904.0,908.0,1.0,0.175,62,0.8207228509784782,ok,0,12,11,0.0
chb02,chb02_10.edf,904.0,908.0,1.0,0.175,63,0.16726057798219393,ok,0,8,7,0.0
chb02,chb02_10.edf,904.0,908.0,1.0,0.175,64,0.17192047651837583,ok,0,10,9,0.0
chb02,chb02_10.edf,904.0,908.0,1.0,0.175,65,0.48620003231413916,ok,0,12,9,0.0
chb02,chb02_10.edf,904.0,908.0,1.0,0.175,66,1.3756822323974554,ok,0,13,11,0.0
chb02,chb02_10.edf,904.0,908.0,1.0,0.175,67,1.0067830609804835,ok,0,9,8,0.0
chb02,chb02_10.edf,904.0,908.0,1.0,0.175,68,1.5176810316646947,ok,0,13,11,0.0
chb02,chb02_10.edf,904.0,908.0,1.0,0.175,69,1.0610836315798138,ok,0,8,5,0.0
chb02,chb02_10.edf,904.0,908.0,1.0,0.175,70,0.981919803246944,ok,0,12,11,0.0
chb02,chb02_10.edf,904.0,908.0,1.0,0.175,71,1.7937447317653397,ok,0,10,8,0.0
chb02,chb02_10.edf,904.0,908.0,1.0,0.175,72,0.18642507739616473,ok,0,6,5,0.0
chb02,chb02_10.edf,904.0,908.0,1.0,0.175,73,0.5994183380129673,ok,0,9,8,0.0
chb02,chb02_10.edf,904.0,908.0,1.0,0.175,74,0.6443582292066723,ok,0,11,10,0.0
chb02,chb02_10.edf,904.0,908.0,1.0,0.175,75,1.65888681246551,ok,0,10,7,0.0
chb02,chb02_10.edf,904.0,908.0,1.0,0.175,76,0.22553402254439306,ok,0,12,11,0.0
chb02,chb02_10.edf,904.0,908.0,1.0,0.175,77,1.261454559020981,ok,0,10,9,0.0
chb02,chb02_10.edf,904.0,908.0,1.0,0.175,78,1.9856992051961986,ok,0,12,11,0.0
chb02,chb02_10.edf,904.0,908.0,1.0,0.175,79,0.1609368397508929,ok,0,7,6,0.0
chb02,chb02_10.edf,904.0,908.0,1.0,0.175,80,0.8359269573250298,ok,0,11,9,0.0
chb02,chb02_10.edf,904.0,908.0,1.0,0.175,81,1.3218647883394035,ok,0,10,8,0.0
chb02,chb02_10.edf,904.0,908.0,1.0,0.35,62,0.7796306885747217,ok,0,12,10,0.0
chb02,chb02_10.edf,904.0,908.0,1.0,0.35,63,0.17253466291491212,ok,0,8,7,0.0
chb02,chb02_10.edf,904.0,908.0,1.0,0.35,64,0.17192047651837583,ok,0,10,9,0.0
chb02,chb02_10.edf,904.0,908.0,1.0,0.35,65,0.48620003231413916,ok,0,12,9,0.0
chb02,chb02_10.edf,904.0,908.0,1.0,0.35,66,1.3756822323974554,ok,0,13,11,0.0
chb02,chb02_10.edf,904.0,908.0,1.0,0.35,67,1.0067830609804835,ok,0,9,8,0.0
chb02,chb02_10.edf,904.0,908.0,1.0,0.35,68,1.5176810316646947,ok,0,13,11,0.0
chb02,chb02_10.edf,904.0,908.0,1.0,0.35,69,1.0610836315798138,ok,0,8,5,0.0
chb02,chb02_10.edf,904.0,908.0,1.0,0.35,70,1.0503580581633432,ok,0,12,10,0.0
chb02,chb02_10.edf,904.0,908.0,1.0,0.35,71,1.7937447317653397,ok,0,10,8,0.0
chb02,chb02_10.edf,904.0,908.0,1.0,0.35,72,0.18642507739616473,ok,0,6,5,0.0
chb02,chb02_10.edf,904.0,908.0,1.0,0.35,73,0.5994183380129673,ok,0,9,8,0.0
chb02,chb02_10.edf,904.0,908.0,1.0,0.35,74,0.6443582292066723,ok,0,11,10,0.0
chb02,chb02_10.edf,904.0,908.0,1.0,0.35,75,1.65888681246551,ok,0,10,7,0.0
chb02,chb02_10.edf,904.0,908.0,1.0,0.35,76,0.22652733919178974,ok,0,12,11,0.0
chb02,chb02_10.edf,904.0,908.0,1.0,0.35,77,1.261454559020981,ok,0,10,9,0.0
chb02,chb02_10.edf,904.0,908.0,1.0,0.35,78,1.9866592065374562,ok,0,12,11,0.0
chb02,chb02_10.edf,904.0,908.0,1.0,0.35,79,0.1609368397508929,ok,0,7,6,0.0
chb02,chb02_10.edf,904.0,908.0,1.0,0.35,80,0.8460001481744026,ok,0,12,10,0.0
chb02,chb02_10.edf,904.0,908.0,1.0,0.35,81,1.3218647883394035,ok,0,10,8,0.0
chb02,chb02_10.edf,904.0,908.0,1.0,0.7,62,0.7796306885747217,ok,0,12,10,0.0
chb02,chb02_10.edf,904.0,908.0,1.0,0.7,63,0.16401474193133586,ok,0,8,7,0.0
chb02,chb02_10.edf,904.0,908.0,1.0,0.7,64,0.22155063963963453,ok,0,10,9,0.0
chb02,chb02_10.edf,904.0,908.0,1.0,0.7,65,0.48620003231413916,ok,0,12,9,0.0
chb02,chb02_10.edf,904.0,908.0,1.0,0.7,66,1.3756822323974554,ok,0,13,11,0.0
chb02,chb02_10.edf,904.0,908.0,1.0,0.7,67,0.9904439637761815,ok,0,9,8,0.0
chb02,chb02_10.edf,904.0,908.0,1.0,0.7,68,1.517635018421276,ok,0,13,11,0.0
chb02,chb02_10.edf,904.0,908.0,1.0,0.7,69,1.0610836315798138,ok,0,8,5,0.0
chb02,chb02_10.edf,904.0,908.0,1.0,0.7,70,1.0199535527511765,ok,0,11,9,0.0
chb02,chb02_10.edf,904.0,908.0,1.0,0.7,71,1.7937447317653397,ok,0,10,8,0.0
chb02,chb02_10.edf,904.0,908.0,1.0,0.7,72,0.1839561130971576,ok,0,6,5,0.0
chb02,chb02_10.edf,904.0,908.0,1.0,0.7,73,0.6705387751805706,ok,0,9,8,0.0
chb02,chb02_10.edf,904.0,908.0,1.0,0.7,74,0.6459406006850896,ok,0,11,10,0.0
chb02,chb02_10.edf,904.0,908.0,1.0,0.7,75,1.65888681246551,ok,0,10,7,0.0
chb02,chb02_10.edf,904.0,908.0,1.0,0.7,76,0.25631243374609164,ok,0,12,11,0.0
chb02,chb02_10.edf,904.0,908.0,1.0,0.7,77,1.261454559020981,ok,0,10,9,0.0
chb02,chb02_10.edf,904.0,908.0,1.0,0.7,78,1.9866592065374562,ok,0,12,11,0.0
chb02,chb02_10.edf,904.0,908.0,1.0,0.7,79,0.1609368397508929,ok,0,7,6,0.0
chb02,chb02_10.edf,904.0,908.0,1.0,0.7,80,0.8460001481744026,ok,0,12,10,0.0
chb02,chb02_10.edf,904.0,908.0,1.0,0.7,81,1.2098935300404026,ok,0,9,7,0.0
chb02,chb02_10.edf,2700.0,2704.0,0.25,0.0,62,0.6171842911523988,ok,0,10,9,0.0
chb02,chb02_10.edf,2700.0,2704.0,0.25,0.0,63,2.043747370146671,ok,0,9,8,0.0
chb02,chb02_10.edf,2700.0,2704.0,0.25,0.0,64,0.8756532617719204,ok,0,9,8,0.0
chb02,chb02_10.edf,2700.0,2704.0,0.25,0.0,65,0.9667718123938864,ok,0,11,10,0.0
chb02,chb02_10.edf,2700.0,2704.0,0.25,0.0,66,0.3631787913269073,ok,0,11,9,0.0
chb02,chb02_10.edf,2700.0,2704.0,0.25,0.0,67,0.8092054221906116,ok,0,11,9,0.0
chb02,chb02_10.edf,2700.0,2704.0,0.25,0.0,68,0.9681035064574081,ok,0,9,8,0.0
chb02,chb02_10.edf,2700.0,2704.0,0.25,0.0,69,1.241548694349417,ok,0,10,8,0.0
chb02,chb02_10.edf,2700.0,2704.0,0.25,0.0,70,0.2793983295119334,ok,0,9,8,0.0
chb02,chb02_10.edf,2700.0,2704.0,0.25,0.0,71,1.5904417843670142,ok,0,12,11,0.0
chb02,chb02_10.edf,2700.0,2704.0,0.25,0.0,72,0.9990557900479503,ok,0,11,9,0.0
chb02,chb02_10.edf,2700.0,2704.0,0.25,0.0,73,0.4814093715175572,ok,0,8,7,0.0
chb02,chb02_10.edf,2700.0,2704.0,0.25,0.0,74,0.6162790697674418,ok,0,11,8,0.0
chb02,chb02_10.edf,2700.0,2704.0,0.25,0.0,75,0.35394981220923855,ok,0,12,11,0.0
chb02,chb02_10.edf,2700.0,2704.0,0.25,0.0,76,0.3909772130214703,ok,0,12,11,0.0
chb02,chb02_10.edf,2700.0,2704.0,0.25,0.0,77,0.9447730595988872,ok,0,6,4,0.0
chb02,chb02_10.edf,2700.0,2704.0,0.25,0.0,78,1.3483863463099397,ok,0,11,10,0.0
chb02,chb02_10.edf,2700.0,2704.0,0.25,0.0,79,0.1609368397508929,ok,0,7,6,0.0
chb02,chb02_10.edf,2700.0,2704.0,0.25,0.0,80,0.1797136108456547,ok,0,12,10,0.0
chb02,chb02_10.edf,2700.0,2704.0,0.25,0.0,81,1.4033891062507988,ok,0,10,7,0.0
chb02,chb02_10.edf,2700.0,2704.0,0.25,0.175,62,0.6171842911523988,ok,0,10,9,0.0
chb02,chb02_10.edf,2700.0,2704.0,0.25,0.175,63,2.043747370146671,ok,0,9,8,0.0
chb02,chb02_10.edf,2700.0,2704.0,0.25,0.175,64,0.8756532617719204,ok,0,9,8,0.0
chb02,chb02_10.edf,2700.0,2704.0,0.25,0.175,65,0.9667718123938864,ok,0,11,10,0.0
chb02,chb02_10.edf,2700.0,2704.0,0.25,0.175,66,0.3428004452807938,ok,0,11,9,0.0
chb02,chb02_10.edf,2700.0,2704.0,0.25,0.175,67,0.793177848124112,ok,0,11,9,0.0
chb02,chb02_10.edf,2700.0,2704.0,0.25,0.175,68,0.895157178062396,ok,0,8,7,0.0
chb02,chb02_10.edf,2700.0,2704.0,0.25,0.175,69,1.241548694349417,ok,0,10,8,0.0
chb02,chb02_10.edf,2700.0,2704.0,0.25,0.175,70,0.2793983295119334,ok,0,9,8,0.0
chb02,chb02_10.edf,2700.0,2704.0,0.25,0.175,71,1.5904417843670142,ok,0,12,11,0.0
chb02,chb02_10.edf,2700.0,2704.0,0.25,0.175,72,0.9997704940731007,ok,0,11,9,0.0
chb02,chb02_10.edf,2700.0,2704.0,0.25,0.175,73,0.6416291188277218,ok,0,9,7,0.0
chb02,chb02_10.edf,2700.0,2704.0,0.25,0.175,74,0.6162790697674418,ok,0,11,8,0.0
chb02,chb02_10.edf,2700.0,2704.0,0.25,0.175,75,0.35394981220923855,ok,0,12,11,0.0
chb02,chb02_10.edf,2700.0,2704.0,0.25,0.175,76,0.3909772130214703,ok,0,12,11,0.0
chb02,chb02_10.edf,2700.0,2704.0,0.25,0.175,77,0.9447730595988872,ok,0,6,4,0.0
chb02,chb02_10.edf,2700.0,2704.0,0.25,0.175,78,1.3407604740280588,ok,0,11,10,0.0
chb02,chb02_10.edf,2700.0,2704.0,0.25,0.175,79,0.1609368397508929,ok,0,7,6,0.0
chb02,chb02_10.edf,2700.0,2704.0,0.25,0.175,80,0.18317349230170574,ok,0,11,9,0.0
chb02,chb02_10.edf,2700.0,2704.0,0.25,0.175,81,1.311931266342682,ok,0,9,7,0.0
chb02,chb02_10.edf,2700.0,2704.0,0.25,0.35,62,0.4851937099353484,ok,0,11,10,0.0
chb02,chb02_10.edf,2700.0,2704.0,0.25,0.35,63,2.043747370146671,ok,0,9,8,0.0
chb02,chb02_10.edf,2700.0,2704.0,0.25,0.35,64,0.8797157319407379,ok,0,9,8,0.0
chb02,chb02_10.edf,2700.0,2704.0,0.25,0.35,65,0.9778806893064224,ok,0,12,10,0.0
chb02,chb02_10.edf,2700.0,2704.0,0.25,0.35,66,0.3539917341244622,ok,0,11,9,0.0
chb02,chb02_10.edf,2700.0,2704.0,0.25,0.35,67,0.793177848124112,ok,0,11,9,0.0
chb02,chb02_10.edf,2700.0,2704.0,0.25,0.35,68,0.9376673409895911,ok,0,8,7,0.0
chb02,chb02_10.edf,2700.0,2704.0,0.25,0.35,69,1.241548694349417,ok,0,10,8,0.0
chb02,chb02_10.edf,2700.0,2704.0,0.25,0.35,70,0.2793983295119334,ok,0,9,8,0.0
chb02,chb02_10.edf,2700.0,2704.0,0.25,0.35,71,1.5904417843670142,ok,0,12,11,0.0
chb02,chb02_10.edf,2700.0,2704.0,0.25,0.35,72,1.0193460837059853,ok,0,10,8,0.0
chb02,chb02_10.edf,2700.0,2704.0,0.25,0.35,73,0.640794353897089,ok,0,8,7,0.0
chb02,chb02_10.edf,2700.0,2704.0,0.25,0.35,74,0.6294427465834973,ok,0,10,7,0.0
chb02,chb02_10.edf,2700.0,2704.0,0.25,0.35,75,0.3390286681894141,ok,0,11,10,0.0
chb02,chb02_10.edf,2700.0,2704.0,0.25,0.35,76,0.3909772130214703,ok,0,12,11,0.0
chb02,chb02_10.edf,2700.0,2704.0,0.25,0.35,77,0.9447730595988872,ok,0,6,4,0.0
chb02,chb02_10.edf,2700.0,2704.0,0.25,0.35,78,1.3407604740280588,ok,0,11,10,0.0
chb02,chb02_10.edf,2700.0,2704.0,0.25,0.35,79,0.1568870781527907,ok,0,8,5,0.0
chb02,chb02_10.edf,2700.0,2704.0,0.25,0.35,80,0.18317349230170574,ok,0,11,9,0.0
chb02,chb02_10.edf,2700.0,2704.0,0.25,0.35,81,1.311931266342682,ok,0,9,7,0.0
chb02,chb02_10.edf,2700.0,2704.0,0.25,0.7,62,0.53072249962864,ok,0,12,11,0.0
chb02,chb02_10.edf,2700.0,2704.0,0.25,0.7,63,2.043747370146671,ok,0,9,8,0.0
chb02,chb02_10.edf,2700.0,2704.0,0.25,0.7,64,0.9015570068380706,ok,0,10,9,0.0
chb02,chb02_10.edf,2700.0,2704.0,0.25,0.7,65,0.9778806893064224,ok,0,12,10,0.0
chb02,chb02_10.edf,2700.0,2704.0,0.25,0.7,66,0.3539917341244622,ok,0,11,9,0.0
chb02,chb02_10.edf,2700.0,2704.0,0.25,0.7,67,0.29682017638399744,ok,0,12,11,0.0
chb02,chb02_10.edf,2700.0,2704.0,0.25,0.7,68,1.0914073465244367,ok,0,10,9,0.0
chb02,chb02_10.edf,2700.0,2704.0,0.25,0.7,69,1.2456341386688794,ok,0,10,8,0.0
chb02,chb02_10.edf,2700.0,2704.0,0.25,0.7,70,0.2793983295119334,ok,0,9,8,0.0
chb02,chb02_10.edf,2700.0,2704.0,0.25,0.7,71,1.5904417843670142,ok,0,12,11,0.0
chb02,chb02_10.edf,2700.0,2704.0,0.25,0.7,72,1.1992878939752023,ok,0,8,6,0.0
chb02,chb02_10.edf,2700.0,2704.0,0.25,0.7,73,0.6481515965836093,ok,0,8,7,0.0
chb02,chb02_10.edf,2700.0,2704.0,0.25,0.7,74,0.690119172229903,ok,0,9,7,0.0
chb02,chb02_10.edf,2700.0,2704.0,0.25,0.7,75,0.3519994617667254,ok,0,12,11,0.0
chb02,chb02_10.edf,2700.0,2704.0,0.25,0.7,76,0.6313631168484314,ok,0,11,10,0.0
chb02,chb02_10.edf,2700.0,2704.0,0.25,0.7,77,0.9447730595988872,ok,0,6,4,0.0
chb02,chb02_10.edf,2700.0,2704.0,0.25,0.7,78,1.337346098322624,ok,0,11,10,0.0
chb02,chb02_10.edf,2700.0,2704.0,0.25,0.7,79,0.18987544965233058,ok,0,7,6,0.0
chb02,chb02_10.edf,2700.0,2704.0,0.25,0.7,80,0.18934575045411953,ok,0,11,9,0.0
chb02,chb02_10.edf,2700.0,2704.0,0.25,0.7,81,1.311931266342682,ok,0,9,7,0.0
chb02,chb02_10.edf,2700.0,2704.0,0.5,0.0,62,0.5712931377579745,ok,0,12,11,0.0
chb02,chb02_10.edf,2700.0,2704.0,0.5,0.0,63,0.16726057798219393,ok,0,8,7,0.0
chb02,chb02_10.edf,2700.0,2704.0,0.5,0.0,64,0.19637001542360058,ok,0,9,8,0.0
chb02,chb02_10.edf,2700.0,2704.0,0.5,0.0,65,0.546024803519956,ok,0,10,8,0.0
chb02,chb02_10.edf,2700.0,2704.0,0.5,0.0,66,0.3428004452807938,ok,0,11,9,0.0
chb02,chb02_10.edf,2700.0,2704.0,0.5,0.0,67,0.9454773281444654,ok,0,7,6,0.0
chb02,chb02_10.edf,2700.0,2704.0,0.5,0.0,68,1.2291207868644798,ok,0,12,11,0.0
chb02,chb02_10.edf,2700.0,2704.0,0.5,0.0,69,1.1682562182790923,ok,0,9,7,0.0
chb02,chb02_10.edf,2700.0,2704.0,0.5,0.0,70,0.5111811702061327,ok,0,14,13,0.0
chb02,chb02_10.edf,2700.0,2704.0,0.5,0.0,71,1.8179982256514546,ok,0,11,9,0.0
chb02,chb02_10.edf,2700.0,2704.0,0.5,0.0,72,0.18642507739616473,ok,0,6,5,0.0
chb02,chb02_10.edf,2700.0,2704.0,0.5,0.0,73,0.6286253346157429,ok,0,10,9,0.0
chb02,chb02_10.edf,2700.0,2704.0,0.5,0.0,74,0.6476197533905482,ok,0,9,7,0.0
chb02,chb02_10.edf,2700.0,2704.0,0.5,0.0,75,0.9626906857352386,ok,0,12,10,0.0
chb02,chb02_10.edf,2700.0,2704.0,0.5,0.0,76,0.48840569686484475,ok,0,10,9,0.0
chb02,chb02_10.edf,2700.0,2704.0,0.5,0.0,77,1.4397992123948258,ok,0,10,9,0.0
chb02,chb02_10.edf,2700.0,2704.0,0.5,0.0,78,0.8783739115481473,ok,0,10,9,0.0
chb02,chb02_10.edf,2700.0,2704.0,0.5,0.0,79,0.6660998123404629,ok,0,8,7,0.0
chb02,chb02_10.edf,2700.0,2704.0,0.5,0.0,80,0.48943288169382493,ok,0,10,8,0.0
chb02,chb02_10.edf,2700.0,2704.0,0.5,0.0,81,1.3487816138931745,ok,0,10,9,0.0
chb02,chb02_10.edf,2700.0,2704.0,0.5,0.175,62,0.5687028088741318,ok,0,12,11,0.0
chb02,chb02_10.edf,2700.0,2704.0,0.5,0.175,63,0.16726057798219393,ok,0,8,7,0.0
chb02,chb02_10.edf,2700.0,2704.0,0.5,0.175,64,0.19637001542360058,ok,0,9,8,0.0
chb02,chb02_10.edf,2700.0,2704.0,0.5,0.175,65,0.5518250131061467,ok,0,10,8,0.0
chb02,chb02_10.edf,2700.0,2704.0,0.5,0.175,66,0.3428004452807938,ok,0,11,9,0.0
chb02,chb02_10.edf,2700.0,2704.0,0.5,0.175,67,0.9454773281444654,ok,0,7,6,0.0
chb02,chb02_10.edf,2700.0,2704.0,0.5,0.175,68,1.2291207868644798,ok,0,12,11,0.0
chb02,chb02_10.edf,2700.0,2704.0,0.5,0.175,69,1.1682562182790923,ok,0,9,7,0.0
chb02,chb02_10.edf,2700.0,2704.0,0.5,0.175,70,0.5111811702061327,ok,0,14,13,0.0
chb02,chb02_10.edf,2700.0,2704.0,0.5,0.175,71,1.8179982256514546,ok,0,11,9,0.0
chb02,chb02_10.edf,2700.0,2704.0,0.5,0.175,72,0.18642507739616473,ok,0,6,5,0.0
chb02,chb02_10.edf,2700.0,2704.0,0.5,0.175,73,0.6804371095269275,ok,0,11,10,0.0
chb02,chb02_10.edf,2700.0,2704.0,0.5,0.175,74,0.6476197533905482,ok,0,9,7,0.0
chb02,chb02_10.edf,2700.0,2704.0,0.5,0.175,75,0.9654666566235744,ok,0,12,10,0.0
chb02,chb02_10.edf,2700.0,2704.0,0.5,0.175,76,0.48840569686484475,ok,0,10,9,0.0
chb02,chb02_10.edf,2700.0,2704.0,0.5,0.175,77,1.4397992123948258,ok,0,10,9,0.0
chb02,chb02_10.edf,2700.0,2704.0,0.5,0.175,78,0.8764622074007292,ok,0,10,9,0.0
chb02,chb02_10.edf,2700.0,2704.0,0.5,0.175,79,0.754250604692566,ok,0,9,6,0.0
chb02,chb02_10.edf,2700.0,2704.0,0.5,0.175,80,0.7001723173641382,ok,0,11,9,0.0
chb02,chb02_10.edf,2700.0,2704.0,0.5,0.175,81,1.3487816138931745,ok,0,10,9,0.0
chb02,chb02_10.edf,2700.0,2704.0,0.5,0.35,62,0.6247625205808374,ok,0,13,12,0.0
chb02,chb02_10.edf,2700.0,2704.0,0.5,0.35,63,0.16726057798219393,ok,0,8,7,0.0
chb02,chb02_10.edf,2700.0,2704.0,0.5,0.35,64,0.19637001542360058,ok,0,9,8,0.0
chb02,chb02_10.edf,2700.0,2704.0,0.5,0.35,65,0.5518250131061467,ok,0,10,8,0.0
chb02,chb02_10.edf,2700.0,2704.0,0.5,0.35,66,0.3428004452807938,ok,0,11,9,0.0
chb02,chb02_10.edf,2700.0,2704.0,0.5,0.35,67,0.9454773281444654,ok,0,7,6,0.0
chb02,chb02_10.edf,2700.0,2704.0,0.5,0.35,68,1.2563716415680837,ok,0,11,10,0.0
chb02,chb02_10.edf,2700.0,2704.0,0.5,0.35,69,1.2652855917900245,ok,0,9,8,0.0
chb02,chb02_10.edf,2700.0,2704.0,0.5,0.35,70,0.5111811702061327,ok,0,14,13,0.0
chb02,chb02_10.edf,2700.0,2704.0,0.5,0.35,71,1.8814282450408817,ok,0,11,10,0.0
chb02,chb02_10.edf,2700.0,2704.0,0.5,0.35,72,0.2182492190335565,ok,0,6,5,0.0
chb02,chb02_10.edf,2700.0,2704.0,0.5,0.35,73,0.6546337829797976,ok,0,11,10,0.0
chb02,chb02_10.edf,2700.0,2704.0,0.5,0.35,74,0.6476197533905482,ok,0,9,7,0.0
chb02,chb02_10.edf,2700.0,2704.0,0.5,0.35,75,0.9136376601076178,ok,0,11,10,0.0
chb02,chb02_10.edf,2700.0,2704.0,0.5,0.35,76,0.48840569686484475,ok,0,10,9,0.0
chb02,chb02_10.edf,2700.0,2704.0,0.5,0.35,77,1.4397992123948258,ok,0,10,9,0.0
chb02,chb02_10.edf,2700.0,2704.0,0.5,0.35,78,0.8764622074007292,ok,0,10,9,0.0
chb02,chb02_10.edf,2700.0,2704.0,0.5,0.35,79,0.1568870781527907,ok,0,8,5,0.0
chb02,chb02_10.edf,2700.0,2704.0,0.5,0.35,80,0.8667296522251868,ok,0,9,7,0.0
chb02,chb02_10.edf,2700.0,2704.0,0.5,0.35,81,1.3455109473415157,ok,0,10,9,0.0
chb02,chb02_10.edf,2700.0,2704.0,0.5,0.7,62,0.6247625205808374,ok,0,13,12,0.0
chb02,chb02_10.edf,2700.0,2704.0,0.5,0.7,63,0.15210985094441012,ok,0,8,7,0.0
chb02,chb02_10.edf,2700.0,2704.0,0.5,0.7,64,0.19637001542360058,ok,0,9,8,0.0
chb02,chb02_10.edf,2700.0,2704.0,0.5,0.7,65,0.5518250131061467,ok,0,10,8,0.0
chb02,chb02_10.edf,2700.0,2704.0,0.5,0.7,66,0.3428004452807938,ok,0,11,9,0.0
chb02,chb02_10.edf,2700.0,2704.0,0.5,0.7,67,1.0040454204394365,ok,0,8,7,0.0
chb02,chb02_10.edf,2700.0,2704.0,0.5,0.7,68,1.2563716415680837,ok,0,11,10,0.0
chb02,chb02_10.edf,2700.0,2704.0,0.5,0.7,69,1.2652855917900245,ok,0,9,8,0.0
chb02,chb02_10.edf,2700.0,2704.0,0.5,0.7,70,0.4994565999627041,ok,0,14,13,0.0
chb02,chb02_10.edf,2700.0,2704.0,0.5,0.7,71,1.8814282450408817,ok,0,11,10,0.0
chb02,chb02_10.edf,2700.0,2704.0,0.5,0.7,72,0.1285630840252848,ok,0,5,4,0.0
chb02,chb02_10.edf,2700.0,2704.0,0.5,0.7,73,0.7084425027035585,ok,0,10,9,0.0
chb02,chb02_10.edf,2700.0,2704.0,0.5,0.7,74,0.6476197533905482,ok,0,9,7,0.0
chb02,chb02_10.edf,2700.0,2704.0,0.5,0.7,75,0.9136376601076178,ok,0,11,10,0.0
chb02,chb02_10.edf,2700.0,2704.0,0.5,0.7,76,0.42478938201596245,ok,0,11,10,0.0
chb02,chb02_10.edf,2700.0,2704.0,0.5,0.7,77,1.4396079246619893,ok,0,10,9,0.0
chb02,chb02_10.edf,2700.0,2704.0,0.5,0.7,78,1.0114501615841596,ok,0,10,9,0.0
chb02,chb02_10.edf,2700.0,2704.0,0.5,0.7,79,0.1568870781527907,ok,0,8,5,0.0
chb02,chb02_10.edf,2700.0,2704.0,0.5,0.7,80,0.8667296522251868,ok,0,9,7,0.0
chb02,chb02_10.edf,2700.0,2704.0,0.5,0.7,81,1.2832900944307037,ok,0,10,8,0.0
chb02,chb02_10.edf,2700.0,2704.0,1.0,0.0,62,0.7743914046997703,ok,0,11,10,0.0
chb02,chb02_10.edf,2700.0,2704.0,1.0,0.0,63,0.21488489744161204,ok,0,8,7,0.0
chb02,chb02_10.edf,2700.0,2704.0,1.0,0.0,64,0.17192047651837583,ok,0,10,9,0.0
chb02,chb02_10.edf,2700.0,2704.0,1.0,0.0,65,0.48620003231413916,ok,0,12,9,0.0
chb02,chb02_10.edf,2700.0,2704.0,1.0,0.0,66,1.3756822323974554,ok,0,13,11,0.0
chb02,chb02_10.edf,2700.0,2704.0,1.0,0.0,67,1.0067830609804835,ok,0,9,8,0.0
chb02,chb02_10.edf,2700.0,2704.0,1.0,0.0,68,1.5176810316646947,ok,0,13,11,0.0
chb02,chb02_10.edf,2700.0,2704.0,1.0,0.0,69,1.0610836315798138,ok,0,8,5,0.0
chb02,chb02_10.edf,2700.0,2704.0,1.0,0.0,70,0.981919803246944,ok,0,12,11,0.0
chb02,chb02_10.edf,2700.0,2704.0,1.0,0.0,71,1.7937447317653397,ok,0,10,8,0.0
chb02,chb02_10.edf,2700.0,2704.0,1.0,0.0,72,0.18642507739616473,ok,0,6,5,0.0
chb02,chb02_10.edf,2700.0,2704.0,1.0,0.0,73,0.5987516059102022,ok,0,9,8,0.0
chb02,chb02_10.edf,2700.0,2704.0,1.0,0.0,74,0.6443582292066723,ok,0,11,10,0.0
chb02,chb02_10.edf,2700.0,2704.0,1.0,0.0,75,1.65888681246551,ok,0,10,7,0.0
chb02,chb02_10.edf,2700.0,2704.0,1.0,0.0,76,0.22553402254439306,ok,0,12,11,0.0
chb02,chb02_10.edf,2700.0,2704.0,1.0,0.0,77,1.261454559020981,ok,0,10,9,0.0
chb02,chb02_10.edf,2700.0,2704.0,1.0,0.0,78,1.9856992051961986,ok,0,12,11,0.0
chb02,chb02_10.edf,2700.0,2704.0,1.0,0.0,79,0.1609368397508929,ok,0,7,6,0.0
chb02,chb02_10.edf,2700.0,2704.0,1.0,0.0,80,0.8375512923759941,ok,0,11,9,0.0
chb02,chb02_10.edf,2700.0,2704.0,1.0,0.0,81,1.3218647883394035,ok,0,10,8,0.0
chb02,chb02_10.edf,2700.0,2704.0,1.0,0.175,62,0.8207228509784782,ok,0,12,11,0.0
chb02,chb02_10.edf,2700.0,2704.0,1.0,0.175,63,0.16726057798219393,ok,0,8,7,0.0
chb02,chb02_10.edf,2700.0,2704.0,1.0,0.175,64,0.17192047651837583,ok,0,10,9,0.0
chb02,chb02_10.edf,2700.0,2704.0,1.0,0.175,65,0.48620003231413916,ok,0,12,9,0.0
chb02,chb02_10.edf,2700.0,2704.0,1.0,0.175,66,1.3756822323974554,ok,0,13,11,0.0
chb02,chb02_10.edf,2700.0,2704.0,1.0,0.175,67,1.0067830609804835,ok,0,9,8,0.0
chb02,chb02_10.edf,2700.0,2704.0,1.0,0.175,68,1.4921200874339864,ok,0,13,11,0.0
chb02,chb02_10.edf,2700.0,2704.0,1.0,0.175,69,1.0610836315798138,ok,0,8,5,0.0
chb02,chb02_10.edf,2700.0,2704.0,1.0,0.175,70,1.0503580581633432,ok,0,12,10,0.0
chb02,chb02_10.edf,2700.0,2704.0,1.0,0.175,71,1.7937447317653397,ok,0,10,8,0.0
chb02,chb02_10.edf,2700.0,2704.0,1.0,0.175,72,0.1692486635019696,ok,0,6,5,0.0
chb02,chb02_10.edf,2700.0,2704.0,1.0,0.175,73,0.5823203888824564,ok,0,8,7,0.0
chb02,chb02_10.edf,2700.0,2704.0,1.0,0.175,74,0.6443582292066723,ok,0,11,10,0.0
chb02,chb02_10.edf,2700.0,2704.0,1.0,0.175,75,1.65888681246551,ok,0,10,7,0.0
chb02,chb02_10.edf,2700.0,2704.0,1.0,0.175,76,0.22553402254439306,ok,0,12,11,0.0
chb02,chb02_10.edf,2700.0,2704.0,1.0,0.175,77,1.261454559020981,ok,0,10,9,0.0
chb02,chb02_10.edf,2700.0,2704.0,1.0,0.175,78,1.9856992051961986,ok,0,12,11,0.0
chb02,chb02_10.edf,2700.0,2704.0,1.0,0.175,79,0.1609368397508929,ok,0,7,6,0.0
chb02,chb02_10.edf,2700.0,2704.0,1.0,0.175,80,0.8375512923759941,ok,0,11,9,0.0
chb02,chb02_10.edf,2700.0,2704.0,1.0,0.175,81,1.3218647883394035,ok,0,10,8,0.0
chb02,chb02_10.edf,2700.0,2704.0,1.0,0.35,62,0.8207228509784782,ok,0,12,11,0.0
chb02,chb02_10.edf,2700.0,2704.0,1.0,0.35,63,0.16726057798219393,ok,0,8,7,0.0
chb02,chb02_10.edf,2700.0,2704.0,1.0,0.35,64,0.17192047651837583,ok,0,10,9,0.0
chb02,chb02_10.edf,2700.0,2704.0,1.0,0.35,65,0.48620003231413916,ok,0,12,9,0.0
chb02,chb02_10.edf,2700.0,2704.0,1.0,0.35,66,1.3756822323974554,ok,0,13,11,0.0
chb02,chb02_10.edf,2700.0,2704.0,1.0,0.35,67,1.0346292392189875,ok,0,10,9,0.0
chb02,chb02_10.edf,2700.0,2704.0,1.0,0.35,68,1.4921200874339864,ok,0,13,11,0.0
chb02,chb02_10.edf,2700.0,2704.0,1.0,0.35,69,1.0610836315798138,ok,0,8,5,0.0
chb02,chb02_10.edf,2700.0,2704.0,1.0,0.35,70,1.0503580581633432,ok,0,12,10,0.0
chb02,chb02_10.edf,2700.0,2704.0,1.0,0.35,71,1.7937447317653397,ok,0,10,8,0.0
chb02,chb02_10.edf,2700.0,2704.0,1.0,0.35,72,0.2009696786674588,ok,0,6,5,0.0
chb02,chb02_10.edf,2700.0,2704.0,1.0,0.35,73,0.7089185188667039,ok,0,10,9,0.0
chb02,chb02_10.edf,2700.0,2704.0,1.0,0.35,74,0.6265503624779104,ok,0,10,9,0.0
chb02,chb02_10.edf,2700.0,2704.0,1.0,0.35,75,1.590513747280279,ok,0,9,7,0.0
chb02,chb02_10.edf,2700.0,2704.0,1.0,0.35,76,0.22553402254439306,ok,0,12,11,0.0
chb02,chb02_10.edf,2700.0,2704.0,1.0,0.35,77,1.261454559020981,ok,0,10,9,0.0
chb02,chb02_10.edf,2700.0,2704.0,1.0,0.35,78,1.9856992051961986,ok,0,12,11,0.0
chb02,chb02_10.edf,2700.0,2704.0,1.0,0.35,79,0.1609368397508929,ok,0,7,6,0.0
chb02,chb02_10.edf,2700.0,2704.0,1.0,0.35,80,0.8355892494014844,ok,0,11,9,0.0
chb02,chb02_10.edf,2700.0,2704.0,1.0,0.35,81,1.3218647883394035,ok,0,10,8,0.0
chb02,chb02_10.edf,2700.0,2704.0,1.0,0.7,62,0.8207228509784782,ok,0,12,11,0.0
chb02,chb02_10.edf,2700.0,2704.0,1.0,0.7,63,0.16726057798219393,ok,0,8,7,0.0
chb02,chb02_10.edf,2700.0,2704.0,1.0,0.7,64,0.18246168759880058,ok,0,10,9,0.0
chb02,chb02_10.edf,2700.0,2704.0,1.0,0.7,65,0.48620003231413916,ok,0,12,9,0.0
chb02,chb02_10.edf,2700.0,2704.0,1.0,0.7,66,1.4451262207602147,ok,0,12,10,0.0
chb02,chb02_10.edf,2700.0,2704.0,1.0,0.7,67,1.0574790141311938,ok,0,10,9,0.0
chb02,chb02_10.edf,2700.0,2704.0,1.0,0.7,68,1.4921200874339864,ok,0,13,11,0.0
chb02,chb02_10.edf,2700.0,2704.0,1.0,0.7,69,1.0610836315798138,ok,0,8,5,0.0
chb02,chb02_10.edf,2700.0,2704.0,1.0,0.7,70,0.9641449357937781,ok,0,12,10,0.0
chb02,chb02_10.edf,2700.0,2704.0,1.0,0.7,71,1.8006805731534377,ok,0,11,8,0.0
chb02,chb02_10.edf,2700.0,2704.0,1.0,0.7,72,0.2009696786674588,ok,0,6,5,0.0
chb02,chb02_10.edf,2700.0,2704.0,1.0,0.7,73,0.7089185188667039,ok,0,10,9,0.0
chb02,chb02_10.edf,2700.0,2704.0,1.0,0.7,74,0.624838588069904,ok,0,10,9,0.0
chb02,chb02_10.edf,2700.0,2704.0,1.0,0.7,75,1.603298154573182,ok,0,9,7,0.0
chb02,chb02_10.edf,2700.0,2704.0,1.0,0.7,76,0.22553402254439306,ok,0,12,11,0.0
chb02,chb02_10.edf,2700.0,2704.0,1.0,0.7,77,1.261454559020981,ok,0,10,9,0.0
chb02,chb02_10.edf,2700.0,2704.0,1.0,0.7,78,1.9856992051961986,ok,0,12,11,0.0
chb02,chb02_10.edf,2700.0,2704.0,1.0,0.7,79,0.1609368397508929,ok,0,7,6,0.0
chb02,chb02_10.edf,2700.0,2704.0,1.0,0.7,80,0.8355892494014844,ok,0,11,9,0.0
chb02,chb02_10.edf,2700.0,2704.0,1.0,0.7,81,1.3218647883394035,ok,0,10,8,0.0
chb02,chb02_16+.edf,904.0,908.0,0.25,0.0,62,0.6171842911523988,ok,0,10,9,0.0
chb02,chb02_16+.edf,904.0,908.0,0.25,0.0,63,2.043747370146671,ok,0,9,8,0.0
chb02,chb02_16+.edf,904.0,908.0,0.25,0.0,64,0.8756532617719204,ok,0,9,8,0.0
chb02,chb02_16+.edf,904.0,908.0,0.25,0.0,65,0.9667718123938864,ok,0,11,10,0.0
chb02,chb02_16+.edf,904.0,908.0,0.25,0.0,66,0.3631787913269073,ok,0,11,9,0.0
chb02,chb02_16+.edf,904.0,908.0,0.25,0.0,67,0.8092054221906116,ok,0,11,9,0.0
chb02,chb02_16+.edf,904.0,908.0,0.25,0.0,68,0.9681035064574081,ok,0,9,8,0.0
chb02,chb02_16+.edf,904.0,908.0,0.25,0.0,69,1.241548694349417,ok,0,10,8,0.0
chb02,chb02_16+.edf,904.0,908.0,0.25,0.0,70,0.2793983295119334,ok,0,9,8,0.0
chb02,chb02_16+.edf,904.0,908.0,0.25,0.0,71,1.5904417843670142,ok,0,12,11,0.0
chb02,chb02_16+.edf,904.0,908.0,0.25,0.0,72,0.9990557900479503,ok,0,11,9,0.0
chb02,chb02_16+.edf,904.0,908.0,0.25,0.0,73,0.4814093715175572,ok,0,8,7,0.0
chb02,chb02_16+.edf,904.0,908.0,0.25,0.0,74,0.6162790697674418,ok,0,11,8,0.0
chb02,chb02_16+.edf,904.0,908.0,0.25,0.0,75,0.35394981220923855,ok,0,12,11,0.0
chb02,chb02_16+.edf,904.0,908.0,0.25,0.0,76,0.3909772130214703,ok,0,12,11,0.0
chb02,chb02_16+.edf,904.0,908.0,0.25,0.0,77,0.9447730595988872,ok,0,6,4,0.0
chb02,chb02_16+.edf,904.0,908.0,0.25,0.0,78,1.3483863463099397,ok,0,11,10,0.0
chb02,chb02_16+.edf,904.0,908.0,0.25,0.0,79,0.1609368397508929,ok,0,7,6,0.0
chb02,chb02_16+.edf,904.0,908.0,0.25,0.0,80,0.1797136108456547,ok,0,12,10,0.0
chb02,chb02_16+.edf,904.0,908.0,0.25,0.0,81,1.4033891062507988,ok,0,10,7,0.0
chb02,chb02_16+.edf,904.0,908.0,0.25,0.175,62,0.6171842911523988,ok,0,10,9,0.0
chb02,chb02_16+.edf,904.0,908.0,0.25,0.175,63,2.043813729291342,ok,0,9,8,0.0
chb02,chb02_16+.edf,904.0,908.0,0.25,0.175,64,0.8756532617719204,ok,0,9,8,0.0
chb02,chb02_16+.edf,904.0,908.0,0.25,0.175,65,0.9667718123938864,ok,0,11,10,0.0
chb02,chb02_16+.edf,904.0,908.0,0.25,0.175,66,0.3428004452807938,ok,0,11,9,0.0
chb02,chb02_16+.edf,904.0,908.0,0.25,0.175,67,0.7837496720494512,ok,0,11,9,0.0
chb02,chb02_16+.edf,904.0,908.0,0.25,0.175,68,0.9681035064574081,ok,0,9,8,0.0
chb02,chb02_16+.edf,904.0,908.0,0.25,0.175,69,1.1475643884109248,ok,0,10,7,0.0
chb02,chb02_16+.edf,904.0,908.0,0.25,0.175,70,0.2793983295119334,ok,0,9,8,0.0
chb02,chb02_16+.edf,904.0,908.0,0.25,0.175,71,1.5904417843670142,ok,0,12,11,0.0
chb02,chb02_16+.edf,904.0,908.0,0.25,0.175,72,0.9990557900479503,ok,0,11,9,0.0
chb02,chb02_16+.edf,904.0,908.0,0.25,0.175,73,0.4814093715175572,ok,0,8,7,0.0
chb02,chb02_16+.edf,904.0,908.0,0.25,0.175,74,0.6162790697674418,ok,0,11,8,0.0
chb02,chb02_16+.edf,904.0,908.0,0.25,0.175,75,0.35394981220923855,ok,0,12,11,0.0
chb02,chb02_16+.edf,904.0,908.0,0.25,0.175,76,0.3909772130214703,ok,0,12,11,0.0
chb02,chb02_16+.edf,904.0,908.0,0.25,0.175,77,0.9447730595988872,ok,0,6,4,0.0
chb02,chb02_16+.edf,904.0,908.0,0.25,0.175,78,1.3483863463099397,ok,0,11,10,0.0
chb02,chb02_16+.edf,904.0,908.0,0.25,0.175,79,0.1609368397508929,ok,0,7,6,0.0
chb02,chb02_16+.edf,904.0,908.0,0.25,0.175,80,0.20805602846257226,ok,0,12,9,0.0
chb02,chb02_16+.edf,904.0,908.0,0.25,0.175,81,1.4033891062507988,ok,0,10,7,0.0
chb02,chb02_16+.edf,904.0,908.0,0.25,0.35,62,0.6171842911523988,ok,0,10,9,0.0
chb02,chb02_16+.edf,904.0,908.0,0.25,0.35,63,2.043774405613849,ok,0,9,8,0.0
chb02,chb02_16+.edf,904.0,908.0,0.25,0.35,64,0.8756532617719204,ok,0,9,8,0.0
chb02,chb02_16+.edf,904.0,908.0,0.25,0.35,65,0.9667718123938864,ok,0,11,10,0.0
chb02,chb02_16+.edf,904.0,908.0,0.25,0.35,66,0.3428004452807938,ok,0,11,9,0.0
chb02,chb02_16+.edf,904.0,908.0,0.25,0.35,67,0.7837496720494512,ok,0,11,9,0.0
chb02,chb02_16+.edf,904.0,908.0,0.25,0.35,68,0.9681035064574081,ok,0,9,8,0.0
chb02,chb02_16+.edf,904.0,908.0,0.25,0.35,69,1.1475643884109248,ok,0,10,7,0.0
chb02,chb02_16+.edf,904.0,908.0,0.25,0.35,70,0.2793983295119334,ok,0,9,8,0.0
chb02,chb02_16+.edf,904.0,908.0,0.25,0.35,71,1.5904417843670142,ok,0,12,11,0.0
chb02,chb02_16+.edf,904.0,908.0,0.25,0.35,72,0.9990557900479503,ok,0,11,9,0.0
chb02,chb02_16+.edf,904.0,908.0,0.25,0.35,73,0.4814093715175572,ok,0,8,7,0.0
chb02,chb02_16+.edf,904.0,908.0,0.25,0.35,74,0.6162790697674418,ok,0,11,8,0.0
chb02,chb02_16+.edf,904.0,908.0,0.25,0.35,75,0.35394981220923855,ok,0,12,11,0.0
chb02,chb02_16+.edf,904.0,908.0,0.25,0.35,76,0.3909772130214703,ok,0,12,11,0.0
chb02,chb02_16+.edf,904.0,908.0,0.25,0.35,77,0.9447730595988872,ok,0,6,4,0.0
chb02,chb02_16+.edf,904.0,908.0,0.25,0.35,78,1.3483863463099397,ok,0,11,10,0.0
chb02,chb02_16+.edf,904.0,908.0,0.25,0.35,79,0.1609368397508929,ok,0,7,6,0.0
chb02,chb02_16+.edf,904.0,908.0,0.25,0.35,80,0.20805602846257226,ok,0,12,9,0.0
chb02,chb02_16+.edf,904.0,908.0,0.25,0.35,81,1.4033891062507988,ok,0,10,7,0.0
chb02,chb02_16+.edf,904.0,908.0,0.25,0.7,62,0.6101321823550158,ok,0,11,10,0.0
chb02,chb02_16+.edf,904.0,908.0,0.25,0.7,63,2.034263367141987,ok,0,9,8,0.0
chb02,chb02_16+.edf,904.0,908.0,0.25,0.7,64,0.8756532617719204,ok,0,9,8,0.0
chb02,chb02_16+.edf,904.0,908.0,0.25,0.7,65,0.9667718123938864,ok,0,11,10,0.0
chb02,chb02_16+.edf,904.0,908.0,0.25,0.7,66,0.3428004452807938,ok,0,11,9,0.0
chb02,chb02_16+.edf,904.0,908.0,0.25,0.7,67,0.7842834541512896,ok,0,11,9,0.0
chb02,chb02_16+.edf,904.0,908.0,0.25,0.7,68,0.8821717639524773,ok,0,8,7,0.0
chb02,chb02_16+.edf,904.0,908.0,0.25,0.7,69,1.1416602173774861,ok,0,10,7,0.0
chb02,chb02_16+.edf,904.0,908.0,0.25,0.7,70,0.2793983295119334,ok,0,9,8,0.0
chb02,chb02_16+.edf,904.0,908.0,0.25,0.7,71,1.6064083802046423,ok,0,12,11,0.0
chb02,chb02_16+.edf,904.0,908.0,0.25,0.7,72,1.0009448841963473,ok,0,11,9,0.0
chb02,chb02_16+.edf,904.0,908.0,0.25,0.7,73,0.4814093715175572,ok,0,8,7,0.0
chb02,chb02_16+.edf,904.0,908.0,0.25,0.7,74,0.7531452552659406,ok,0,10,8,0.0
chb02,chb02_16+.edf,904.0,908.0,0.25,0.7,75,0.35394981220923855,ok,0,12,11,0.0
chb02,chb02_16+.edf,904.0,908.0,0.25,0.7,76,0.3909772130214703,ok,0,12,11,0.0
chb02,chb02_16+.edf,904.0,908.0,0.25,0.7,77,0.9447730595988872,ok,0,6,4,0.0
chb02,chb02_16+.edf,904.0,908.0,0.25,0.7,78,1.3482574227948234,ok,0,11,10,0.0
chb02,chb02_16+.edf,904.0,908.0,0.25,0.7,79,0.15092040263009227,ok,0,7,6,0.0
chb02,chb02_16+.edf,904.0,908.0,0.25,0.7,80,0.20805602846257226,ok,0,12,9,0.0
chb02,chb02_16+.edf,904.0,908.0,0.25,0.7,81,1.4033891062507988,ok,0,10,7,0.0
chb02,chb02_16+.edf,904.0,908.0,0.5,0.0,62,0.5712931377579745,ok,0,12,11,0.0
chb02,chb02_16+.edf,904.0,908.0,0.5,0.0,63,0.16726057798219393,ok,0,8,7,0.0
chb02,chb02_16+.edf,904.0,908.0,0.5,0.0,64,0.19637001542360058,ok,0,9,8,0.0
chb02,chb02_16+.edf,904.0,908.0,0.5,0.0,65,0.546024803519956,ok,0,10,8,0.0
chb02,chb02_16+.edf,904.0,908.0,0.5,0.0,66,0.3428004452807938,ok,0,11,9,0.0
chb02,chb02_16+.edf,904.0,908.0,0.5,0.0,67,0.9454773281444654,ok,0,7,6,0.0
chb02,chb02_16+.edf,904.0,908.0,0.5,0.0,68,1.2291207868644798,ok,0,12,11,0.0
chb02,chb02_16+.edf,904.0,908.0,0.5,0.0,69,1.1682562182790923,ok,0,9,7,0.0
chb02,chb02_16+.edf,904.0,908.0,0.5,0.0,70,0.5111811702061327,ok,0,14,13,0.0
chb02,chb02_16+.edf,904.0,908.0,0.5,0.0,71,1.8179982256514546,ok,0,11,9,0.0
chb02,chb02_16+.edf,904.0,908.0,0.5,0.0,72,0.18642507739616473,ok,0,6,5,0.0
chb02,chb02_16+.edf,904.0,908.0,0.5,0.0,73,0.6286253346157429,ok,0,10,9,0.0
chb02,chb02_16+.edf,904.0,908.0,0.5,0.0,74,0.6476197533905482,ok,0,9,7,0.0
chb02,chb02_16+.edf,904.0,908.0,0.5,0.0,75,0.9626906857352386,ok,0,12,10,0.0
chb02,chb02_16+.edf,904.0,908.0,0.5,0.0,76,0.48840569686484475,ok,0,10,9,0.0
chb02,chb02_16+.edf,904.0,908.0,0.5,0.0,77,1.4397992123948258,ok,0,10,9,0.0
chb02,chb02_16+.edf,904.0,908.0,0.5,0.0,78,0.8783739115481473,ok,0,10,9,0.0
chb02,chb02_16+.edf,904.0,908.0,0.5,0.0,79,0.6660998123404629,ok,0,8,7,0.0
chb02,chb02_16+.edf,904.0,908.0,0.5,0.0,80,0.48943288169382493,ok,0,10,8,0.0
chb02,chb02_16+.edf,904.0,908.0,0.5,0.0,81,1.3487816138931745,ok,0,10,9,0.0
chb02,chb02_16+.edf,904.0,908.0,0.5,0.175,62,0.5712931377579745,ok,0,12,11,0.0
chb02,chb02_16+.edf,904.0,908.0,0.5,0.175,63,0.15845733372292342,ok,0,8,7,0.0
chb02,chb02_16+.edf,904.0,908.0,0.5,0.175,64,0.19269613344196232,ok,0,9,8,0.0
chb02,chb02_16+.edf,904.0,908.0,0.5,0.175,65,0.5518250131061467,ok,0,10,8,0.0
chb02,chb02_16+.edf,904.0,908.0,0.5,0.175,66,0.3428004452807938,ok,0,11,9,0.0
chb02,chb02_16+.edf,904.0,908.0,0.5,0.175,67,0.9454773281444654,ok,0,7,6,0.0
chb02,chb02_16+.edf,904.0,908.0,0.5,0.175,68,1.2280564920118564,ok,0,12,11,0.0
chb02,chb02_16+.edf,904.0,908.0,0.5,0.175,69,1.1682562182790923,ok,0,9,7,0.0
chb02,chb02_16+.edf,904.0,908.0,0.5,0.175,70,0.5111811702061327,ok,0,14,13,0.0
chb02,chb02_16+.edf,904.0,908.0,0.5,0.175,71,1.8179982256514546,ok,0,11,9,0.0
chb02,chb02_16+.edf,904.0,908.0,0.5,0.175,72,0.18642507739616473,ok,0,6,5,0.0
chb02,chb02_16+.edf,904.0,908.0,0.5,0.175,73,0.6286253346157429,ok,0,10,9,0.0
chb02,chb02_16+.edf,904.0,908.0,0.5,0.175,74,0.6476197533905482,ok,0,9,7,0.0
chb02,chb02_16+.edf,904.0,908.0,0.5,0.175,75,0.9626906857352386,ok,0,12,10,0.0
chb02,chb02_16+.edf,904.0,908.0,0.5,0.175,76,0.48840569686484475,ok,0,10,9,0.0
chb02,chb02_16+.edf,904.0,908.0,0.5,0.175,77,1.4397992123948258,ok,0,10,9,0.0
chb02,chb02_16+.edf,904.0,908.0,0.5,0.175,78,0.8783739115481473,ok,0,10,9,0.0
chb02,chb02_16+.edf,904.0,908.0,0.5,0.175,79,0.6660998123404629,ok,0,8,7,0.0
chb02,chb02_16+.edf,904.0,908.0,0.5,0.175,80,0.48943288169382493,ok,0,10,8,0.0
chb02,chb02_16+.edf,904.0,908.0,0.5,0.175,81,1.3485722789127093,ok,0,10,9,0.0
chb02,chb02_16+.edf,904.0,908.0,0.5,0.35,62,0.5712931377579745,ok,0,12,11,0.0
chb02,chb02_16+.edf,904.0,908.0,0.5,0.35,63,0.16401474193133586,ok,0,8,7,0.0
chb02,chb02_16+.edf,904.0,908.0,0.5,0.35,64,0.19269613344196232,ok,0,9,8,0.0
chb02,chb02_16+.edf,904.0,908.0,0.5,0.35,65,0.5474024512937127,ok,0,10,7,0.0
chb02,chb02_16+.edf,904.0,908.0,0.5,0.35,66,0.3428004452807938,ok,0,11,9,0.0
chb02,chb02_16+.edf,904.0,908.0,0.5,0.35,67,0.9454773281444654,ok,0,7,6,0.0
chb02,chb02_16+.edf,904.0,908.0,0.5,0.35,68,1.2280564920118564,ok,0,12,11,0.0
chb02,chb02_16+.edf,904.0,908.0,0.5,0.35,69,1.1682562182790923,ok,0,9,7,0.0
chb02,chb02_16+.edf,904.0,908.0,0.5,0.35,70,0.5111811702061327,ok,0,14,13,0.0
chb02,chb02_16+.edf,904.0,908.0,0.5,0.35,71,1.8179982256514546,ok,0,11,9,0.0
chb02,chb02_16+.edf,904.0,908.0,0.5,0.35,72,0.18642507739616473,ok,0,6,5,0.0
chb02,chb02_16+.edf,904.0,908.0,0.5,0.35,73,0.6286253346157429,ok,0,10,9,0.0
chb02,chb02_16+.edf,904.0,908.0,0.5,0.35,74,0.6476197533905482,ok,0,9,7,0.0
chb02,chb02_16+.edf,904.0,908.0,0.5,0.35,75,0.9626906857352386,ok,0,12,10,0.0
chb02,chb02_16+.edf,904.0,908.0,0.5,0.35,76,0.48840569686484475,ok,0,10,9,0.0
chb02,chb02_16+.edf,904.0,908.0,0.5,0.35,77,1.4397992123948258,ok,0,10,9,0.0
chb02,chb02_16+.edf,904.0,908.0,0.5,0.35,78,0.8798446818952417,ok,0,10,9,0.0
chb02,chb02_16+.edf,904.0,908.0,0.5,0.35,79,0.6660998123404629,ok,0,8,7,0.0
chb02,chb02_16+.edf,904.0,908.0,0.5,0.35,80,0.7001723173641382,ok,0,11,9,0.0
chb02,chb02_16+.edf,904.0,908.0,0.5,0.35,81,1.3453019320978854,ok,0,10,9,0.0
chb02,chb02_16+.edf,904.0,908.0,0.5,0.7,62,0.5712931377579745,ok,0,12,11,0.0
chb02,chb02_16+.edf,904.0,908.0,0.5,0.7,63,0.16401474193133586,ok,0,8,7,0.0
chb02,chb02_16+.edf,904.0,908.0,0.5,0.7,64,0.19269613344196232,ok,0,9,8,0.0
chb02,chb02_16+.edf,904.0,908.0,0.5,0.7,65,0.5474024512937127,ok,0,10,7,0.0
chb02,chb02_16+.edf,904.0,908.0,0.5,0.7,66,0.3428004452807938,ok,0,11,9,0.0
chb02,chb02_16+.edf,904.0,908.0,0.5,0.7,67,0.9454773281444654,ok,0,7,6,0.0
chb02,chb02_16+.edf,904.0,908.0,0.5,0.7,68,1.2280564920118564,ok,0,12,11,0.0
chb02,chb02_16+.edf,904.0,908.0,0.5,0.7,69,1.162494900671635,ok,0,9,7,0.0
chb02,chb02_16+.edf,904.0,908.0,0.5,0.7,70,0.5113477740525443,ok,0,14,13,0.0
chb02,chb02_16+.edf,904.0,908.0,0.5,0.7,71,1.8179982256514546,ok,0,11,9,0.0
chb02,chb02_16+.edf,904.0,908.0,0.5,0.7,72,0.16257738433032928,ok,0,6,5,0.0
chb02,chb02_16+.edf,904.0,908.0,0.5,0.7,73,0.6286253346157429,ok,0,10,9,0.0
chb02,chb02_16+.edf,904.0,908.0,0.5,0.7,74,0.6476197533905482,ok,0,9,7,0.0
chb02,chb02_16+.edf,904.0,908.0,0.5,0.7,75,0.9626906857352386,ok,0,12,10,0.0
chb02,chb02_16+.edf,904.0,908.0,0.5,0.7,76,0.48840569686484475,ok,0,10,9,0.0
chb02,chb02_16+.edf,904.0,908.0,0.5,0.7,77,1.4396079246619893,ok,0,10,9,0.0
chb02,chb02_16+.edf,904.0,908.0,0.5,0.7,78,0.8798579209042765,ok,0,10,9,0.0
chb02,chb02_16+.edf,904.0,908.0,0.5,0.7,79,0.7580899903147936,ok,0,9,7,0.0
chb02,chb02_16+.edf,904.0,908.0,0.5,0.7,80,0.7001723173641382,ok,0,11,9,0.0
chb02,chb02_16+.edf,904.0,908.0,0.5,0.7,81,1.3453019320978854,ok,0,10,9,0.0
chb02,chb02_16+.edf,904.0,908.0,1.0,0.0,62,0.7743914046997703,ok,0,11,10,0.0
chb02,chb02_16+.edf,904.0,908.0,1.0,0.0,63,0.21488489744161204,ok,0,8,7,0.0
chb02,chb02_16+.edf,904.0,908.0,1.0,0.0,64,0.17192047651837583,ok,0,10,9,0.0
chb02,chb02_16+.edf,904.0,908.0,1.0,0.0,65,0.48620003231413916,ok,0,12,9,0.0
chb02,chb02_16+.edf,904.0,908.0,1.0,0.0,66,1.3756822323974554,ok,0,13,11,0.0
chb02,chb02_16+.edf,904.0,908.0,1.0,0.0,67,1.0067830609804835,ok,0,9,8,0.0
chb02,chb02_16+.edf,904.0,908.0,1.0,0.0,68,1.5176810316646947,ok,0,13,11,0.0
chb02,chb02_16+.edf,904.0,908.0,1.0,0.0,69,1.0610836315798138,ok,0,8,5,0.0
chb02,chb02_16+.edf,904.0,908.0,1.0,0.0,70,0.981919803246944,ok,0,12,11,0.0
chb02,chb02_16+.edf,904.0,908.0,1.0,0.0,71,1.7937447317653397,ok,0,10,8,0.0
chb02,chb02_16+.edf,904.0,908.0,1.0,0.0,72,0.18642507739616473,ok,0,6,5,0.0
chb02,chb02_16+.edf,904.0,908.0,1.0,0.0,73,0.5987516059102022,ok,0,9,8,0.0
chb02,chb02_16+.edf,904.0,908.0,1.0,0.0,74,0.6443582292066723,ok,0,11,10,0.0
chb02,chb02_16+.edf,904.0,908.0,1.0,0.0,75,1.65888681246551,ok,0,10,7,0.0
chb02,chb02_16+.edf,904.0,908.0,1.0,0.0,76,0.22553402254439306,ok,0,12,11,0.0
chb02,chb02_16+.edf,904.0,908.0,1.0,0.0,77,1.261454559020981,ok,0,10,9,0.0
chb02,chb02_16+.edf,904.0,908.0,1.0,0.0,78,1.9856992051961986,ok,0,12,11,0.0
chb02,chb02_16+.edf,904.0,908.0,1.0,0.0,79,0.1609368397508929,ok,0,7,6,0.0
chb02,chb02_16+.edf,904.0,908.0,1.0,0.0,80,0.8375512923759941,ok,0,11,9,0.0
chb02,chb02_16+.edf,904.0,908.0,1.0,0.0,81,1.3218647883394035,ok,0,10,8,0.0
chb02,chb02_16+.edf,904.0,908.0,1.0,0.175,62,0.7743914046997703,ok,0,11,10,0.0
chb02,chb02_16+.edf,904.0,908.0,1.0,0.175,63,0.20696925512259617,ok,0,8,7,0.0
chb02,chb02_16+.edf,904.0,908.0,1.0,0.175,64,0.17192047651837583,ok,0,10,9,0.0
chb02,chb02_16+.edf,904.0,908.0,1.0,0.175,65,0.48620003231413916,ok,0,12,9,0.0
chb02,chb02_16+.edf,904.0,908.0,1.0,0.175,66,1.3756822323974554,ok,0,13,11,0.0
chb02,chb02_16+.edf,904.0,908.0,1.0,0.175,67,1.0067830609804835,ok,0,9,8,0.0
chb02,chb02_16+.edf,904.0,908.0,1.0,0.175,68,1.5176810316646947,ok,0,13,11,0.0
chb02,chb02_16+.edf,904.0,908.0,1.0,0.175,69,1.0610836315798138,ok,0,8,5,0.0
chb02,chb02_16+.edf,904.0,908.0,1.0,0.175,70,0.981919803246944,ok,0,12,11,0.0
chb02,chb02_16+.edf,904.0,908.0,1.0,0.175,71,1.7937447317653397,ok,0,10,8,0.0
chb02,chb02_16+.edf,904.0,908.0,1.0,0.175,72,0.18642507739616473,ok,0,6,5,0.0
chb02,chb02_16+.edf,904.0,908.0,1.0,0.175,73,0.5987516059102022,ok,0,9,8,0.0
chb02,chb02_16+.edf,904.0,908.0,1.0,0.175,74,0.6443582292066723,ok,0,11,10,0.0
chb02,chb02_16+.edf,904.0,908.0,1.0,0.175,75,1.65888681246551,ok,0,10,7,0.0
chb02,chb02_16+.edf,904.0,908.0,1.0,0.175,76,0.22553402254439306,ok,0,12,11,0.0
chb02,chb02_16+.edf,904.0,908.0,1.0,0.175,77,1.261454559020981,ok,0,10,9,0.0
chb02,chb02_16+.edf,904.0,908.0,1.0,0.175,78,1.9856992051961986,ok,0,12,11,0.0
chb02,chb02_16+.edf,904.0,908.0,1.0,0.175,79,0.1609368397508929,ok,0,7,6,0.0
chb02,chb02_16+.edf,904.0,908.0,1.0,0.175,80,0.8375512923759941,ok,0,11,9,0.0
chb02,chb02_16+.edf,904.0,908.0,1.0,0.175,81,1.3218647883394035,ok,0,10,8,0.0
chb02,chb02_16+.edf,904.0,908.0,1.0,0.35,62,0.7743914046997703,ok,0,11,10,0.0
chb02,chb02_16+.edf,904.0,908.0,1.0,0.35,63,0.20696925512259617,ok,0,8,7,0.0
chb02,chb02_16+.edf,904.0,908.0,1.0,0.35,64,0.17192047651837583,ok,0,10,9,0.0
chb02,chb02_16+.edf,904.0,908.0,1.0,0.35,65,0.48620003231413916,ok,0,12,9,0.0
chb02,chb02_16+.edf,904.0,908.0,1.0,0.35,66,1.3756822323974554,ok,0,13,11,0.0
chb02,chb02_16+.edf,904.0,908.0,1.0,0.35,67,1.0067830609804835,ok,0,9,8,0.0
chb02,chb02_16+.edf,904.0,908.0,1.0,0.35,68,1.5176810316646947,ok,0,13,11,0.0
chb02,chb02_16+.edf,904.0,908.0,1.0,0.35,69,1.0610836315798138,ok,0,8,5,0.0
chb02,chb02_16+.edf,904.0,908.0,1.0,0.35,70,0.981919803246944,ok,0,12,11,0.0
chb02,chb02_16+.edf,904.0,908.0,1.0,0.35,71,1.7937447317653397,ok,0,10,8,0.0
chb02,chb02_16+.edf,904.0,908.0,1.0,0.35,72,0.17941270087025635,ok,0,6,5,0.0
chb02,chb02_16+.edf,904.0,908.0,1.0,0.35,73,0.5987516059102022,ok,0,9,8,0.0
chb02,chb02_16+.edf,904.0,908.0,1.0,0.35,74,0.6443582292066723,ok,0,11,10,0.0
chb02,chb02_16+.edf,904.0,908.0,1.0,0.35,75,1.65888681246551,ok,0,10,7,0.0
chb02,chb02_16+.edf,904.0,908.0,1.0,0.35,76,0.227866473149492,ok,0,12,10,0.0
chb02,chb02_16+.edf,904.0,908.0,1.0,0.35,77,1.261454559020981,ok,0,10,9,0.0
chb02,chb02_16+.edf,904.0,908.0,1.0,0.35,78,1.9856992051961986,ok,0,12,11,0.0
chb02,chb02_16+.edf,904.0,908.0,1.0,0.35,79,0.1609368397508929,ok,0,7,6,0.0
chb02,chb02_16+.edf,904.0,908.0,1.0,0.35,80,0.8375512923759941,ok,0,11,9,0.0
chb02,chb02_16+.edf,904.0,908.0,1.0,0.35,81,1.3218647883394035,ok,0,10,8,0.0
chb02,chb02_16+.edf,904.0,908.0,1.0,0.7,62,0.7718735348950996,ok,0,11,10,0.0
chb02,chb02_16+.edf,904.0,908.0,1.0,0.7,63,0.20696925512259617,ok,0,8,7,0.0
chb02,chb02_16+.edf,904.0,908.0,1.0,0.7,64,0.1682105525021071,ok,0,10,9,0.0
chb02,chb02_16+.edf,904.0,908.0,1.0,0.7,65,0.4850617704483031,ok,0,12,9,0.0
chb02,chb02_16+.edf,904.0,908.0,1.0,0.7,66,1.3756822323974554,ok,0,13,11,0.0
chb02,chb02_16+.edf,904.0,908.0,1.0,0.7,67,1.0067830609804835,ok,0,9,8,0.0
chb02,chb02_16+.edf,904.0,908.0,1.0,0.7,68,1.5176810316646947,ok,0,13,11,0.0
chb02,chb02_16+.edf,904.0,908.0,1.0,0.7,69,1.0610836315798138,ok,0,8,5,0.0
chb02,chb02_16+.edf,904.0,908.0,1.0,0.7,70,0.981919803246944,ok,0,12,11,0.0
chb02,chb02_16+.edf,904.0,908.0,1.0,0.7,71,1.7937447317653397,ok,0,10,8,0.0
chb02,chb02_16+.edf,904.0,908.0,1.0,0.7,72,0.17941270087025635,ok,0,6,5,0.0
chb02,chb02_16+.edf,904.0,908.0,1.0,0.7,73,0.5987516059102022,ok,0,9,8,0.0
chb02,chb02_16+.edf,904.0,908.0,1.0,0.7,74,0.6443582292066723,ok,0,11,10,0.0
chb02,chb02_16+.edf,904.0,908.0,1.0,0.7,75,1.65888681246551,ok,0,10,7,0.0
chb02,chb02_16+.edf,904.0,908.0,1.0,0.7,76,0.227866473149492,ok,0,12,10,0.0
chb02,chb02_16+.edf,904.0,908.0,1.0,0.7,77,1.2551471077377274,ok,0,10,9,0.0
chb02,chb02_16+.edf,904.0,908.0,1.0,0.7,78,1.9856992051961986,ok,0,12,11,0.0
chb02,chb02_16+.edf,904.0,908.0,1.0,0.7,79,0.1878077787684282,ok,0,7,6,0.0
chb02,chb02_16+.edf,904.0,908.0,1.0,0.7,80,0.8375512923759941,ok,0,11,9,0.0
chb02,chb02_16+.edf,904.0,908.0,1.0,0.7,81,1.3218647883394035,ok,0,10,8,0.0
chb02,chb02_16+.edf,2700.0,2704.0,0.25,0.0,62,0.6171842911523988,ok,0,10,9,0.0
chb02,chb02_16+.edf,2700.0,2704.0,0.25,0.0,63,2.043747370146671,ok,0,9,8,0.0
chb02,chb02_16+.edf,2700.0,2704.0,0.25,0.0,64,0.8756532617719204,ok,0,9,8,0.0
chb02,chb02_16+.edf,2700.0,2704.0,0.25,0.0,65,0.9667718123938864,ok,0,11,10,0.0
chb02,chb02_16+.edf,2700.0,2704.0,0.25,0.0,66,0.3631787913269073,ok,0,11,9,0.0
chb02,chb02_16+.edf,2700.0,2704.0,0.25,0.0,67,0.8092054221906116,ok,0,11,9,0.0
chb02,chb02_16+.edf,2700.0,2704.0,0.25,0.0,68,0.9681035064574081,ok,0,9,8,0.0
chb02,chb02_16+.edf,2700.0,2704.0,0.25,0.0,69,1.241548694349417,ok,0,10,8,0.0
chb02,chb02_16+.edf,2700.0,2704.0,0.25,0.0,70,0.2793983295119334,ok,0,9,8,0.0
chb02,chb02_16+.edf,2700.0,2704.0,0.25,0.0,71,1.5904417843670142,ok,0,12,11,0.0
chb02,chb02_16+.edf,2700.0,2704.0,0.25,0.0,72,0.9990557900479503,ok,0,11,9,0.0
chb02,chb02_16+.edf,2700.0,2704.0,0.25,0.0,73,0.4814093715175572,ok,0,8,7,0.0
chb02,chb02_16+.edf,2700.0,2704.0,0.25,0.0,74,0.6162790697674418,ok,0,11,8,0.0
chb02,chb02_16+.edf,2700.0,2704.0,0.25,0.0,75,0.35394981220923855,ok,0,12,11,0.0
chb02,chb02_16+.edf,2700.0,2704.0,0.25,0.0,76,0.3909772130214703,ok,0,12,11,0.0
chb02,chb02_16+.edf,2700.0,2704.0,0.25,0.0,77,0.9447730595988872,ok,0,6,4,0.0
chb02,chb02_16+.edf,2700.0,2704.0,0.25,0.0,78,1.3483863463099397,ok,0,11,10,0.0
chb02,chb02_16+.edf,2700.0,2704.0,0.25,0.0,79,0.1609368397508929,ok,0,7,6,0.0
chb02,chb02_16+.edf,2700.0,2704.0,0.25,0.0,80,0.1797136108456547,ok,0,12,10,0.0
chb02,chb02_16+.edf,2700.0,2704.0,0.25,0.0,81,1.4033891062507988,ok,0,10,7,0.0
chb02,chb02_16+.edf,2700.0,2704.0,0.25,0.175,62,0.8466389361623168,ok,0,10,8,0.0
chb02,chb02_16+.edf,2700.0,2704.0,0.25,0.175,63,0.227675812532863,ok,0,9,8,0.0
chb02,chb02_16+.edf,2700.0,2704.0,0.25,0.175,64,0.8756532617719204,ok,0,9,8,0.0
chb02,chb02_16+.edf,2700.0,2704.0,0.25,0.175,65,1.4330982587574554,ok,0,9,8,0.0
chb02,chb02_16+.edf,2700.0,2704.0,0.25,0.175,66,0.36581014159579417,ok,0,11,9,0.0
chb02,chb02_16+.edf,2700.0,2704.0,0.25,0.175,67,0.7763942311691984,ok,0,11,9,0.0
chb02,chb02_16+.edf,2700.0,2704.0,0.25,0.175,68,1.0242035526750688,ok,0,10,9,0.0
chb02,chb02_16+.edf,2700.0,2704.0,0.25,0.175,69,1.3021781104089274,ok,0,9,7,0.0
chb02,chb02_16+.edf,2700.0,2704.0,0.25,0.175,70,0.2850088804323723,ok,0,8,7,0.0
chb02,chb02_16+.edf,2700.0,2704.0,0.25,0.175,71,1.529316310105233,ok,0,12,10,0.0
chb02,chb02_16+.edf,2700.0,2704.0,0.25,0.175,72,0.9990557900479503,ok,0,11,9,0.0
chb02,chb02_16+.edf,2700.0,2704.0,0.25,0.175,73,0.5562782086554805,ok,0,9,7,0.0
chb02,chb02_16+.edf,2700.0,2704.0,0.25,0.175,74,0.5676782562522674,ok,0,12,9,0.0
chb02,chb02_16+.edf,2700.0,2704.0,0.25,0.175,75,0.35394981220923855,ok,0,12,11,0.0
chb02,chb02_16+.edf,2700.0,2704.0,0.25,0.175,76,1.024541534358229,ok,0,10,9,0.0
chb02,chb02_16+.edf,2700.0,2704.0,0.25,0.175,77,0.5311725903537556,ok,0,7,5,0.0
chb02,chb02_16+.edf,2700.0,2704.0,0.25,0.175,78,1.345213193812941,ok,0,11,10,0.0
chb02,chb02_16+.edf,2700.0,2704.0,0.25,0.175,79,0.1609368397508929,ok,0,7,6,0.0
chb02,chb02_16+.edf,2700.0,2704.0,0.25,0.175,80,0.17655063606906146,ok,0,12,10,0.0
chb02,chb02_16+.edf,2700.0,2704.0,0.25,0.175,81,1.297668568457238,ok,0,9,7,0.0
chb02,chb02_16+.edf,2700.0,2704.0,0.25,0.35,62,0.9133408579292571,ok,0,11,9,0.0
chb02,chb02_16+.edf,2700.0,2704.0,0.25,0.35,63,0.227675812532863,ok,0,9,8,0.0
chb02,chb02_16+.edf,2700.0,2704.0,0.25,0.35,64,0.960386606658378,ok,0,8,7,0.0
chb02,chb02_16+.edf,2700.0,2704.0,0.25,0.35,65,1.4214558233118453,ok,0,10,9,0.0
chb02,chb02_16+.edf,2700.0,2704.0,0.25,0.35,66,0.36581014159579417,ok,0,11,9,0.0
chb02,chb02_16+.edf,2700.0,2704.0,0.25,0.35,67,0.7355891429631308,ok,0,10,9,0.0
chb02,chb02_16+.edf,2700.0,2704.0,0.25,0.35,68,1.0901463934017712,ok,0,10,9,0.0
chb02,chb02_16+.edf,2700.0,2704.0,0.25,0.35,69,1.3021781104089274,ok,0,9,7,0.0
chb02,chb02_16+.edf,2700.0,2704.0,0.25,0.35,70,0.4101876324180231,ok,0,8,7,0.0
chb02,chb02_16+.edf,2700.0,2704.0,0.25,0.35,71,1.5598067681009447,ok,0,13,11,0.0
chb02,chb02_16+.edf,2700.0,2704.0,0.25,0.35,72,0.8542035143984031,ok,0,11,9,0.0
chb02,chb02_16+.edf,2700.0,2704.0,0.25,0.35,73,0.5463521277785732,ok,0,9,7,0.0
chb02,chb02_16+.edf,2700.0,2704.0,0.25,0.35,74,0.5389518960337527,ok,0,10,7,0.0
chb02,chb02_16+.edf,2700.0,2704.0,0.25,0.35,75,0.26792526758677765,ok,0,13,12,0.0
chb02,chb02_16+.edf,2700.0,2704.0,0.25,0.35,76,0.45830297916488616,ok,0,9,8,0.0
chb02,chb02_16+.edf,2700.0,2704.0,0.25,0.35,77,0.5311725903537556,ok,0,7,5,0.0
chb02,chb02_16+.edf,2700.0,2704.0,0.25,0.35,78,1.23590899998399,ok,0,10,9,0.0
chb02,chb02_16+.edf,2700.0,2704.0,0.25,0.35,79,0.15218217883084012,ok,0,8,6,0.0
chb02,chb02_16+.edf,2700.0,2704.0,0.25,0.35,80,0.23865418832718013,ok,0,14,12,0.0
chb02,chb02_16+.edf,2700.0,2704.0,0.25,0.35,81,1.3255251167689142,ok,0,10,8,0.0
chb02,chb02_16+.edf,2700.0,2704.0,0.25,0.7,62,1.496209895302553,ok,0,9,7,0.0
chb02,chb02_16+.edf,2700.0,2704.0,0.25,0.7,63,0.19759201224112374,ok,0,9,8,0.0
chb02,chb02_16+.edf,2700.0,2704.0,0.25,0.7,64,0.960386606658378,ok,0,8,7,0.0
chb02,chb02_16+.edf,2700.0,2704.0,0.25,0.7,65,1.4256234285255303,ok,0,10,9,0.0
chb02,chb02_16+.edf,2700.0,2704.0,0.25,0.7,66,0.5023800633204267,ok,0,10,8,0.0
chb02,chb02_16+.edf,2700.0,2704.0,0.25,0.7,67,0.7299593364966166,ok,0,10,9,0.0
chb02,chb02_16+.edf,2700.0,2704.0,0.25,0.7,68,1.0957120789696535,ok,0,10,9,0.0
chb02,chb02_16+.edf,2700.0,2704.0,0.25,0.7,69,1.1315607168890454,ok,0,9,7,0.0
chb02,chb02_16+.edf,2700.0,2704.0,0.25,0.7,70,0.271910044401085,ok,0,6,5,0.0
chb02,chb02_16+.edf,2700.0,2704.0,0.25,0.7,71,1.5598067681009447,ok,0,13,11,0.0
chb02,chb02_16+.edf,2700.0,2704.0,0.25,0.7,72,0.936685513972252,ok,0,12,10,0.0
chb02,chb02_16+.edf,2700.0,2704.0,0.25,0.7,73,0.5605036013597594,ok,0,11,10,0.0
chb02,chb02_16+.edf,2700.0,2704.0,0.25,0.7,74,0.689077965020348,ok,0,9,7,0.0
chb02,chb02_16+.edf,2700.0,2704.0,0.25,0.7,75,0.6309241001905839,ok,0,13,12,0.0
chb02,chb02_16+.edf,2700.0,2704.0,0.25,0.7,76,0.19462238576974697,ok,0,9,8,0.0
chb02,chb02_16+.edf,2700.0,2704.0,0.25,0.7,77,0.43367569825129393,ok,0,6,4,0.0
chb02,chb02_16+.edf,2700.0,2704.0,0.25,0.7,78,1.2774068933467593,ok,0,11,9,0.0
chb02,chb02_16+.edf,2700.0,2704.0,0.25,0.7,79,0.7580899903147936,ok,0,9,7,0.0
chb02,chb02_16+.edf,2700.0,2704.0,0.25,0.7,80,1.0165340639274933,ok,0,8,6,0.0
chb02,chb02_16+.edf,2700.0,2704.0,0.25,0.7,81,1.271859160036337,ok,0,11,10,0.0
chb02,chb02_16+.edf,2700.0,2704.0,0.5,0.0,62,0.5712931377579745,ok,0,12,11,0.0
chb02,chb02_16+.edf,2700.0,2704.0,0.5,0.0,63,0.16726057798219393,ok,0,8,7,0.0
chb02,chb02_16+.edf,2700.0,2704.0,0.5,0.0,64,0.19637001542360058,ok,0,9,8,0.0
chb02,chb02_16+.edf,2700.0,2704.0,0.5,0.0,65,0.546024803519956,ok,0,10,8,0.0
chb02,chb02_16+.edf,2700.0,2704.0,0.5,0.0,66,0.3428004452807938,ok,0,11,9,0.0
chb02,chb02_16+.edf,2700.0,2704.0,0.5,0.0,67,0.9454773281444654,ok,0,7,6,0.0
chb02,chb02_16+.edf,2700.0,2704.0,0.5,0.0,68,1.2291207868644798,ok,0,12,11,0.0
chb02,chb02_16+.edf,2700.0,2704.0,0.5,0.0,69,1.1682562182790923,ok,0,9,7,0.0
chb02,chb02_16+.edf,2700.0,2704.0,0.5,0.0,70,0.5111811702061327,ok,0,14,13,0.0
chb02,chb02_16+.edf,2700.0,2704.0,0.5,0.0,71,1.8179982256514546,ok,0,11,9,0.0
chb02,chb02_16+.edf,2700.0,2704.0,0.5,0.0,72,0.18642507739616473,ok,0,6,5,0.0
chb02,chb02_16+.edf,2700.0,2704.0,0.5,0.0,73,0.6286253346157429,ok,0,10,9,0.0
chb02,chb02_16+.edf,2700.0,2704.0,0.5,0.0,74,0.6476197533905482,ok,0,9,7,0.0
chb02,chb02_16+.edf,2700.0,2704.0,0.5,0.0,75,0.9626906857352386,ok,0,12,10,0.0
chb02,chb02_16+.edf,2700.0,2704.0,0.5,0.0,76,0.48840569686484475,ok,0,10,9,0.0
chb02,chb02_16+.edf,2700.0,2704.0,0.5,0.0,77,1.4397992123948258,ok,0,10,9,0.0
chb02,chb02_16+.edf,2700.0,2704.0,0.5,0.0,78,0.8783739115481473,ok,0,10,9,0.0
chb02,chb02_16+.edf,2700.0,2704.0,0.5,0.0,79,0.6660998123404629,ok,0,8,7,0.0
chb02,chb02_16+.edf,2700.0,2704.0,0.5,0.0,80,0.48943288169382493,ok,0,10,8,0.0
chb02,chb02_16+.edf,2700.0,2704.0,0.5,0.0,81,1.3487816138931745,ok,0,10,9,0.0
chb02,chb02_16+.edf,2700.0,2704.0,0.5,0.175,62,0.6482655274814257,ok,0,12,11,0.0
chb02,chb02_16+.edf,2700.0,2704.0,0.5,0.175,63,0.16726057798219393,ok,0,8,7,0.0
chb02,chb02_16+.edf,2700.0,2704.0,0.5,0.175,64,0.33066737835270793,ok,0,10,9,0.0
chb02,chb02_16+.edf,2700.0,2704.0,0.5,0.175,65,0.546024803519956,ok,0,10,8,0.0
chb02,chb02_16+.edf,2700.0,2704.0,0.5,0.175,66,0.3455869941264749,ok,0,11,9,0.0
chb02,chb02_16+.edf,2700.0,2704.0,0.5,0.175,67,0.9454773281444654,ok,0,7,6,0.0
chb02,chb02_16+.edf,2700.0,2704.0,0.5,0.175,68,1.341276321721398,ok,0,11,10,0.0
chb02,chb02_16+.edf,2700.0,2704.0,0.5,0.175,69,1.2023157860598088,ok,0,8,6,0.0
chb02,chb02_16+.edf,2700.0,2704.0,0.5,0.175,70,0.509154547108042,ok,0,14,13,0.0
chb02,chb02_16+.edf,2700.0,2704.0,0.5,0.175,71,1.8179982256514546,ok,0,11,9,0.0
chb02,chb02_16+.edf,2700.0,2704.0,0.5,0.175,72,0.1692486635019696,ok,0,6,5,0.0
chb02,chb02_16+.edf,2700.0,2704.0,0.5,0.175,73,0.6286253346157429,ok,0,10,9,0.0
chb02,chb02_16+.edf,2700.0,2704.0,0.5,0.175,74,0.6476197533905482,ok,0,9,7,0.0
chb02,chb02_16+.edf,2700.0,2704.0,0.5,0.175,75,0.9626906857352386,ok,0,12,10,0.0
chb02,chb02_16+.edf,2700.0,2704.0,0.5,0.175,76,0.4917726859794421,ok,0,11,10,0.0
chb02,chb02_16+.edf,2700.0,2704.0,0.5,0.175,77,1.487661106245009,ok,0,9,8,0.0
chb02,chb02_16+.edf,2700.0,2704.0,0.5,0.175,78,0.8409859228438307,ok,0,10,9,0.0
chb02,chb02_16+.edf,2700.0,2704.0,0.5,0.175,79,0.6660998123404629,ok,0,8,7,0.0
chb02,chb02_16+.edf,2700.0,2704.0,0.5,0.175,80,0.6865578344552838,ok,0,10,8,0.0
chb02,chb02_16+.edf,2700.0,2704.0,0.5,0.175,81,1.3487816138931745,ok,0,10,9,0.0
chb02,chb02_16+.edf,2700.0,2704.0,0.5,0.35,62,0.6482655274814257,ok,0,12,11,0.0
chb02,chb02_16+.edf,2700.0,2704.0,0.5,0.35,63,0.5946050294951504,ok,0,9,8,0.0
chb02,chb02_16+.edf,2700.0,2704.0,0.5,0.35,64,0.33066737835270793,ok,0,10,9,0.0
chb02,chb02_16+.edf,2700.0,2704.0,0.5,0.35,65,0.546024803519956,ok,0,10,8,0.0
chb02,chb02_16+.edf,2700.0,2704.0,0.5,0.35,66,0.3455869941264749,ok,0,11,9,0.0
chb02,chb02_16+.edf,2700.0,2704.0,0.5,0.35,67,0.9392488992812861,ok,0,7,6,0.0
chb02,chb02_16+.edf,2700.0,2704.0,0.5,0.35,68,1.3290633537439611,ok,0,12,11,0.0
chb02,chb02_16+.edf,2700.0,2704.0,0.5,0.35,69,1.3020448419914015,ok,0,9,7,0.0
chb02,chb02_16+.edf,2700.0,2704.0,0.5,0.35,70,0.6377275920733089,ok,0,13,12,0.0
chb02,chb02_16+.edf,2700.0,2704.0,0.5,0.35,71,1.8179982256514546,ok,0,11,9,0.0
chb02,chb02_16+.edf,2700.0,2704.0,0.5,0.35,72,0.1692486635019696,ok,0,6,5,0.0
chb02,chb02_16+.edf,2700.0,2704.0,0.5,0.35,73,0.6032318324205259,ok,0,10,9,0.0
chb02,chb02_16+.edf,2700.0,2704.0,0.5,0.35,74,0.5906725215417822,ok,0,10,8,0.0
chb02,chb02_16+.edf,2700.0,2704.0,0.5,0.35,75,1.493994610496896,ok,0,11,9,0.0
chb02,chb02_16+.edf,2700.0,2704.0,0.5,0.35,76,0.4917726859794421,ok,0,11,10,0.0
chb02,chb02_16+.edf,2700.0,2704.0,0.5,0.35,77,1.4885965011016011,ok,0,9,8,0.0
chb02,chb02_16+.edf,2700.0,2704.0,0.5,0.35,78,0.8409859228438307,ok,0,10,9,0.0
chb02,chb02_16+.edf,2700.0,2704.0,0.5,0.35,79,0.7580899903147936,ok,0,9,7,0.0
chb02,chb02_16+.edf,2700.0,2704.0,0.5,0.35,80,0.8394672394316299,ok,0,10,8,0.0
chb02,chb02_16+.edf,2700.0,2704.0,0.5,0.35,81,1.3485722789127093,ok,0,10,9,0.0
chb02,chb02_16+.edf,2700.0,2704.0,0.5,0.7,62,0.6482655274814257,ok,0,12,11,0.0
chb02,chb02_16+.edf,2700.0,2704.0,0.5,0.7,63,0.5756622888316407,ok,0,10,9,0.0
chb02,chb02_16+.edf,2700.0,2704.0,0.5,0.7,64,0.33066737835270793,ok,0,10,9,0.0
chb02,chb02_16+.edf,2700.0,2704.0,0.5,0.7,65,0.546024803519956,ok,0,10,8,0.0
chb02,chb02_16+.edf,2700.0,2704.0,0.5,0.7,66,0.3707492735197599,ok,0,10,8,0.0
chb02,chb02_16+.edf,2700.0,2704.0,0.5,0.7,67,0.8328027541345915,ok,0,6,5,0.0
chb02,chb02_16+.edf,2700.0,2704.0,0.5,0.7,68,1.4377027101409592,ok,0,10,9,0.0
chb02,chb02_16+.edf,2700.0,2704.0,0.5,0.7,69,1.3997608041574239,ok,0,9,8,0.0
chb02,chb02_16+.edf,2700.0,2704.0,0.5,0.7,70,0.5470574647280697,ok,0,12,11,0.0
chb02,chb02_16+.edf,2700.0,2704.0,0.5,0.7,71,1.7857376180233748,ok,0,11,9,0.0
chb02,chb02_16+.edf,2700.0,2704.0,0.5,0.7,72,0.8532584224506963,ok,0,7,6,0.0
chb02,chb02_16+.edf,2700.0,2704.0,0.5,0.7,73,0.6056289622436756,ok,0,9,8,0.0
chb02,chb02_16+.edf,2700.0,2704.0,0.5,0.7,74,0.5906725215417822,ok,0,10,8,0.0
chb02,chb02_16+.edf,2700.0,2704.0,0.5,0.7,75,1.0181314726015154,ok,0,12,10,0.0
chb02,chb02_16+.edf,2700.0,2704.0,0.5,0.7,76,0.22652733919178974,ok,0,12,11,0.0
chb02,chb02_16+.edf,2700.0,2704.0,0.5,0.7,77,1.488789957696643,ok,0,9,8,0.0
chb02,chb02_16+.edf,2700.0,2704.0,0.5,0.7,78,0.8424382520242342,ok,0,10,9,0.0
chb02,chb02_16+.edf,2700.0,2704.0,0.5,0.7,79,0.7580899903147936,ok,0,9,7,0.0
chb02,chb02_16+.edf,2700.0,2704.0,0.5,0.7,80,0.6983939683466076,ok,0,8,7,0.0
chb02,chb02_16+.edf,2700.0,2704.0,0.5,0.7,81,1.2717281243691743,ok,0,11,10,0.0
chb02,chb02_16+.edf,2700.0,2704.0,1.0,0.0,62,0.7743914046997703,ok,0,11,10,0.0
chb02,chb02_16+.edf,2700.0,2704.0,1.0,0.0,63,0.21488489744161204,ok,0,8,7,0.0
chb02,chb02_16+.edf,2700.0,2704.0,1.0,0.0,64,0.17192047651837583,ok,0,10,9,0.0
chb02,chb02_16+.edf,2700.0,2704.0,1.0,0.0,65,0.48620003231413916,ok,0,12,9,0.0
chb02,chb02_16+.edf,2700.0,2704.0,1.0,0.0,66,1.3756822323974554,ok,0,13,11,0.0
chb02,chb02_16+.edf,2700.0,2704.0,1.0,0.0,67,1.0067830609804835,ok,0,9,8,0.0
chb02,chb02_16+.edf,2700.0,2704.0,1.0,0.0,68,1.5176810316646947,ok,0,13,11,0.0
chb02,chb02_16+.edf,2700.0,2704.0,1.0,0.0,69,1.0610836315798138,ok,0,8,5,0.0
chb02,chb02_16+.edf,2700.0,2704.0,1.0,0.0,70,0.981919803246944,ok,0,12,11,0.0
chb02,chb02_16+.edf,2700.0,2704.0,1.0,0.0,71,1.7937447317653397,ok,0,10,8,0.0
chb02,chb02_16+.edf,2700.0,2704.0,1.0,0.0,72,0.18642507739616473,ok,0,6,5,0.0
chb02,chb02_16+.edf,2700.0,2704.0,1.0,0.0,73,0.5987516059102022,ok,0,9,8,0.0
chb02,chb02_16+.edf,2700.0,2704.0,1.0,0.0,74,0.6443582292066723,ok,0,11,10,0.0
chb02,chb02_16+.edf,2700.0,2704.0,1.0,0.0,75,1.65888681246551,ok,0,10,7,0.0
chb02,chb02_16+.edf,2700.0,2704.0,1.0,0.0,76,0.22553402254439306,ok,0,12,11,0.0
chb02,chb02_16+.edf,2700.0,2704.0,1.0,0.0,77,1.261454559020981,ok,0,10,9,0.0
chb02,chb02_16+.edf,2700.0,2704.0,1.0,0.0,78,1.9856992051961986,ok,0,12,11,0.0
chb02,chb02_16+.edf,2700.0,2704.0,1.0,0.0,79,0.1609368397508929,ok,0,7,6,0.0
chb02,chb02_16+.edf,2700.0,2704.0,1.0,0.0,80,0.8375512923759941,ok,0,11,9,0.0
chb02,chb02_16+.edf,2700.0,2704.0,1.0,0.0,81,1.3218647883394035,ok,0,10,8,0.0
chb02,chb02_16+.edf,2700.0,2704.0,1.0,0.175,62,0.7718735348950996,ok,0,11,10,0.0
chb02,chb02_16+.edf,2700.0,2704.0,1.0,0.175,63,0.2173990092096237,ok,0,9,8,0.0
chb02,chb02_16+.edf,2700.0,2704.0,1.0,0.175,64,0.17192047651837583,ok,0,10,9,0.0
chb02,chb02_16+.edf,2700.0,2704.0,1.0,0.175,65,0.49292157435773215,ok,0,12,10,0.0
chb02,chb02_16+.edf,2700.0,2704.0,1.0,0.175,66,1.3756822323974554,ok,0,13,11,0.0
chb02,chb02_16+.edf,2700.0,2704.0,1.0,0.175,67,1.0067830609804835,ok,0,9,8,0.0
chb02,chb02_16+.edf,2700.0,2704.0,1.0,0.175,68,0.4749170925663271,ok,0,11,9,0.0
chb02,chb02_16+.edf,2700.0,2704.0,1.0,0.175,69,1.0610836315798138,ok,0,8,5,0.0
chb02,chb02_16+.edf,2700.0,2704.0,1.0,0.175,70,0.967657796849726,ok,0,11,10,0.0
chb02,chb02_16+.edf,2700.0,2704.0,1.0,0.175,71,1.7937447317653397,ok,0,10,8,0.0
chb02,chb02_16+.edf,2700.0,2704.0,1.0,0.175,72,0.1692486635019696,ok,0,6,5,0.0
chb02,chb02_16+.edf,2700.0,2704.0,1.0,0.175,73,0.6459001231076539,ok,0,9,8,0.0
chb02,chb02_16+.edf,2700.0,2704.0,1.0,0.175,74,0.6443582292066723,ok,0,11,10,0.0
chb02,chb02_16+.edf,2700.0,2704.0,1.0,0.175,75,1.6701884111809937,ok,0,9,6,0.0
chb02,chb02_16+.edf,2700.0,2704.0,1.0,0.175,76,0.22553402254439306,ok,0,12,11,0.0
chb02,chb02_16+.edf,2700.0,2704.0,1.0,0.175,77,1.261454559020981,ok,0,10,9,0.0
chb02,chb02_16+.edf,2700.0,2704.0,1.0,0.175,78,2.0008167178077203,ok,0,11,10,0.0
chb02,chb02_16+.edf,2700.0,2704.0,1.0,0.175,79,0.1609368397508929,ok,0,7,6,0.0
chb02,chb02_16+.edf,2700.0,2704.0,1.0,0.175,80,0.8460001481744026,ok,0,12,10,0.0
chb02,chb02_16+.edf,2700.0,2704.0,1.0,0.175,81,1.3218647883394035,ok,0,10,8,0.0
chb02,chb02_16+.edf,2700.0,2704.0,1.0,0.35,62,0.7718735348950996,ok,0,11,10,0.0
chb02,chb02_16+.edf,2700.0,2704.0,1.0,0.35,63,0.2173990092096237,ok,0,9,8,0.0
chb02,chb02_16+.edf,2700.0,2704.0,1.0,0.35,64,0.17192047651837583,ok,0,10,9,0.0
chb02,chb02_16+.edf,2700.0,2704.0,1.0,0.35,65,0.49292157435773215,ok,0,12,10,0.0
chb02,chb02_16+.edf,2700.0,2704.0,1.0,0.35,66,1.3756822323974554,ok,0,13,11,0.0
chb02,chb02_16+.edf,2700.0,2704.0,1.0,0.35,67,1.0067830609804835,ok,0,9,8,0.0
chb02,chb02_16+.edf,2700.0,2704.0,1.0,0.35,68,0.4749170925663271,ok,0,11,9,0.0
chb02,chb02_16+.edf,2700.0,2704.0,1.0,0.35,69,1.0610836315798138,ok,0,8,5,0.0
chb02,chb02_16+.edf,2700.0,2704.0,1.0,0.35,70,1.3500322201154527,ok,0,11,10,0.0
chb02,chb02_16+.edf,2700.0,2704.0,1.0,0.35,71,1.7937447317653397,ok,0,10,8,0.0
chb02,chb02_16+.edf,2700.0,2704.0,1.0,0.35,72,0.1692486635019696,ok,0,6,5,0.0
chb02,chb02_16+.edf,2700.0,2704.0,1.0,0.35,73,0.6459001231076539,ok,0,9,8,0.0
chb02,chb02_16+.edf,2700.0,2704.0,1.0,0.35,74,0.6265503624779104,ok,0,10,9,0.0
chb02,chb02_16+.edf,2700.0,2704.0,1.0,0.35,75,0.2601478788641387,ok,0,7,5,0.0
chb02,chb02_16+.edf,2700.0,2704.0,1.0,0.35,76,0.21554187051388352,ok,0,13,12,0.0
chb02,chb02_16+.edf,2700.0,2704.0,1.0,0.35,77,1.2619502292353657,ok,0,10,9,0.0
chb02,chb02_16+.edf,2700.0,2704.0,1.0,0.35,78,1.8754393624023242,ok,0,10,9,0.0
chb02,chb02_16+.edf,2700.0,2704.0,1.0,0.35,79,0.1609368397508929,ok,0,7,6,0.0
chb02,chb02_16+.edf,2700.0,2704.0,1.0,0.35,80,0.8047678194834891,ok,0,11,9,0.0
chb02,chb02_16+.edf,2700.0,2704.0,1.0,0.35,81,1.3218647883394035,ok,0,10,8,0.0
chb02,chb02_16+.edf,2700.0,2704.0,1.0,0.7,62,0.6193408013637299,ok,0,10,9,0.0
chb02,chb02_16+.edf,2700.0,2704.0,1.0,0.7,63,0.2173990092096237,ok,0,9,8,0.0
chb02,chb02_16+.edf,2700.0,2704.0,1.0,0.7,64,0.17599259780918877,ok,0,10,8,0.0
chb02,chb02_16+.edf,2700.0,2704.0,1.0,0.7,65,0.49183117746034816,ok,0,12,10,0.0
chb02,chb02_16+.edf,2700.0,2704.0,1.0,0.7,66,1.3756822323974554,ok,0,13,11,0.0
chb02,chb02_16+.edf,2700.0,2704.0,1.0,0.7,67,1.0067830609804835,ok,0,9,8,0.0
chb02,chb02_16+.edf,2700.0,2704.0,1.0,0.7,68,0.4749170925663271,ok,0,11,9,0.0
chb02,chb02_16+.edf,2700.0,2704.0,1.0,0.7,69,1.0610836315798138,ok,0,8,5,0.0
chb02,chb02_16+.edf,2700.0,2704.0,1.0,0.7,70,1.067005021171622,ok,0,12,10,0.0
chb02,chb02_16+.edf,2700.0,2704.0,1.0,0.7,71,1.7937447317653397,ok,0,10,8,0.0
chb02,chb02_16+.edf,2700.0,2704.0,1.0,0.7,72,0.8548957417956148,ok,0,7,6,0.0
chb02,chb02_16+.edf,2700.0,2704.0,1.0,0.7,73,0.6459001231076539,ok,0,9,8,0.0
chb02,chb02_16+.edf,2700.0,2704.0,1.0,0.7,74,0.6265503624779104,ok,0,10,9,0.0
chb02,chb02_16+.edf,2700.0,2704.0,1.0,0.7,75,0.10760536471652639,ok,0,9,6,0.0
chb02,chb02_16+.edf,2700.0,2704.0,1.0,0.7,76,0.21554187051388352,ok,0,13,12,0.0
chb02,chb02_16+.edf,2700.0,2704.0,1.0,0.7,77,1.147828306340417,ok,0,9,8,0.0
chb02,chb02_16+.edf,2700.0,2704.0,1.0,0.7,78,1.8235569853203326,ok,0,10,8,0.0
chb02,chb02_16+.edf,2700.0,2704.0,1.0,0.7,79,0.1609368397508929,ok,0,7,6,0.0
chb02,chb02_16+.edf,2700.0,2704.0,1.0,0.7,80,0.8793899316870843,ok,0,12,9,0.0
chb02,chb02_16+.edf,2700.0,2704.0,1.0,0.7,81,1.3218647883394035,ok,0,10,8,0.0
chb02,chb02_16.edf,244.0,248.0,0.25,0.0,62,0.6171842911523988,ok,0,10,9,0.0
chb02,chb02_16.edf,244.0,248.0,0.25,0.0,63,2.043747370146671,ok,0,9,8,0.0
chb02,chb02_16.edf,244.0,248.0,0.25,0.0,64,0.8756532617719204,ok,0,9,8,0.0
chb02,chb02_16.edf,244.0,248.0,0.25,0.0,65,0.9667718123938864,ok,0,11,10,0.0
chb02,chb02_16.edf,244.0,248.0,0.25,0.0,66,0.3631787913269073,ok,0,11,9,0.0
chb02,chb02_16.edf,244.0,248.0,0.25,0.0,67,0.8092054221906116,ok,0,11,9,0.0
chb02,chb02_16.edf,244.0,248.0,0.25,0.0,68,0.9681035064574081,ok,0,9,8,0.0
chb02,chb02_16.edf,244.0,248.0,0.25,0.0,69,1.241548694349417,ok,0,10,8,0.0
chb02,chb02_16.edf,244.0,248.0,0.25,0.0,70,0.2793983295119334,ok,0,9,8,0.0
chb02,chb02_16.edf,244.0,248.0,0.25,0.0,71,1.5904417843670142,ok,0,12,11,0.0
chb02,chb02_16.edf,244.0,248.0,0.25,0.0,72,0.9990557900479503,ok,0,11,9,0.0
chb02,chb02_16.edf,244.0,248.0,0.25,0.0,73,0.4814093715175572,ok,0,8,7,0.0
chb02,chb02_16.edf,244.0,248.0,0.25,0.0,74,0.6162790697674418,ok,0,11,8,0.0
chb02,chb02_16.edf,244.0,248.0,0.25,0.0,75,0.35394981220923855,ok,0,12,11,0.0
chb02,chb02_16.edf,244.0,248.0,0.25,0.0,76,0.3909772130214703,ok,0,12,11,0.0
chb02,chb02_16.edf,244.0,248.0,0.25,0.0,77,0.9447730595988872,ok,0,6,4,0.0
chb02,chb02_16.edf,244.0,248.0,0.25,0.0,78,1.3483863463099397,ok,0,11,10,0.0
chb02,chb02_16.edf,244.0,248.0,0.25,0.0,79,0.1609368397508929,ok,0,7,6,0.0
chb02,chb02_16.edf,244.0,248.0,0.25,0.0,80,0.1797136108456547,ok,0,12,10,0.0
chb02,chb02_16.edf,244.0,248.0,0.25,0.0,81,1.4033891062507988,ok,0,10,7,0.0
chb02,chb02_16.edf,244.0,248.0,0.25,0.175,62,0.6555625329066526,ok,0,11,10,0.0
chb02,chb02_16.edf,244.0,248.0,0.25,0.175,63,0.23111040959749207,ok,0,9,8,0.0
chb02,chb02_16.edf,244.0,248.0,0.25,0.175,64,0.8756532617719204,ok,0,9,8,0.0
chb02,chb02_16.edf,244.0,248.0,0.25,0.175,65,0.9778806893064224,ok,0,12,10,0.0
chb02,chb02_16.edf,244.0,248.0,0.25,0.175,66,0.36581014159579417,ok,0,11,9,0.0
chb02,chb02_16.edf,244.0,248.0,0.25,0.175,67,0.316281909332361,ok,0,10,8,0.0
chb02,chb02_16.edf,244.0,248.0,0.25,0.175,68,0.8821717639524773,ok,0,8,7,0.0
chb02,chb02_16.edf,244.0,248.0,0.25,0.175,69,1.3021781104089274,ok,0,9,7,0.0
chb02,chb02_16.edf,244.0,248.0,0.25,0.175,70,0.2793983295119334,ok,0,9,8,0.0
chb02,chb02_16.edf,244.0,248.0,0.25,0.175,71,1.5904417843670142,ok,0,12,11,0.0
chb02,chb02_16.edf,244.0,248.0,0.25,0.175,72,0.9976992504985972,ok,0,12,10,0.0
chb02,chb02_16.edf,244.0,248.0,0.25,0.175,73,0.640794353897089,ok,0,8,7,0.0
chb02,chb02_16.edf,244.0,248.0,0.25,0.175,74,0.3408083038784795,ok,0,13,10,0.0
chb02,chb02_16.edf,244.0,248.0,0.25,0.175,75,0.35394981220923855,ok,0,12,11,0.0
chb02,chb02_16.edf,244.0,248.0,0.25,0.175,76,0.8616713197367994,ok,0,10,9,0.0
chb02,chb02_16.edf,244.0,248.0,0.25,0.175,77,0.9447730595988872,ok,0,6,4,0.0
chb02,chb02_16.edf,244.0,248.0,0.25,0.175,78,1.3019074560201331,ok,0,11,9,0.0
chb02,chb02_16.edf,244.0,248.0,0.25,0.175,79,0.1878077787684282,ok,0,7,6,0.0
chb02,chb02_16.edf,244.0,248.0,0.25,0.175,80,0.18317349230170574,ok,0,11,9,0.0
chb02,chb02_16.edf,244.0,248.0,0.25,0.175,81,1.3255251167689142,ok,0,10,8,0.0
chb02,chb02_16.edf,244.0,248.0,0.25,0.35,62,0.5675584936780942,ok,0,11,10,0.0
chb02,chb02_16.edf,244.0,248.0,0.25,0.35,63,0.20805116380691183,ok,0,8,7,0.0
chb02,chb02_16.edf,244.0,248.0,0.25,0.35,64,0.8756532617719204,ok,0,9,8,0.0
chb02,chb02_16.edf,244.0,248.0,0.25,0.35,65,1.446952691304936,ok,0,10,8,0.0
chb02,chb02_16.edf,244.0,248.0,0.25,0.35,66,0.36581014159579417,ok,0,11,9,0.0
chb02,chb02_16.edf,244.0,248.0,0.25,0.35,67,0.357022743238294,ok,0,10,7,0.0
chb02,chb02_16.edf,244.0,248.0,0.25,0.35,68,0.8724944411563244,ok,0,8,7,0.0
chb02,chb02_16.edf,244.0,248.0,0.25,0.35,69,1.2515961322481515,ok,0,10,8,0.0
chb02,chb02_16.edf,244.0,248.0,0.25,0.35,70,0.2793983295119334,ok,0,9,8,0.0
chb02,chb02_16.edf,244.0,248.0,0.25,0.35,71,1.529316310105233,ok,0,12,10,0.0
chb02,chb02_16.edf,244.0,248.0,0.25,0.35,72,1.2515076471601863,ok,0,10,8,0.0
chb02,chb02_16.edf,244.0,248.0,0.25,0.35,73,0.6479765445859096,ok,0,8,7,0.0
chb02,chb02_16.edf,244.0,248.0,0.25,0.35,74,0.3408083038784795,ok,0,13,10,0.0
chb02,chb02_16.edf,244.0,248.0,0.25,0.35,75,0.35394981220923855,ok,0,12,11,0.0
chb02,chb02_16.edf,244.0,248.0,0.25,0.35,76,0.950309460479269,ok,0,10,8,0.0
chb02,chb02_16.edf,244.0,248.0,0.25,0.35,77,0.5526000164907082,ok,0,7,5,0.0
chb02,chb02_16.edf,244.0,248.0,0.25,0.35,78,1.2986497817441098,ok,0,11,9,0.0
chb02,chb02_16.edf,244.0,248.0,0.25,0.35,79,0.1878077787684282,ok,0,7,6,0.0
chb02,chb02_16.edf,244.0,248.0,0.25,0.35,80,0.20805602846257226,ok,0,12,9,0.0
chb02,chb02_16.edf,244.0,248.0,0.25,0.35,81,1.3255251167689142,ok,0,10,8,0.0
chb02,chb02_16.edf,244.0,248.0,0.25,0.7,62,0.6345836079884223,ok,0,12,11,0.0
chb02,chb02_16.edf,244.0,248.0,0.25,0.7,63,0.20805116380691183,ok,0,8,7,0.0
chb02,chb02_16.edf,244.0,248.0,0.25,0.7,64,0.8763414757819065,ok,0,9,8,0.0
chb02,chb02_16.edf,244.0,248.0,0.25,0.7,65,1.446952691304936,ok,0,10,8,0.0
chb02,chb02_16.edf,244.0,248.0,0.25,0.7,66,0.36581014159579417,ok,0,11,9,0.0
chb02,chb02_16.edf,244.0,248.0,0.25,0.7,67,0.3405583803079706,ok,0,10,8,0.0
chb02,chb02_16.edf,244.0,248.0,0.25,0.7,68,1.1114246387867062,ok,0,9,8,0.0
chb02,chb02_16.edf,244.0,248.0,0.25,0.7,69,1.1574836254352978,ok,0,10,7,0.0
chb02,chb02_16.edf,244.0,248.0,0.25,0.7,70,0.24552668943746467,ok,0,9,8,0.0
chb02,chb02_16.edf,244.0,248.0,0.25,0.7,71,1.1705078861480358,ok,0,14,12,0.0
chb02,chb02_16.edf,244.0,248.0,0.25,0.7,72,1.33177631534374,ok,0,8,7,0.0
chb02,chb02_16.edf,244.0,248.0,0.25,0.7,73,0.5982205494535904,ok,0,7,6,0.0
chb02,chb02_16.edf,244.0,248.0,0.25,0.7,74,0.4054408970191926,ok,0,11,8,0.0
chb02,chb02_16.edf,244.0,248.0,0.25,0.7,75,0.6815797891879789,ok,0,11,10,0.0
chb02,chb02_16.edf,244.0,248.0,0.25,0.7,76,0.7942502496578362,ok,0,9,7,0.0
chb02,chb02_16.edf,244.0,248.0,0.25,0.7,77,0.5526000164907082,ok,0,7,5,0.0
chb02,chb02_16.edf,244.0,248.0,0.25,0.7,78,1.6773581884432847,ok,0,10,7,0.0
chb02,chb02_16.edf,244.0,248.0,0.25,0.7,79,0.09712900388081638,ok,0,8,6,0.0
chb02,chb02_16.edf,244.0,248.0,0.25,0.7,80,0.24158716003234806,ok,0,13,11,0.0
chb02,chb02_16.edf,244.0,248.0,0.25,0.7,81,1.2110549616763793,ok,0,8,7,0.0
chb02,chb02_16.edf,244.0,248.0,0.5,0.0,62,0.5712931377579745,ok,0,12,11,0.0
chb02,chb02_16.edf,244.0,248.0,0.5,0.0,63,0.16726057798219393,ok,0,8,7,0.0
chb02,chb02_16.edf,244.0,248.0,0.5,0.0,64,0.19637001542360058,ok,0,9,8,0.0
chb02,chb02_16.edf,244.0,248.0,0.5,0.0,65,0.546024803519956,ok,0,10,8,0.0
chb02,chb02_16.edf,244.0,248.0,0.5,0.0,66,0.3428004452807938,ok,0,11,9,0.0
chb02,chb02_16.edf,244.0,248.0,0.5,0.0,67,0.9454773281444654,ok,0,7,6,0.0
chb02,chb02_16.edf,244.0,248.0,0.5,0.0,68,1.2291207868644798,ok,0,12,11,0.0
chb02,chb02_16.edf,244.0,248.0,0.5,0.0,69,1.1682562182790923,ok,0,9,7,0.0
chb02,chb02_16.edf,244.0,248.0,0.5,0.0,70,0.5111811702061327,ok,0,14,13,0.0
chb02,chb02_16.edf,244.0,248.0,0.5,0.0,71,1.8179982256514546,ok,0,11,9,0.0
chb02,chb02_16.edf,244.0,248.0,0.5,0.0,72,0.18642507739616473,ok,0,6,5,0.0
chb02,chb02_16.edf,244.0,248.0,0.5,0.0,73,0.6286253346157429,ok,0,10,9,0.0
chb02,chb02_16.edf,244.0,248.0,0.5,0.0,74,0.6476197533905482,ok,0,9,7,0.0
chb02,chb02_16.edf,244.0,248.0,0.5,0.0,75,0.9626906857352386,ok,0,12,10,0.0
chb02,chb02_16.edf,244.0,248.0,0.5,0.0,76,0.48840569686484475,ok,0,10,9,0.0
chb02,chb02_16.edf,244.0,248.0,0.5,0.0,77,1.4397992123948258,ok,0,10,9,0.0
chb02,chb02_16.edf,244.0,248.0,0.5,0.0,78,0.8783739115481473,ok,0,10,9,0.0
chb02,chb02_16.edf,244.0,248.0,0.5,0.0,79,0.6660998123404629,ok,0,8,7,0.0
chb02,chb02_16.edf,244.0,248.0,0.5,0.0,80,0.48943288169382493,ok,0,10,8,0.0
chb02,chb02_16.edf,244.0,248.0,0.5,0.0,81,1.3487816138931745,ok,0,10,9,0.0
chb02,chb02_16.edf,244.0,248.0,0.5,0.175,62,0.6559757885363878,ok,0,12,11,0.0
chb02,chb02_16.edf,244.0,248.0,0.5,0.175,63,0.16726057798219393,ok,0,8,7,0.0
chb02,chb02_16.edf,244.0,248.0,0.5,0.175,64,0.32911106008116,ok,0,10,9,0.0
chb02,chb02_16.edf,244.0,248.0,0.5,0.175,65,0.5518250131061467,ok,0,10,8,0.0
chb02,chb02_16.edf,244.0,248.0,0.5,0.175,66,0.3428004452807938,ok,0,11,9,0.0
chb02,chb02_16.edf,244.0,248.0,0.5,0.175,67,0.8377672197615914,ok,0,6,5,0.0
chb02,chb02_16.edf,244.0,248.0,0.5,0.175,68,1.2291207868644798,ok,0,12,11,0.0
chb02,chb02_16.edf,244.0,248.0,0.5,0.175,69,1.2023157860598088,ok,0,8,6,0.0
chb02,chb02_16.edf,244.0,248.0,0.5,0.175,70,0.509154547108042,ok,0,14,13,0.0
chb02,chb02_16.edf,244.0,248.0,0.5,0.175,71,1.8179982256514546,ok,0,11,9,0.0
chb02,chb02_16.edf,244.0,248.0,0.5,0.175,72,0.1586900018443984,ok,0,6,5,0.0
chb02,chb02_16.edf,244.0,248.0,0.5,0.175,73,0.6540675371722917,ok,0,10,9,0.0
chb02,chb02_16.edf,244.0,248.0,0.5,0.175,74,0.6476197533905482,ok,0,9,7,0.0
chb02,chb02_16.edf,244.0,248.0,0.5,0.175,75,0.9626906857352386,ok,0,12,10,0.0
chb02,chb02_16.edf,244.0,248.0,0.5,0.175,76,0.49210873425856594,ok,0,10,9,0.0
chb02,chb02_16.edf,244.0,248.0,0.5,0.175,77,1.487661106245009,ok,0,9,8,0.0
chb02,chb02_16.edf,244.0,248.0,0.5,0.175,78,0.7741592718032134,ok,0,9,8,0.0
chb02,chb02_16.edf,244.0,248.0,0.5,0.175,79,0.1878077787684282,ok,0,7,6,0.0
chb02,chb02_16.edf,244.0,248.0,0.5,0.175,80,0.6865578344552838,ok,0,10,8,0.0
chb02,chb02_16.edf,244.0,248.0,0.5,0.175,81,1.3485722789127093,ok,0,10,9,0.0
chb02,chb02_16.edf,244.0,248.0,0.5,0.35,62,0.6482655274814257,ok,0,12,11,0.0
chb02,chb02_16.edf,244.0,248.0,0.5,0.35,63,0.16726057798219393,ok,0,8,7,0.0
chb02,chb02_16.edf,244.0,248.0,0.5,0.35,64,0.32534552293579466,ok,0,10,9,0.0
chb02,chb02_16.edf,244.0,248.0,0.5,0.35,65,0.5518250131061467,ok,0,10,8,0.0
chb02,chb02_16.edf,244.0,248.0,0.5,0.35,66,0.34938582013107533,ok,0,10,8,0.0
chb02,chb02_16.edf,244.0,248.0,0.5,0.35,67,0.8482492230397356,ok,0,6,5,0.0
chb02,chb02_16.edf,244.0,248.0,0.5,0.35,68,1.4147498679112749,ok,0,10,9,0.0
chb02,chb02_16.edf,244.0,248.0,0.5,0.35,69,1.2023157860598088,ok,0,8,6,0.0
chb02,chb02_16.edf,244.0,248.0,0.5,0.35,70,0.509154547108042,ok,0,14,13,0.0
chb02,chb02_16.edf,244.0,248.0,0.5,0.35,71,1.8179982256514546,ok,0,11,9,0.0
chb02,chb02_16.edf,244.0,248.0,0.5,0.35,72,0.24098688218879177,ok,0,6,5,0.0
chb02,chb02_16.edf,244.0,248.0,0.5,0.35,73,0.6540675371722917,ok,0,10,9,0.0
chb02,chb02_16.edf,244.0,248.0,0.5,0.35,74,0.6476197533905482,ok,0,9,7,0.0
chb02,chb02_16.edf,244.0,248.0,0.5,0.35,75,0.7477758646963063,ok,0,12,11,0.0
chb02,chb02_16.edf,244.0,248.0,0.5,0.35,76,0.49585752748975154,ok,0,11,10,0.0
chb02,chb02_16.edf,244.0,248.0,0.5,0.35,77,1.4885965011016011,ok,0,9,8,0.0
chb02,chb02_16.edf,244.0,248.0,0.5,0.35,78,0.9773242714841179,ok,0,8,6,0.0
chb02,chb02_16.edf,244.0,248.0,0.5,0.35,79,0.1878077787684282,ok,0,7,6,0.0
chb02,chb02_16.edf,244.0,248.0,0.5,0.35,80,0.6840478909884533,ok,0,10,8,0.0
chb02,chb02_16.edf,244.0,248.0,0.5,0.35,81,1.3255251167689142,ok,0,10,8,0.0
chb02,chb02_16.edf,244.0,248.0,0.5,0.7,62,0.6457008250526319,ok,0,11,10,0.0
chb02,chb02_16.edf,244.0,248.0,0.5,0.7,63,0.16726057798219393,ok,0,8,7,0.0
chb02,chb02_16.edf,244.0,248.0,0.5,0.7,64,0.3340657579463219,ok,0,10,9,0.0
chb02,chb02_16.edf,244.0,248.0,0.5,0.7,65,0.5474024512937127,ok,0,10,7,0.0
chb02,chb02_16.edf,244.0,248.0,0.5,0.7,66,0.34938582013107533,ok,0,10,8,0.0
chb02,chb02_16.edf,244.0,248.0,0.5,0.7,67,0.8908318286839337,ok,0,7,6,0.0
chb02,chb02_16.edf,244.0,248.0,0.5,0.7,68,1.4147498679112749,ok,0,10,9,0.0
chb02,chb02_16.edf,244.0,248.0,0.5,0.7,69,1.2430185469191595,ok,0,10,8,0.0
chb02,chb02_16.edf,244.0,248.0,0.5,0.7,70,0.45533404148543244,ok,0,13,12,0.0
chb02,chb02_16.edf,244.0,248.0,0.5,0.7,71,1.8179982256514546,ok,0,11,9,0.0
chb02,chb02_16.edf,244.0,248.0,0.5,0.7,72,1.6411188946480362,ok,0,7,6,0.0
chb02,chb02_16.edf,244.0,248.0,0.5,0.7,73,0.5755986658359955,ok,0,9,8,0.0
chb02,chb02_16.edf,244.0,248.0,0.5,0.7,74,0.6476197533905482,ok,0,9,7,0.0
chb02,chb02_16.edf,244.0,248.0,0.5,0.7,75,0.7477758646963063,ok,0,12,11,0.0
chb02,chb02_16.edf,244.0,248.0,0.5,0.7,76,0.49585752748975154,ok,0,11,10,0.0
chb02,chb02_16.edf,244.0,248.0,0.5,0.7,77,1.4880482375000512,ok,0,9,8,0.0
chb02,chb02_16.edf,244.0,248.0,0.5,0.7,78,1.1125334620880465,ok,0,9,7,0.0
chb02,chb02_16.edf,244.0,248.0,0.5,0.7,79,0.1878077787684282,ok,0,7,6,0.0
chb02,chb02_16.edf,244.0,248.0,0.5,0.7,80,0.9971958054284397,ok,0,8,6,0.0
chb02,chb02_16.edf,244.0,248.0,0.5,0.7,81,1.2601572412284965,ok,0,11,9,0.0
chb02,chb02_16.edf,244.0,248.0,1.0,0.0,62,0.7743914046997703,ok,0,11,10,0.0
chb02,chb02_16.edf,244.0,248.0,1.0,0.0,63,0.21488489744161204,ok,0,8,7,0.0
chb02,chb02_16.edf,244.0,248.0,1.0,0.0,64,0.17192047651837583,ok,0,10,9,0.0
chb02,chb02_16.edf,244.0,248.0,1.0,0.0,65,0.48620003231413916,ok,0,12,9,0.0
chb02,chb02_16.edf,244.0,248.0,1.0,0.0,66,1.3756822323974554,ok,0,13,11,0.0
chb02,chb02_16.edf,244.0,248.0,1.0,0.0,67,1.0067830609804835,ok,0,9,8,0.0
chb02,chb02_16.edf,244.0,248.0,1.0,0.0,68,1.5176810316646947,ok,0,13,11,0.0
chb02,chb02_16.edf,244.0,248.0,1.0,0.0,69,1.0610836315798138,ok,0,8,5,0.0
chb02,chb02_16.edf,244.0,248.0,1.0,0.0,70,0.981919803246944,ok,0,12,11,0.0
chb02,chb02_16.edf,244.0,248.0,1.0,0.0,71,1.7937447317653397,ok,0,10,8,0.0
chb02,chb02_16.edf,244.0,248.0,1.0,0.0,72,0.18642507739616473,ok,0,6,5,0.0
chb02,chb02_16.edf,244.0,248.0,1.0,0.0,73,0.5987516059102022,ok,0,9,8,0.0
chb02,chb02_16.edf,244.0,248.0,1.0,0.0,74,0.6443582292066723,ok,0,11,10,0.0
chb02,chb02_16.edf,244.0,248.0,1.0,0.0,75,1.65888681246551,ok,0,10,7,0.0
chb02,chb02_16.edf,244.0,248.0,1.0,0.0,76,0.22553402254439306,ok,0,12,11,0.0
chb02,chb02_16.edf,244.0,248.0,1.0,0.0,77,1.261454559020981,ok,0,10,9,0.0
chb02,chb02_16.edf,244.0,248.0,1.0,0.0,78,1.9856992051961986,ok,0,12,11,0.0
chb02,chb02_16.edf,244.0,248.0,1.0,0.0,79,0.1609368397508929,ok,0,7,6,0.0
chb02,chb02_16.edf,244.0,248.0,1.0,0.0,80,0.8375512923759941,ok,0,11,9,0.0
chb02,chb02_16.edf,244.0,248.0,1.0,0.0,81,1.3218647883394035,ok,0,10,8,0.0
chb02,chb02_16.edf,244.0,248.0,1.0,0.175,62,0.7718735348950996,ok,0,11,10,0.0
chb02,chb02_16.edf,244.0,248.0,1.0,0.175,63,0.16726057798219393,ok,0,8,7,0.0
chb02,chb02_16.edf,244.0,248.0,1.0,0.175,64,0.17192047651837583,ok,0,10,9,0.0
chb02,chb02_16.edf,244.0,248.0,1.0,0.175,65,0.48620003231413916,ok,0,12,9,0.0
chb02,chb02_16.edf,244.0,248.0,1.0,0.175,66,1.3756822323974554,ok,0,13,11,0.0
chb02,chb02_16.edf,244.0,248.0,1.0,0.175,67,1.0067830609804835,ok,0,9,8,0.0
chb02,chb02_16.edf,244.0,248.0,1.0,0.175,68,1.4166560579148733,ok,0,12,10,0.0
chb02,chb02_16.edf,244.0,248.0,1.0,0.175,69,1.0610836315798138,ok,0,8,5,0.0
chb02,chb02_16.edf,244.0,248.0,1.0,0.175,70,0.981919803246944,ok,0,12,11,0.0
chb02,chb02_16.edf,244.0,248.0,1.0,0.175,71,1.7937447317653397,ok,0,10,8,0.0
chb02,chb02_16.edf,244.0,248.0,1.0,0.175,72,0.18642507739616473,ok,0,6,5,0.0
chb02,chb02_16.edf,244.0,248.0,1.0,0.175,73,0.5987516059102022,ok,0,9,8,0.0
chb02,chb02_16.edf,244.0,248.0,1.0,0.175,74,0.6443582292066723,ok,0,11,10,0.0
chb02,chb02_16.edf,244.0,248.0,1.0,0.175,75,1.6701884111809937,ok,0,9,6,0.0
chb02,chb02_16.edf,244.0,248.0,1.0,0.175,76,0.22553402254439306,ok,0,12,11,0.0
chb02,chb02_16.edf,244.0,248.0,1.0,0.175,77,1.261454559020981,ok,0,10,9,0.0
chb02,chb02_16.edf,244.0,248.0,1.0,0.175,78,1.9856992051961986,ok,0,12,11,0.0
chb02,chb02_16.edf,244.0,248.0,1.0,0.175,79,0.1878077787684282,ok,0,7,6,0.0
chb02,chb02_16.edf,244.0,248.0,1.0,0.175,80,0.834135594105113,ok,0,11,9,0.0
chb02,chb02_16.edf,244.0,248.0,1.0,0.175,81,1.3218647883394035,ok,0,10,8,0.0
chb02,chb02_16.edf,244.0,248.0,1.0,0.35,62,0.7718735348950996,ok,0,11,10,0.0
chb02,chb02_16.edf,244.0,248.0,1.0,0.35,63,0.16726057798219393,ok,0,8,7,0.0
chb02,chb02_16.edf,244.0,248.0,1.0,0.35,64,0.17599259780918877,ok,0,10,8,0.0
chb02,chb02_16.edf,244.0,248.0,1.0,0.35,65,0.48620003231413916,ok,0,12,9,0.0
chb02,chb02_16.edf,244.0,248.0,1.0,0.35,66,1.3756822323974554,ok,0,13,11,0.0
chb02,chb02_16.edf,244.0,248.0,1.0,0.35,67,1.0415983018471413,ok,0,10,9,0.0
chb02,chb02_16.edf,244.0,248.0,1.0,0.35,68,1.4166560579148733,ok,0,12,10,0.0
chb02,chb02_16.edf,244.0,248.0,1.0,0.35,69,1.0610836315798138,ok,0,8,5,0.0
chb02,chb02_16.edf,244.0,248.0,1.0,0.35,70,0.967657796849726,ok,0,11,10,0.0
chb02,chb02_16.edf,244.0,248.0,1.0,0.35,71,1.7937447317653397,ok,0,10,8,0.0
chb02,chb02_16.edf,244.0,248.0,1.0,0.35,72,0.22848925854368135,ok,0,6,5,0.0
chb02,chb02_16.edf,244.0,248.0,1.0,0.35,73,0.6607166923201049,ok,0,10,9,0.0
chb02,chb02_16.edf,244.0,248.0,1.0,0.35,74,0.6443582292066723,ok,0,11,10,0.0
chb02,chb02_16.edf,244.0,248.0,1.0,0.35,75,1.6701884111809937,ok,0,9,6,0.0
chb02,chb02_16.edf,244.0,248.0,1.0,0.35,76,0.21649345781273435,ok,0,13,12,0.0
chb02,chb02_16.edf,244.0,248.0,1.0,0.35,77,1.343118500340693,ok,0,10,9,0.0
chb02,chb02_16.edf,244.0,248.0,1.0,0.35,78,1.9856992051961986,ok,0,12,11,0.0
chb02,chb02_16.edf,244.0,248.0,1.0,0.35,79,0.19984428196364598,ok,0,7,5,0.0
chb02,chb02_16.edf,244.0,248.0,1.0,0.35,80,0.7741884967079611,ok,0,10,8,0.0
chb02,chb02_16.edf,244.0,248.0,1.0,0.35,81,1.3218647883394035,ok,0,10,8,0.0
chb02,chb02_16.edf,244.0,248.0,1.0,0.7,62,0.7393137072682797,ok,0,10,9,0.0
chb02,chb02_16.edf,244.0,248.0,1.0,0.7,63,0.16726057798219393,ok,0,8,7,0.0
chb02,chb02_16.edf,244.0,248.0,1.0,0.7,64,0.19536516236432463,ok,0,10,8,0.0
chb02,chb02_16.edf,244.0,248.0,1.0,0.7,65,0.48620003231413916,ok,0,12,9,0.0
chb02,chb02_16.edf,244.0,248.0,1.0,0.7,66,1.3756822323974554,ok,0,13,11,0.0
chb02,chb02_16.edf,244.0,248.0,1.0,0.7,67,0.950961039261691,ok,0,9,8,0.0
chb02,chb02_16.edf,244.0,248.0,1.0,0.7,68,1.4166560579148733,ok,0,12,10,0.0
chb02,chb02_16.edf,244.0,248.0,1.0,0.7,69,1.0610836315798138,ok,0,8,5,0.0
chb02,chb02_16.edf,244.0,248.0,1.0,0.7,70,0.9429841886653891,ok,0,12,11,0.0
chb02,chb02_16.edf,244.0,248.0,1.0,0.7,71,1.7937447317653397,ok,0,10,8,0.0
chb02,chb02_16.edf,244.0,248.0,1.0,0.7,72,0.2127080289469873,ok,0,6,5,0.0
chb02,chb02_16.edf,244.0,248.0,1.0,0.7,73,0.553002206031742,ok,0,9,8,0.0
chb02,chb02_16.edf,244.0,248.0,1.0,0.7,74,0.679518065785539,ok,0,9,8,0.0
chb02,chb02_16.edf,244.0,248.0,1.0,0.7,75,0.6928144983461819,ok,0,10,7,0.0
chb02,chb02_16.edf,244.0,248.0,1.0,0.7,76,0.21649345781273435,ok,0,13,12,0.0
chb02,chb02_16.edf,244.0,248.0,1.0,0.7,77,1.343118500340693,ok,0,10,9,0.0
chb02,chb02_16.edf,244.0,248.0,1.0,0.7,78,1.9856992051961986,ok,0,12,11,0.0
chb02,chb02_16.edf,244.0,248.0,1.0,0.7,79,0.22834126531224744,ok,0,7,6,0.0
chb02,chb02_16.edf,244.0,248.0,1.0,0.7,80,0.7190062282819772,ok,0,11,9,0.0
chb02,chb02_16.edf,244.0,248.0,1.0,0.7,81,1.3949521781254495,ok,0,9,8,0.0
chb02,chb02_16.edf,716.0,720.0,0.25,0.0,62,0.6171842911523988,ok,0,10,9,0.0
chb02,chb02_16.edf,716.0,720.0,0.25,0.0,63,2.043747370146671,ok,0,9,8,0.0
chb02,chb02_16.edf,716.0,720.0,0.25,0.0,64,0.8756532617719204,ok,0,9,8,0.0
chb02,chb02_16.edf,716.0,720.0,0.25,0.0,65,0.9667718123938864,ok,0,11,10,0.0
chb02,chb02_16.edf,716.0,720.0,0.25,0.0,66,0.3631787913269073,ok,0,11,9,0.0
chb02,chb02_16.edf,716.0,720.0,0.25,0.0,67,0.8092054221906116,ok,0,11,9,0.0
chb02,chb02_16.edf,716.0,720.0,0.25,0.0,68,0.9681035064574081,ok,0,9,8,0.0
chb02,chb02_16.edf,716.0,720.0,0.25,0.0,69,1.241548694349417,ok,0,10,8,0.0
chb02,chb02_16.edf,716.0,720.0,0.25,0.0,70,0.2793983295119334,ok,0,9,8,0.0
chb02,chb02_16.edf,716.0,720.0,0.25,0.0,71,1.5904417843670142,ok,0,12,11,0.0
chb02,chb02_16.edf,716.0,720.0,0.25,0.0,72,0.9990557900479503,ok,0,11,9,0.0
chb02,chb02_16.edf,716.0,720.0,0.25,0.0,73,0.4814093715175572,ok,0,8,7,0.0
chb02,chb02_16.edf,716.0,720.0,0.25,0.0,74,0.6162790697674418,ok,0,11,8,0.0
chb02,chb02_16.edf,716.0,720.0,0.25,0.0,75,0.35394981220923855,ok,0,12,11,0.0
chb02,chb02_16.edf,716.0,720.0,0.25,0.0,76,0.3909772130214703,ok,0,12,11,0.0
chb02,chb02_16.edf,716.0,720.0,0.25,0.0,77,0.9447730595988872,ok,0,6,4,0.0
chb02,chb02_16.edf,716.0,720.0,0.25,0.0,78,1.3483863463099397,ok,0,11,10,0.0
chb02,chb02_16.edf,716.0,720.0,0.25,0.0,79,0.1609368397508929,ok,0,7,6,0.0
chb02,chb02_16.edf,716.0,720.0,0.25,0.0,80,0.1797136108456547,ok,0,12,10,0.0
chb02,chb02_16.edf,716.0,720.0,0.25,0.0,81,1.4033891062507988,ok,0,10,7,0.0
chb02,chb02_16.edf,716.0,720.0,0.25,0.175,62,0.6196207900565306,ok,0,10,9,0.0
chb02,chb02_16.edf,716.0,720.0,0.25,0.175,63,0.21474854260661275,ok,0,8,7,0.0
chb02,chb02_16.edf,716.0,720.0,0.25,0.175,64,0.8756532617719204,ok,0,9,8,0.0
chb02,chb02_16.edf,716.0,720.0,0.25,0.175,65,1.4824847269439707,ok,0,10,9,0.0
chb02,chb02_16.edf,716.0,720.0,0.25,0.175,66,0.3428004452807938,ok,0,11,9,0.0
chb02,chb02_16.edf,716.0,720.0,0.25,0.175,67,0.316281909332361,ok,0,10,8,0.0
chb02,chb02_16.edf,716.0,720.0,0.25,0.175,68,1.046349240967186,ok,0,10,9,0.0
chb02,chb02_16.edf,716.0,720.0,0.25,0.175,69,1.241548694349417,ok,0,10,8,0.0
chb02,chb02_16.edf,716.0,720.0,0.25,0.175,70,0.2793983295119334,ok,0,9,8,0.0
chb02,chb02_16.edf,716.0,720.0,0.25,0.175,71,1.6064083802046423,ok,0,12,11,0.0
chb02,chb02_16.edf,716.0,720.0,0.25,0.175,72,1.3369311651672096,ok,0,10,8,0.0
chb02,chb02_16.edf,716.0,720.0,0.25,0.175,73,0.711110118167462,ok,0,8,7,0.0
chb02,chb02_16.edf,716.0,720.0,0.25,0.175,74,0.6162790697674418,ok,0,11,8,0.0
chb02,chb02_16.edf,716.0,720.0,0.25,0.175,75,0.35394981220923855,ok,0,12,11,0.0
chb02,chb02_16.edf,716.0,720.0,0.25,0.175,76,0.9401223091596564,ok,0,11,10,0.0
chb02,chb02_16.edf,716.0,720.0,0.25,0.175,77,0.9447730595988872,ok,0,6,4,0.0
chb02,chb02_16.edf,716.0,720.0,0.25,0.175,78,1.8042641223651448,ok,0,9,8,0.0
chb02,chb02_16.edf,716.0,720.0,0.25,0.175,79,0.1609368397508929,ok,0,7,6,0.0
chb02,chb02_16.edf,716.0,720.0,0.25,0.175,80,0.1797136108456547,ok,0,12,10,0.0
chb02,chb02_16.edf,716.0,720.0,0.25,0.175,81,1.4033891062507988,ok,0,10,7,0.0
chb02,chb02_16.edf,716.0,720.0,0.25,0.35,62,0.6136062228392102,ok,0,10,9,0.0
chb02,chb02_16.edf,716.0,720.0,0.25,0.35,63,0.1592158794179117,ok,0,8,6,0.0
chb02,chb02_16.edf,716.0,720.0,0.25,0.35,64,0.8649657080726679,ok,0,9,8,0.0
chb02,chb02_16.edf,716.0,720.0,0.25,0.35,65,1.3155288231710456,ok,0,11,10,0.0
chb02,chb02_16.edf,716.0,720.0,0.25,0.35,66,0.3482913940735138,ok,0,11,9,0.0
chb02,chb02_16.edf,716.0,720.0,0.25,0.35,67,0.274988798784937,ok,0,10,8,0.0
chb02,chb02_16.edf,716.0,720.0,0.25,0.35,68,1.1639723148521919,ok,0,10,9,0.0
chb02,chb02_16.edf,716.0,720.0,0.25,0.35,69,1.241548694349417,ok,0,10,8,0.0
chb02,chb02_16.edf,716.0,720.0,0.25,0.35,70,0.2793983295119334,ok,0,9,8,0.0
chb02,chb02_16.edf,716.0,720.0,0.25,0.35,71,1.318297943735038,ok,0,12,11,0.0
chb02,chb02_16.edf,716.0,720.0,0.25,0.35,72,1.3543326960776734,ok,0,10,9,0.0
chb02,chb02_16.edf,716.0,720.0,0.25,0.35,73,0.7450626593012964,ok,0,9,8,0.0
chb02,chb02_16.edf,716.0,720.0,0.25,0.35,74,0.5783078709396672,ok,0,10,9,0.0
chb02,chb02_16.edf,716.0,720.0,0.25,0.35,75,0.3191220844546496,ok,0,11,10,0.0
chb02,chb02_16.edf,716.0,720.0,0.25,0.35,76,1.0807217998114427,ok,0,11,10,0.0
chb02,chb02_16.edf,716.0,720.0,0.25,0.35,77,0.8585052603311499,ok,0,7,5,0.0
chb02,chb02_16.edf,716.0,720.0,0.25,0.35,78,1.7456723927071545,ok,0,9,8,0.0
chb02,chb02_16.edf,716.0,720.0,0.25,0.35,79,0.1609368397508929,ok,0,7,6,0.0
chb02,chb02_16.edf,716.0,720.0,0.25,0.35,80,0.1797136108456547,ok,0,12,10,0.0
chb02,chb02_16.edf,716.0,720.0,0.25,0.35,81,1.4033891062507988,ok,0,10,7,0.0
chb02,chb02_16.edf,716.0,720.0,0.25,0.7,62,1.0179406175181602,ok,0,9,8,0.0
chb02,chb02_16.edf,716.0,720.0,0.25,0.7,63,0.1592158794179117,ok,0,8,6,0.0
chb02,chb02_16.edf,716.0,720.0,0.25,0.7,64,0.9485733989965858,ok,0,8,7,0.0
chb02,chb02_16.edf,716.0,720.0,0.25,0.7,65,1.1731418107634488,ok,0,10,9,0.0
chb02,chb02_16.edf,716.0,720.0,0.25,0.7,66,0.5934882603183296,ok,0,10,8,0.0
chb02,chb02_16.edf,716.0,720.0,0.25,0.7,67,0.9989845671923501,ok,0,10,9,0.0
chb02,chb02_16.edf,716.0,720.0,0.25,0.7,68,1.1760465340805704,ok,0,10,8,0.0
chb02,chb02_16.edf,716.0,720.0,0.25,0.7,69,1.1648063000957762,ok,0,11,9,0.0
chb02,chb02_16.edf,716.0,720.0,0.25,0.7,70,0.2793983295119334,ok,0,9,8,0.0
chb02,chb02_16.edf,716.0,720.0,0.25,0.7,71,1.275856444692437,ok,0,13,10,0.0
chb02,chb02_16.edf,716.0,720.0,0.25,0.7,72,1.354459915484411,ok,0,10,9,0.0
chb02,chb02_16.edf,716.0,720.0,0.25,0.7,73,0.6833162269016009,ok,0,10,9,0.0
chb02,chb02_16.edf,716.0,720.0,0.25,0.7,74,0.647938324001374,ok,0,10,8,0.0
chb02,chb02_16.edf,716.0,720.0,0.25,0.7,75,0.3191220844546496,ok,0,11,10,0.0
chb02,chb02_16.edf,716.0,720.0,0.25,0.7,76,0.4166099734673204,ok,0,10,9,0.0
chb02,chb02_16.edf,716.0,720.0,0.25,0.7,77,0.7204219413681691,ok,0,7,6,0.0
chb02,chb02_16.edf,716.0,720.0,0.25,0.7,78,1.6366563177557367,ok,0,9,7,0.0
chb02,chb02_16.edf,716.0,720.0,0.25,0.7,79,0.673404247090854,ok,0,8,7,0.0
chb02,chb02_16.edf,716.0,720.0,0.25,0.7,80,0.3386513922692991,ok,0,13,12,0.0
chb02,chb02_16.edf,716.0,720.0,0.25,0.7,81,1.4033891062507988,ok,0,10,7,0.0
chb02,chb02_16.edf,716.0,720.0,0.5,0.0,62,0.5712931377579745,ok,0,12,11,0.0
chb02,chb02_16.edf,716.0,720.0,0.5,0.0,63,0.16726057798219393,ok,0,8,7,0.0
chb02,chb02_16.edf,716.0,720.0,0.5,0.0,64,0.19637001542360058,ok,0,9,8,0.0
chb02,chb02_16.edf,716.0,720.0,0.5,0.0,65,0.546024803519956,ok,0,10,8,0.0
chb02,chb02_16.edf,716.0,720.0,0.5,0.0,66,0.3428004452807938,ok,0,11,9,0.0
chb02,chb02_16.edf,716.0,720.0,0.5,0.0,67,0.9454773281444654,ok,0,7,6,0.0
chb02,chb02_16.edf,716.0,720.0,0.5,0.0,68,1.2291207868644798,ok,0,12,11,0.0
chb02,chb02_16.edf,716.0,720.0,0.5,0.0,69,1.1682562182790923,ok,0,9,7,0.0
chb02,chb02_16.edf,716.0,720.0,0.5,0.0,70,0.5111811702061327,ok,0,14,13,0.0
chb02,chb02_16.edf,716.0,720.0,0.5,0.0,71,1.8179982256514546,ok,0,11,9,0.0
chb02,chb02_16.edf,716.0,720.0,0.5,0.0,72,0.18642507739616473,ok,0,6,5,0.0
chb02,chb02_16.edf,716.0,720.0,0.5,0.0,73,0.6286253346157429,ok,0,10,9,0.0
chb02,chb02_16.edf,716.0,720.0,0.5,0.0,74,0.6476197533905482,ok,0,9,7,0.0
chb02,chb02_16.edf,716.0,720.0,0.5,0.0,75,0.9626906857352386,ok,0,12,10,0.0
chb02,chb02_16.edf,716.0,720.0,0.5,0.0,76,0.48840569686484475,ok,0,10,9,0.0
chb02,chb02_16.edf,716.0,720.0,0.5,0.0,77,1.4397992123948258,ok,0,10,9,0.0
chb02,chb02_16.edf,716.0,720.0,0.5,0.0,78,0.8783739115481473,ok,0,10,9,0.0
chb02,chb02_16.edf,716.0,720.0,0.5,0.0,79,0.6660998123404629,ok,0,8,7,0.0
chb02,chb02_16.edf,716.0,720.0,0.5,0.0,80,0.48943288169382493,ok,0,10,8,0.0
chb02,chb02_16.edf,716.0,720.0,0.5,0.0,81,1.3487816138931745,ok,0,10,9,0.0
chb02,chb02_16.edf,716.0,720.0,0.5,0.175,62,0.5687028088741318,ok,0,12,11,0.0
chb02,chb02_16.edf,716.0,720.0,0.5,0.175,63,0.14655956456718455,ok,0,8,7,0.0
chb02,chb02_16.edf,716.0,720.0,0.5,0.175,64,0.33066737835270793,ok,0,10,9,0.0
chb02,chb02_16.edf,716.0,720.0,0.5,0.175,65,0.546024803519956,ok,0,10,8,0.0
chb02,chb02_16.edf,716.0,720.0,0.5,0.175,66,0.3428004452807938,ok,0,11,9,0.0
chb02,chb02_16.edf,716.0,720.0,0.5,0.175,67,0.9454773281444654,ok,0,7,6,0.0
chb02,chb02_16.edf,716.0,720.0,0.5,0.175,68,1.2291207868644798,ok,0,12,11,0.0
chb02,chb02_16.edf,716.0,720.0,0.5,0.175,69,1.1682562182790923,ok,0,9,7,0.0
chb02,chb02_16.edf,716.0,720.0,0.5,0.175,70,0.5111811702061327,ok,0,14,13,0.0
chb02,chb02_16.edf,716.0,720.0,0.5,0.175,71,1.9023929873762566,ok,0,11,10,0.0
chb02,chb02_16.edf,716.0,720.0,0.5,0.175,72,0.18642507739616473,ok,0,6,5,0.0
chb02,chb02_16.edf,716.0,720.0,0.5,0.175,73,0.6562848932899151,ok,0,11,10,0.0
chb02,chb02_16.edf,716.0,720.0,0.5,0.175,74,0.6476197533905482,ok,0,9,7,0.0
chb02,chb02_16.edf,716.0,720.0,0.5,0.175,75,0.9626906857352386,ok,0,12,10,0.0
chb02,chb02_16.edf,716.0,720.0,0.5,0.175,76,0.48840569686484475,ok,0,10,9,0.0
chb02,chb02_16.edf,716.0,720.0,0.5,0.175,77,1.487661106245009,ok,0,9,8,0.0
chb02,chb02_16.edf,716.0,720.0,0.5,0.175,78,0.8409859228438307,ok,0,10,9,0.0
chb02,chb02_16.edf,716.0,720.0,0.5,0.175,79,0.6660998123404629,ok,0,8,7,0.0
chb02,chb02_16.edf,716.0,720.0,0.5,0.175,80,0.7001723173641382,ok,0,11,9,0.0
chb02,chb02_16.edf,716.0,720.0,0.5,0.175,81,1.3455109473415157,ok,0,10,9,0.0
chb02,chb02_16.edf,716.0,720.0,0.5,0.35,62,0.5687028088741318,ok,0,12,11,0.0
chb02,chb02_16.edf,716.0,720.0,0.5,0.35,63,0.5924951672475443,ok,0,9,8,0.0
chb02,chb02_16.edf,716.0,720.0,0.5,0.35,64,0.33066737835270793,ok,0,10,9,0.0
chb02,chb02_16.edf,716.0,720.0,0.5,0.35,65,0.546024803519956,ok,0,10,8,0.0
chb02,chb02_16.edf,716.0,720.0,0.5,0.35,66,0.3428004452807938,ok,0,11,9,0.0
chb02,chb02_16.edf,716.0,720.0,0.5,0.35,67,0.9454773281444654,ok,0,7,6,0.0
chb02,chb02_16.edf,716.0,720.0,0.5,0.35,68,1.316912336167536,ok,0,11,10,0.0
chb02,chb02_16.edf,716.0,720.0,0.5,0.35,69,1.3140217803565544,ok,0,10,9,0.0
chb02,chb02_16.edf,716.0,720.0,0.5,0.35,70,0.5111811702061327,ok,0,14,13,0.0
chb02,chb02_16.edf,716.0,720.0,0.5,0.35,71,1.6177346991122366,ok,0,12,11,0.0
chb02,chb02_16.edf,716.0,720.0,0.5,0.35,72,0.18642507739616473,ok,0,6,5,0.0
chb02,chb02_16.edf,716.0,720.0,0.5,0.35,73,0.5545269858170007,ok,0,9,8,0.0
chb02,chb02_16.edf,716.0,720.0,0.5,0.35,74,0.7488317702776065,ok,0,8,7,0.0
chb02,chb02_16.edf,716.0,720.0,0.5,0.35,75,0.7061059694822076,ok,0,14,12,0.0
chb02,chb02_16.edf,716.0,720.0,0.5,0.35,76,0.48840569686484475,ok,0,10,9,0.0
chb02,chb02_16.edf,716.0,720.0,0.5,0.35,77,1.4882095124675974,ok,0,9,8,0.0
chb02,chb02_16.edf,716.0,720.0,0.5,0.35,78,0.9165702514931167,ok,0,11,10,0.0
chb02,chb02_16.edf,716.0,720.0,0.5,0.35,79,0.6660998123404629,ok,0,8,7,0.0
chb02,chb02_16.edf,716.0,720.0,0.5,0.35,80,0.7330040246177405,ok,0,11,9,0.0
chb02,chb02_16.edf,716.0,720.0,0.5,0.35,81,1.3090048744270146,ok,0,10,9,0.0
chb02,chb02_16.edf,716.0,720.0,0.5,0.7,62,0.5116152719229852,ok,0,13,12,0.0
chb02,chb02_16.edf,716.0,720.0,0.5,0.7,63,0.5997490384731422,ok,0,10,9,0.0
chb02,chb02_16.edf,716.0,720.0,0.5,0.7,64,0.3502273240190265,ok,0,9,8,0.0
chb02,chb02_16.edf,716.0,720.0,0.5,0.7,65,0.2478312679960703,ok,0,9,8,0.0
chb02,chb02_16.edf,716.0,720.0,0.5,0.7,66,0.3522458440906178,ok,0,10,8,0.0
chb02,chb02_16.edf,716.0,720.0,0.5,0.7,67,0.9220659889498258,ok,0,7,6,0.0
chb02,chb02_16.edf,716.0,720.0,0.5,0.7,68,1.3157718694215055,ok,0,11,10,0.0
chb02,chb02_16.edf,716.0,720.0,0.5,0.7,69,1.2307153432694082,ok,0,11,10,0.0
chb02,chb02_16.edf,716.0,720.0,0.5,0.7,70,0.509154547108042,ok,0,14,13,0.0
chb02,chb02_16.edf,716.0,720.0,0.5,0.7,71,1.4785688317943626,ok,0,12,9,0.0
chb02,chb02_16.edf,716.0,720.0,0.5,0.7,72,0.18642507739616473,ok,0,6,5,0.0
chb02,chb02_16.edf,716.0,720.0,0.5,0.7,73,0.6968147026269472,ok,0,11,10,0.0
chb02,chb02_16.edf,716.0,720.0,0.5,0.7,74,0.8203218002725045,ok,0,9,8,0.0
chb02,chb02_16.edf,716.0,720.0,0.5,0.7,75,0.6798254406520732,ok,0,13,11,0.0
chb02,chb02_16.edf,716.0,720.0,0.5,0.7,76,0.5123152709359606,ok,0,11,10,0.0
chb02,chb02_16.edf,716.0,720.0,0.5,0.7,77,1.4404366547069316,ok,0,10,9,0.0
chb02,chb02_16.edf,716.0,720.0,0.5,0.7,78,0.17436250850036064,ok,0,10,9,0.0
chb02,chb02_16.edf,716.0,720.0,0.5,0.7,79,0.669320371720449,ok,0,8,7,0.0
chb02,chb02_16.edf,716.0,720.0,0.5,0.7,80,0.9468459815585395,ok,0,10,8,0.0
chb02,chb02_16.edf,716.0,720.0,0.5,0.7,81,1.4033891062507988,ok,0,10,7,0.0
chb02,chb02_16.edf,716.0,720.0,1.0,0.0,62,0.7743914046997703,ok,0,11,10,0.0
chb02,chb02_16.edf,716.0,720.0,1.0,0.0,63,0.21488489744161204,ok,0,8,7,0.0
chb02,chb02_16.edf,716.0,720.0,1.0,0.0,64,0.17192047651837583,ok,0,10,9,0.0
chb02,chb02_16.edf,716.0,720.0,1.0,0.0,65,0.48620003231413916,ok,0,12,9,0.0
chb02,chb02_16.edf,716.0,720.0,1.0,0.0,66,1.3756822323974554,ok,0,13,11,0.0
chb02,chb02_16.edf,716.0,720.0,1.0,0.0,67,1.0067830609804835,ok,0,9,8,0.0
chb02,chb02_16.edf,716.0,720.0,1.0,0.0,68,1.5176810316646947,ok,0,13,11,0.0
chb02,chb02_16.edf,716.0,720.0,1.0,0.0,69,1.0610836315798138,ok,0,8,5,0.0
chb02,chb02_16.edf,716.0,720.0,1.0,0.0,70,0.981919803246944,ok,0,12,11,0.0
chb02,chb02_16.edf,716.0,720.0,1.0,0.0,71,1.7937447317653397,ok,0,10,8,0.0
chb02,chb02_16.edf,716.0,720.0,1.0,0.0,72,0.18642507739616473,ok,0,6,5,0.0
chb02,chb02_16.edf,716.0,720.0,1.0,0.0,73,0.5987516059102022,ok,0,9,8,0.0
chb02,chb02_16.edf,716.0,720.0,1.0,0.0,74,0.6443582292066723,ok,0,11,10,0.0
chb02,chb02_16.edf,716.0,720.0,1.0,0.0,75,1.65888681246551,ok,0,10,7,0.0
chb02,chb02_16.edf,716.0,720.0,1.0,0.0,76,0.22553402254439306,ok,0,12,11,0.0
chb02,chb02_16.edf,716.0,720.0,1.0,0.0,77,1.261454559020981,ok,0,10,9,0.0
chb02,chb02_16.edf,716.0,720.0,1.0,0.0,78,1.9856992051961986,ok,0,12,11,0.0
chb02,chb02_16.edf,716.0,720.0,1.0,0.0,79,0.1609368397508929,ok,0,7,6,0.0
chb02,chb02_16.edf,716.0,720.0,1.0,0.0,80,0.8375512923759941,ok,0,11,9,0.0
chb02,chb02_16.edf,716.0,720.0,1.0,0.0,81,1.3218647883394035,ok,0,10,8,0.0
chb02,chb02_16.edf,716.0,720.0,1.0,0.175,62,0.7743914046997703,ok,0,11,10,0.0
chb02,chb02_16.edf,716.0,720.0,1.0,0.175,63,0.19886412519724583,ok,0,9,8,0.0
chb02,chb02_16.edf,716.0,720.0,1.0,0.175,64,0.17599259780918877,ok,0,10,8,0.0
chb02,chb02_16.edf,716.0,720.0,1.0,0.175,65,0.49292157435773215,ok,0,12,10,0.0
chb02,chb02_16.edf,716.0,720.0,1.0,0.175,66,1.5167540848237777,ok,0,12,10,0.0
chb02,chb02_16.edf,716.0,720.0,1.0,0.175,67,1.0067830609804835,ok,0,9,8,0.0
chb02,chb02_16.edf,716.0,720.0,1.0,0.175,68,1.5176810316646947,ok,0,13,11,0.0
chb02,chb02_16.edf,716.0,720.0,1.0,0.175,69,1.062607072954729,ok,0,9,6,0.0
chb02,chb02_16.edf,716.0,720.0,1.0,0.175,70,0.981919803246944,ok,0,12,11,0.0
chb02,chb02_16.edf,716.0,720.0,1.0,0.175,71,1.7937447317653397,ok,0,10,8,0.0
chb02,chb02_16.edf,716.0,720.0,1.0,0.175,72,0.18642507739616473,ok,0,6,5,0.0
chb02,chb02_16.edf,716.0,720.0,1.0,0.175,73,0.5987516059102022,ok,0,9,8,0.0
chb02,chb02_16.edf,716.0,720.0,1.0,0.175,74,0.6459406006850896,ok,0,11,10,0.0
chb02,chb02_16.edf,716.0,720.0,1.0,0.175,75,1.5912551774874504,ok,0,9,7,0.0
chb02,chb02_16.edf,716.0,720.0,1.0,0.175,76,0.22553402254439306,ok,0,12,11,0.0
chb02,chb02_16.edf,716.0,720.0,1.0,0.175,77,1.261454559020981,ok,0,10,9,0.0
chb02,chb02_16.edf,716.0,720.0,1.0,0.175,78,1.9856992051961986,ok,0,12,11,0.0
chb02,chb02_16.edf,716.0,720.0,1.0,0.175,79,0.1609368397508929,ok,0,7,6,0.0
chb02,chb02_16.edf,716.0,720.0,1.0,0.175,80,0.847592558041268,ok,0,12,10,0.0
chb02,chb02_16.edf,716.0,720.0,1.0,0.175,81,1.3218647883394035,ok,0,10,8,0.0
chb02,chb02_16.edf,716.0,720.0,1.0,0.35,62,0.7743914046997703,ok,0,11,10,0.0
chb02,chb02_16.edf,716.0,720.0,1.0,0.35,63,0.19886412519724583,ok,0,9,8,0.0
chb02,chb02_16.edf,716.0,720.0,1.0,0.35,64,0.19787703507497612,ok,0,10,9,0.0
chb02,chb02_16.edf,716.0,720.0,1.0,0.35,65,0.4495805831064902,ok,0,11,10,0.0
chb02,chb02_16.edf,716.0,720.0,1.0,0.35,66,1.5630924733586862,ok,0,11,9,0.0
chb02,chb02_16.edf,716.0,720.0,1.0,0.35,67,1.0067830609804835,ok,0,9,8,0.0
chb02,chb02_16.edf,716.0,720.0,1.0,0.35,68,1.5983205841064927,ok,0,12,10,0.0
chb02,chb02_16.edf,716.0,720.0,1.0,0.35,69,1.062607072954729,ok,0,9,6,0.0
chb02,chb02_16.edf,716.0,720.0,1.0,0.35,70,0.9236807087358347,ok,0,11,10,0.0
chb02,chb02_16.edf,716.0,720.0,1.0,0.35,71,1.7144437964910062,ok,0,10,7,0.0
chb02,chb02_16.edf,716.0,720.0,1.0,0.35,72,0.18642507739616473,ok,0,6,5,0.0
chb02,chb02_16.edf,716.0,720.0,1.0,0.35,73,0.8469193634316599,ok,0,9,8,0.0
chb02,chb02_16.edf,716.0,720.0,1.0,0.35,74,0.6459406006850896,ok,0,11,10,0.0
chb02,chb02_16.edf,716.0,720.0,1.0,0.35,75,1.5912551774874504,ok,0,9,7,0.0
chb02,chb02_16.edf,716.0,720.0,1.0,0.35,76,0.2499525155781146,ok,0,12,11,0.0
chb02,chb02_16.edf,716.0,720.0,1.0,0.35,77,1.261454559020981,ok,0,10,9,0.0
chb02,chb02_16.edf,716.0,720.0,1.0,0.35,78,1.9866592065374562,ok,0,12,11,0.0
chb02,chb02_16.edf,716.0,720.0,1.0,0.35,79,0.1609368397508929,ok,0,7,6,0.0
chb02,chb02_16.edf,716.0,720.0,1.0,0.35,80,0.847592558041268,ok,0,12,10,0.0
chb02,chb02_16.edf,716.0,720.0,1.0,0.35,81,1.3549993431102936,ok,0,9,7,0.0
chb02,chb02_16.edf,716.0,720.0,1.0,0.7,62,0.7567965074623689,ok,0,10,9,0.0
chb02,chb02_16.edf,716.0,720.0,1.0,0.7,63,0.18923887770069645,ok,0,9,8,0.0
chb02,chb02_16.edf,716.0,720.0,1.0,0.7,64,0.34600165381214254,ok,0,9,8,0.0
chb02,chb02_16.edf,716.0,720.0,1.0,0.7,65,0.4495805831064902,ok,0,11,10,0.0
chb02,chb02_16.edf,716.0,720.0,1.0,0.7,66,1.5630924733586862,ok,0,11,9,0.0
chb02,chb02_16.edf,716.0,720.0,1.0,0.7,67,1.0067830609804835,ok,0,9,8,0.0
chb02,chb02_16.edf,716.0,720.0,1.0,0.7,68,0.2586107744948662,ok,0,11,9,0.0
chb02,chb02_16.edf,716.0,720.0,1.0,0.7,69,1.062607072954729,ok,0,9,6,0.0
chb02,chb02_16.edf,716.0,720.0,1.0,0.7,70,1.0474796880272028,ok,0,10,9,0.0
chb02,chb02_16.edf,716.0,720.0,1.0,0.7,71,1.7389924501718383,ok,0,9,8,0.0
chb02,chb02_16.edf,716.0,720.0,1.0,0.7,72,0.18642507739616473,ok,0,6,5,0.0
chb02,chb02_16.edf,716.0,720.0,1.0,0.7,73,0.846370860444523,ok,0,8,7,0.0
chb02,chb02_16.edf,716.0,720.0,1.0,0.7,74,0.7336442085092495,ok,0,12,11,0.0
chb02,chb02_16.edf,716.0,720.0,1.0,0.7,75,1.592856858501429,ok,0,8,6,0.0
chb02,chb02_16.edf,716.0,720.0,1.0,0.7,76,0.2948112271224721,ok,0,12,11,0.0
chb02,chb02_16.edf,716.0,720.0,1.0,0.7,77,1.279958986263005,ok,0,8,7,0.0
chb02,chb02_16.edf,716.0,720.0,1.0,0.7,78,1.9876372132073012,ok,0,12,11,0.0
chb02,chb02_16.edf,716.0,720.0,1.0,0.7,79,0.22834126531224744,ok,0,7,6,0.0
chb02,chb02_16.edf,716.0,720.0,1.0,0.7,80,0.879767280729996,ok,0,12,10,0.0
chb02,chb02_16.edf,716.0,720.0,1.0,0.7,81,1.3529940374376748,ok,0,9,8,0.0
chb02,chb02_19.edf,904.0,908.0,0.25,0.0,62,0.6171842911523988,ok,0,10,9,0.0
chb02,chb02_19.edf,904.0,908.0,0.25,0.0,63,2.043747370146671,ok,0,9,8,0.0
chb02,chb02_19.edf,904.0,908.0,0.25,0.0,64,0.8756532617719204,ok,0,9,8,0.0
chb02,chb02_19.edf,904.0,908.0,0.25,0.0,65,0.9667718123938864,ok,0,11,10,0.0
chb02,chb02_19.edf,904.0,908.0,0.25,0.0,66,0.3631787913269073,ok,0,11,9,0.0
chb02,chb02_19.edf,904.0,908.0,0.25,0.0,67,0.8092054221906116,ok,0,11,9,0.0
chb02,chb02_19.edf,904.0,908.0,0.25,0.0,68,0.9681035064574081,ok,0,9,8,0.0
chb02,chb02_19.edf,904.0,908.0,0.25,0.0,69,1.241548694349417,ok,0,10,8,0.0
chb02,chb02_19.edf,904.0,908.0,0.25,0.0,70,0.2793983295119334,ok,0,9,8,0.0
chb02,chb02_19.edf,904.0,908.0,0.25,0.0,71,1.5904417843670142,ok,0,12,11,0.0
chb02,chb02_19.edf,904.0,908.0,0.25,0.0,72,0.9990557900479503,ok,0,11,9,0.0
chb02,chb02_19.edf,904.0,908.0,0.25,0.0,73,0.4814093715175572,ok,0,8,7,0.0
chb02,chb02_19.edf,904.0,908.0,0.25,0.0,74,0.6162790697674418,ok,0,11,8,0.0
chb02,chb02_19.edf,904.0,908.0,0.25,0.0,75,0.35394981220923855,ok,0,12,11,0.0
chb02,chb02_19.edf,904.0,908.0,0.25,0.0,76,0.3909772130214703,ok,0,12,11,0.0
chb02,chb02_19.edf,904.0,908.0,0.25,0.0,77,0.9447730595988872,ok,0,6,4,0.0
chb02,chb02_19.edf,904.0,908.0,0.25,0.0,78,1.3483863463099397,ok,0,11,10,0.0
chb02,chb02_19.edf,904.0,908.0,0.25,0.0,79,0.1609368397508929,ok,0,7,6,0.0
chb02,chb02_19.edf,904.0,908.0,0.25,0.0,80,0.1797136108456547,ok,0,12,10,0.0
chb02,chb02_19.edf,904.0,908.0,0.25,0.0,81,1.4033891062507988,ok,0,10,7,0.0
chb02,chb02_19.edf,904.0,908.0,0.25,0.175,62,0.8154904791206136,ok,0,10,9,0.0
chb02,chb02_19.edf,904.0,908.0,0.25,0.175,63,2.0341077992701977,ok,0,9,8,0.0
chb02,chb02_19.edf,904.0,908.0,0.25,0.175,64,0.8188259878606116,ok,0,8,7,0.0
chb02,chb02_19.edf,904.0,908.0,0.25,0.175,65,0.9667718123938864,ok,0,11,10,0.0
chb02,chb02_19.edf,904.0,908.0,0.25,0.175,66,0.3631787913269073,ok,0,11,9,0.0
chb02,chb02_19.edf,904.0,908.0,0.25,0.175,67,0.793177848124112,ok,0,11,9,0.0
chb02,chb02_19.edf,904.0,908.0,0.25,0.175,68,0.9848613212110338,ok,0,9,8,0.0
chb02,chb02_19.edf,904.0,908.0,0.25,0.175,69,1.062607072954729,ok,0,9,6,0.0
chb02,chb02_19.edf,904.0,908.0,0.25,0.175,70,0.2793983295119334,ok,0,9,8,0.0
chb02,chb02_19.edf,904.0,908.0,0.25,0.175,71,1.5832381035513712,ok,0,12,11,0.0
chb02,chb02_19.edf,904.0,908.0,0.25,0.175,72,1.0191071575166437,ok,0,10,8,0.0
chb02,chb02_19.edf,904.0,908.0,0.25,0.175,73,0.6845580569746975,ok,0,7,6,0.0
chb02,chb02_19.edf,904.0,908.0,0.25,0.175,74,0.360793174048842,ok,0,12,9,0.0
chb02,chb02_19.edf,904.0,908.0,0.25,0.175,75,0.35394981220923855,ok,0,12,11,0.0
chb02,chb02_19.edf,904.0,908.0,0.25,0.175,76,0.3993008165560418,ok,0,13,12,0.0
chb02,chb02_19.edf,904.0,908.0,0.25,0.175,77,0.9447730595988872,ok,0,6,4,0.0
chb02,chb02_19.edf,904.0,908.0,0.25,0.175,78,1.3483863463099397,ok,0,11,10,0.0
chb02,chb02_19.edf,904.0,908.0,0.25,0.175,79,0.1609368397508929,ok,0,7,6,0.0
chb02,chb02_19.edf,904.0,908.0,0.25,0.175,80,0.21406832300309636,ok,0,11,8,0.0
chb02,chb02_19.edf,904.0,908.0,0.25,0.175,81,1.3520115535179535,ok,0,10,6,0.0
chb02,chb02_19.edf,904.0,908.0,0.25,0.35,62,0.7877462884085299,ok,0,8,7,0.0
chb02,chb02_19.edf,904.0,908.0,0.25,0.35,63,2.0341077992701977,ok,0,9,8,0.0
chb02,chb02_19.edf,904.0,908.0,0.25,0.35,64,0.8188259878606116,ok,0,8,7,0.0
chb02,chb02_19.edf,904.0,908.0,0.25,0.35,65,0.9667718123938864,ok,0,11,10,0.0
chb02,chb02_19.edf,904.0,908.0,0.25,0.35,66,0.3631787913269073,ok,0,11,9,0.0
chb02,chb02_19.edf,904.0,908.0,0.25,0.35,67,0.52767225996826,ok,0,12,10,0.0
chb02,chb02_19.edf,904.0,908.0,0.25,0.35,68,0.9901171243252742,ok,0,9,8,0.0
chb02,chb02_19.edf,904.0,908.0,0.25,0.35,69,1.133030991562399,ok,0,10,7,0.0
chb02,chb02_19.edf,904.0,908.0,0.25,0.35,70,0.2793983295119334,ok,0,9,8,0.0
chb02,chb02_19.edf,904.0,908.0,0.25,0.35,71,1.5832381035513712,ok,0,12,11,0.0
chb02,chb02_19.edf,904.0,908.0,0.25,0.35,72,1.0191071575166437,ok,0,10,8,0.0
chb02,chb02_19.edf,904.0,908.0,0.25,0.35,73,0.49140291868700037,ok,0,9,8,0.0
chb02,chb02_19.edf,904.0,908.0,0.25,0.35,74,0.35069153462949404,ok,0,12,9,0.0
chb02,chb02_19.edf,904.0,908.0,0.25,0.35,75,0.35394981220923855,ok,0,12,11,0.0
chb02,chb02_19.edf,904.0,908.0,0.25,0.35,76,0.3993008165560418,ok,0,13,12,0.0
chb02,chb02_19.edf,904.0,908.0,0.25,0.35,77,0.9447730595988872,ok,0,6,4,0.0
chb02,chb02_19.edf,904.0,908.0,0.25,0.35,78,1.3019074560201331,ok,0,11,9,0.0
chb02,chb02_19.edf,904.0,908.0,0.25,0.35,79,0.1609368397508929,ok,0,7,6,0.0
chb02,chb02_19.edf,904.0,908.0,0.25,0.35,80,0.21406832300309636,ok,0,11,8,0.0
chb02,chb02_19.edf,904.0,908.0,0.25,0.35,81,1.3520115535179535,ok,0,10,6,0.0
chb02,chb02_19.edf,904.0,908.0,0.25,0.7,62,0.8001817483147683,ok,0,8,7,0.0
chb02,chb02_19.edf,904.0,908.0,0.25,0.7,63,2.0341077992701977,ok,0,9,8,0.0
chb02,chb02_19.edf,904.0,908.0,0.25,0.7,64,0.8236291040832175,ok,0,9,8,0.0
chb02,chb02_19.edf,904.0,908.0,0.25,0.7,65,0.9667718123938864,ok,0,11,10,0.0
chb02,chb02_19.edf,904.0,908.0,0.25,0.7,66,0.36581014159579417,ok,0,11,9,0.0
chb02,chb02_19.edf,904.0,908.0,0.25,0.7,67,0.5388201550860727,ok,0,10,9,0.0
chb02,chb02_19.edf,904.0,908.0,0.25,0.7,68,1.1000355405771964,ok,0,8,7,0.0
chb02,chb02_19.edf,904.0,908.0,0.25,0.7,69,1.2160406985893317,ok,0,11,8,0.0
chb02,chb02_19.edf,904.0,908.0,0.25,0.7,70,0.2793983295119334,ok,0,9,8,0.0
chb02,chb02_19.edf,904.0,908.0,0.25,0.7,71,1.5988655661353666,ok,0,12,11,0.0
chb02,chb02_19.edf,904.0,908.0,0.25,0.7,72,1.0209992744920913,ok,0,10,8,0.0
chb02,chb02_19.edf,904.0,908.0,0.25,0.7,73,0.49140291868700037,ok,0,9,8,0.0
chb02,chb02_19.edf,904.0,908.0,0.25,0.7,74,0.3508541497502507,ok,0,12,9,0.0
chb02,chb02_19.edf,904.0,908.0,0.25,0.7,75,0.3299492060141448,ok,0,11,10,0.0
chb02,chb02_19.edf,904.0,908.0,0.25,0.7,76,0.3904445553947962,ok,0,12,11,0.0
chb02,chb02_19.edf,904.0,908.0,0.25,0.7,77,0.8082721727422603,ok,0,5,3,0.0
chb02,chb02_19.edf,904.0,908.0,0.25,0.7,78,1.2517834630535312,ok,0,11,9,0.0
chb02,chb02_19.edf,904.0,908.0,0.25,0.7,79,1.5685906354107853,ok,0,8,6,0.0
chb02,chb02_19.edf,904.0,908.0,0.25,0.7,80,0.21406832300309636,ok,0,11,8,0.0
chb02,chb02_19.edf,904.0,908.0,0.25,0.7,81,1.3332680279184532,ok,0,11,7,0.0
chb02,chb02_19.edf,904.0,908.0,0.5,0.0,62,0.5712931377579745,ok,0,12,11,0.0
chb02,chb02_19.edf,904.0,908.0,0.5,0.0,63,0.16726057798219393,ok,0,8,7,0.0
chb02,chb02_19.edf,904.0,908.0,0.5,0.0,64,0.19637001542360058,ok,0,9,8,0.0
chb02,chb02_19.edf,904.0,908.0,0.5,0.0,65,0.546024803519956,ok,0,10,8,0.0
chb02,chb02_19.edf,904.0,908.0,0.5,0.0,66,0.3428004452807938,ok,0,11,9,0.0
chb02,chb02_19.edf,904.0,908.0,0.5,0.0,67,0.9454773281444654,ok,0,7,6,0.0
chb02,chb02_19.edf,904.0,908.0,0.5,0.0,68,1.2291207868644798,ok,0,12,11,0.0
chb02,chb02_19.edf,904.0,908.0,0.5,0.0,69,1.1682562182790923,ok,0,9,7,0.0
chb02,chb02_19.edf,904.0,908.0,0.5,0.0,70,0.5111811702061327,ok,0,14,13,0.0
chb02,chb02_19.edf,904.0,908.0,0.5,0.0,71,1.8179982256514546,ok,0,11,9,0.0
chb02,chb02_19.edf,904.0,908.0,0.5,0.0,72,0.18642507739616473,ok,0,6,5,0.0
chb02,chb02_19.edf,904.0,908.0,0.5,0.0,73,0.6286253346157429,ok,0,10,9,0.0
chb02,chb02_19.edf,904.0,908.0,0.5,0.0,74,0.6476197533905482,ok,0,9,7,0.0
chb02,chb02_19.edf,904.0,908.0,0.5,0.0,75,0.9626906857352386,ok,0,12,10,0.0
chb02,chb02_19.edf,904.0,908.0,0.5,0.0,76,0.48840569686484475,ok,0,10,9,0.0
chb02,chb02_19.edf,904.0,908.0,0.5,0.0,77,1.4397992123948258,ok,0,10,9,0.0
chb02,chb02_19.edf,904.0,908.0,0.5,0.0,78,0.8783739115481473,ok,0,10,9,0.0
chb02,chb02_19.edf,904.0,908.0,0.5,0.0,79,0.6660998123404629,ok,0,8,7,0.0
chb02,chb02_19.edf,904.0,908.0,0.5,0.0,80,0.48943288169382493,ok,0,10,8,0.0
chb02,chb02_19.edf,904.0,908.0,0.5,0.0,81,1.3487816138931745,ok,0,10,9,0.0
chb02,chb02_19.edf,904.0,908.0,0.5,0.175,62,0.5712931377579745,ok,0,12,11,0.0
chb02,chb02_19.edf,904.0,908.0,0.5,0.175,63,0.1829500100318099,ok,0,8,7,0.0
chb02,chb02_19.edf,904.0,908.0,0.5,0.175,64,0.19637001542360058,ok,0,9,8,0.0
chb02,chb02_19.edf,904.0,908.0,0.5,0.175,65,0.5518250131061467,ok,0,10,8,0.0
chb02,chb02_19.edf,904.0,908.0,0.5,0.175,66,0.3428004452807938,ok,0,11,9,0.0
chb02,chb02_19.edf,904.0,908.0,0.5,0.175,67,0.9454773281444654,ok,0,7,6,0.0
chb02,chb02_19.edf,904.0,908.0,0.5,0.175,68,1.2291207868644798,ok,0,12,11,0.0
chb02,chb02_19.edf,904.0,908.0,0.5,0.175,69,1.1682562182790923,ok,0,9,7,0.0
chb02,chb02_19.edf,904.0,908.0,0.5,0.175,70,0.5111811702061327,ok,0,14,13,0.0
chb02,chb02_19.edf,904.0,908.0,0.5,0.175,71,1.8179982256514546,ok,0,11,9,0.0
chb02,chb02_19.edf,904.0,908.0,0.5,0.175,72,0.18642507739616473,ok,0,6,5,0.0
chb02,chb02_19.edf,904.0,908.0,0.5,0.175,73,0.6286253346157429,ok,0,10,9,0.0
chb02,chb02_19.edf,904.0,908.0,0.5,0.175,74,0.655280757217913,ok,0,10,8,0.0
chb02,chb02_19.edf,904.0,908.0,0.5,0.175,75,0.9626906857352386,ok,0,12,10,0.0
chb02,chb02_19.edf,904.0,908.0,0.5,0.175,76,0.41481810651347145,ok,0,11,10,0.0
chb02,chb02_19.edf,904.0,908.0,0.5,0.175,77,1.4397992123948258,ok,0,10,9,0.0
chb02,chb02_19.edf,904.0,908.0,0.5,0.175,78,0.842869542983464,ok,0,10,9,0.0
chb02,chb02_19.edf,904.0,908.0,0.5,0.175,79,0.1609368397508929,ok,0,7,6,0.0
chb02,chb02_19.edf,904.0,908.0,0.5,0.175,80,0.48943288169382493,ok,0,10,8,0.0
chb02,chb02_19.edf,904.0,908.0,0.5,0.175,81,1.3487816138931745,ok,0,10,9,0.0
chb02,chb02_19.edf,904.0,908.0,0.5,0.35,62,0.5712931377579745,ok,0,12,11,0.0
chb02,chb02_19.edf,904.0,908.0,0.5,0.35,63,0.1829500100318099,ok,0,8,7,0.0
chb02,chb02_19.edf,904.0,908.0,0.5,0.35,64,0.19269613344196232,ok,0,9,8,0.0
chb02,chb02_19.edf,904.0,908.0,0.5,0.35,65,0.5518250131061467,ok,0,10,8,0.0
chb02,chb02_19.edf,904.0,908.0,0.5,0.35,66,0.3428004452807938,ok,0,11,9,0.0
chb02,chb02_19.edf,904.0,908.0,0.5,0.35,67,0.9454773281444654,ok,0,7,6,0.0
chb02,chb02_19.edf,904.0,908.0,0.5,0.35,68,1.2291207868644798,ok,0,12,11,0.0
chb02,chb02_19.edf,904.0,908.0,0.5,0.35,69,1.2192157557534467,ok,0,10,8,0.0
chb02,chb02_19.edf,904.0,908.0,0.5,0.35,70,0.5111811702061327,ok,0,14,13,0.0
chb02,chb02_19.edf,904.0,908.0,0.5,0.35,71,1.8179982256514546,ok,0,11,9,0.0
chb02,chb02_19.edf,904.0,908.0,0.5,0.35,72,0.1839561130971576,ok,0,6,5,0.0
chb02,chb02_19.edf,904.0,908.0,0.5,0.35,73,0.660765095154047,ok,0,10,9,0.0
chb02,chb02_19.edf,904.0,908.0,0.5,0.35,74,0.643765204137692,ok,0,10,8,0.0
chb02,chb02_19.edf,904.0,908.0,0.5,0.35,75,0.9626906857352386,ok,0,12,10,0.0
chb02,chb02_19.edf,904.0,908.0,0.5,0.35,76,0.27599152120261494,ok,0,10,9,0.0
chb02,chb02_19.edf,904.0,908.0,0.5,0.35,77,0.14113296980235743,ok,0,9,8,0.0
chb02,chb02_19.edf,904.0,908.0,0.5,0.35,78,0.8443186321178225,ok,0,10,9,0.0
chb02,chb02_19.edf,904.0,908.0,0.5,0.35,79,0.1609368397508929,ok,0,7,6,0.0
chb02,chb02_19.edf,904.0,908.0,0.5,0.35,80,0.5323112117185054,ok,0,9,7,0.0
chb02,chb02_19.edf,904.0,908.0,0.5,0.35,81,1.3951320693161031,ok,0,9,8,0.0
chb02,chb02_19.edf,904.0,908.0,0.5,0.7,62,0.6538919928369273,ok,0,12,11,0.0
chb02,chb02_19.edf,904.0,908.0,0.5,0.7,63,2.0981496454164836,ok,0,10,9,0.0
chb02,chb02_19.edf,904.0,908.0,0.5,0.7,64,0.19269613344196232,ok,0,9,8,0.0
chb02,chb02_19.edf,904.0,908.0,0.5,0.7,65,0.603061907943865,ok,0,9,7,0.0
chb02,chb02_19.edf,904.0,908.0,0.5,0.7,66,0.3428004452807938,ok,0,11,9,0.0
chb02,chb02_19.edf,904.0,908.0,0.5,0.7,67,0.9220659889498258,ok,0,7,6,0.0
chb02,chb02_19.edf,904.0,908.0,0.5,0.7,68,1.2355240639595184,ok,0,11,10,0.0
chb02,chb02_19.edf,904.0,908.0,0.5,0.7,69,1.2192157557534467,ok,0,10,8,0.0
chb02,chb02_19.edf,904.0,908.0,0.5,0.7,70,0.5111811702061327,ok,0,14,13,0.0
chb02,chb02_19.edf,904.0,908.0,0.5,0.7,71,1.8386018855277186,ok,0,11,9,0.0
chb02,chb02_19.edf,904.0,908.0,0.5,0.7,72,0.17941270087025635,ok,0,6,5,0.0
chb02,chb02_19.edf,904.0,908.0,0.5,0.7,73,0.660765095154047,ok,0,10,9,0.0
chb02,chb02_19.edf,904.0,908.0,0.5,0.7,74,0.694807985424527,ok,0,11,9,0.0
chb02,chb02_19.edf,904.0,908.0,0.5,0.7,75,0.9626906857352386,ok,0,12,10,0.0
chb02,chb02_19.edf,904.0,908.0,0.5,0.7,76,0.2904781347835556,ok,0,9,8,0.0
chb02,chb02_19.edf,904.0,908.0,0.5,0.7,77,0.1403159073603611,ok,0,10,8,0.0
chb02,chb02_19.edf,904.0,908.0,0.5,0.7,78,0.8355165148768237,ok,0,10,8,0.0
chb02,chb02_19.edf,904.0,908.0,0.5,0.7,79,0.15218217883084012,ok,0,8,6,0.0
chb02,chb02_19.edf,904.0,908.0,0.5,0.7,80,0.5498073528135942,ok,0,10,8,0.0
chb02,chb02_19.edf,904.0,908.0,0.5,0.7,81,1.3949915313056453,ok,0,9,8,0.0
chb02,chb02_19.edf,904.0,908.0,1.0,0.0,62,0.7743914046997703,ok,0,11,10,0.0
chb02,chb02_19.edf,904.0,908.0,1.0,0.0,63,0.21488489744161204,ok,0,8,7,0.0
chb02,chb02_19.edf,904.0,908.0,1.0,0.0,64,0.17192047651837583,ok,0,10,9,0.0
chb02,chb02_19.edf,904.0,908.0,1.0,0.0,65,0.48620003231413916,ok,0,12,9,0.0
chb02,chb02_19.edf,904.0,908.0,1.0,0.0,66,1.3756822323974554,ok,0,13,11,0.0
chb02,chb02_19.edf,904.0,908.0,1.0,0.0,67,1.0067830609804835,ok,0,9,8,0.0
chb02,chb02_19.edf,904.0,908.0,1.0,0.0,68,1.5176810316646947,ok,0,13,11,0.0
chb02,chb02_19.edf,904.0,908.0,1.0,0.0,69,1.0610836315798138,ok,0,8,5,0.0
chb02,chb02_19.edf,904.0,908.0,1.0,0.0,70,0.981919803246944,ok,0,12,11,0.0
chb02,chb02_19.edf,904.0,908.0,1.0,0.0,71,1.7937447317653397,ok,0,10,8,0.0
chb02,chb02_19.edf,904.0,908.0,1.0,0.0,72,0.18642507739616473,ok,0,6,5,0.0
chb02,chb02_19.edf,904.0,908.0,1.0,0.0,73,0.5987516059102022,ok,0,9,8,0.0
chb02,chb02_19.edf,904.0,908.0,1.0,0.0,74,0.6443582292066723,ok,0,11,10,0.0
chb02,chb02_19.edf,904.0,908.0,1.0,0.0,75,1.65888681246551,ok,0,10,7,0.0
chb02,chb02_19.edf,904.0,908.0,1.0,0.0,76,0.22553402254439306,ok,0,12,11,0.0
chb02,chb02_19.edf,904.0,908.0,1.0,0.0,77,1.261454559020981,ok,0,10,9,0.0
chb02,chb02_19.edf,904.0,908.0,1.0,0.0,78,1.9856992051961986,ok,0,12,11,0.0
chb02,chb02_19.edf,904.0,908.0,1.0,0.0,79,0.1609368397508929,ok,0,7,6,0.0
chb02,chb02_19.edf,904.0,908.0,1.0,0.0,80,0.8375512923759941,ok,0,11,9,0.0
chb02,chb02_19.edf,904.0,908.0,1.0,0.0,81,1.3218647883394035,ok,0,10,8,0.0
chb02,chb02_19.edf,904.0,908.0,1.0,0.175,62,0.7743914046997703,ok,0,11,10,0.0
chb02,chb02_19.edf,904.0,908.0,1.0,0.175,63,0.21488489744161204,ok,0,8,7,0.0
chb02,chb02_19.edf,904.0,908.0,1.0,0.175,64,0.17192047651837583,ok,0,10,9,0.0
chb02,chb02_19.edf,904.0,908.0,1.0,0.175,65,0.49292157435773215,ok,0,12,10,0.0
chb02,chb02_19.edf,904.0,908.0,1.0,0.175,66,1.3756822323974554,ok,0,13,11,0.0
chb02,chb02_19.edf,904.0,908.0,1.0,0.175,67,1.0067830609804835,ok,0,9,8,0.0
chb02,chb02_19.edf,904.0,908.0,1.0,0.175,68,1.5176810316646947,ok,0,13,11,0.0
chb02,chb02_19.edf,904.0,908.0,1.0,0.175,69,1.0610836315798138,ok,0,8,5,0.0
chb02,chb02_19.edf,904.0,908.0,1.0,0.175,70,1.0503580581633432,ok,0,12,10,0.0
chb02,chb02_19.edf,904.0,908.0,1.0,0.175,71,1.7937447317653397,ok,0,10,8,0.0
chb02,chb02_19.edf,904.0,908.0,1.0,0.175,72,0.18642507739616473,ok,0,6,5,0.0
chb02,chb02_19.edf,904.0,908.0,1.0,0.175,73,0.5987516059102022,ok,0,9,8,0.0
chb02,chb02_19.edf,904.0,908.0,1.0,0.175,74,0.6443582292066723,ok,0,11,10,0.0
chb02,chb02_19.edf,904.0,908.0,1.0,0.175,75,1.5686096313099898,ok,0,10,8,0.0
chb02,chb02_19.edf,904.0,908.0,1.0,0.175,76,0.22553402254439306,ok,0,12,11,0.0
chb02,chb02_19.edf,904.0,908.0,1.0,0.175,77,1.261454559020981,ok,0,10,9,0.0
chb02,chb02_19.edf,904.0,908.0,1.0,0.175,78,1.9856992051961986,ok,0,12,11,0.0
chb02,chb02_19.edf,904.0,908.0,1.0,0.175,79,0.1609368397508929,ok,0,7,6,0.0
chb02,chb02_19.edf,904.0,908.0,1.0,0.175,80,0.9244954663863411,ok,0,10,8,0.0
chb02,chb02_19.edf,904.0,908.0,1.0,0.175,81,1.3218647883394035,ok,0,10,8,0.0
chb02,chb02_19.edf,904.0,908.0,1.0,0.35,62,0.7718735348950996,ok,0,11,10,0.0
chb02,chb02_19.edf,904.0,908.0,1.0,0.35,63,0.16726057798219393,ok,0,8,7,0.0
chb02,chb02_19.edf,904.0,908.0,1.0,0.35,64,0.17599259780918877,ok,0,10,8,0.0
chb02,chb02_19.edf,904.0,908.0,1.0,0.35,65,0.49292157435773215,ok,0,12,10,0.0
chb02,chb02_19.edf,904.0,908.0,1.0,0.35,66,1.3756822323974554,ok,0,13,11,0.0
chb02,chb02_19.edf,904.0,908.0,1.0,0.35,67,1.0067830609804835,ok,0,9,8,0.0
chb02,chb02_19.edf,904.0,908.0,1.0,0.35,68,1.4912089150286119,ok,0,12,10,0.0
chb02,chb02_19.edf,904.0,908.0,1.0,0.35,69,1.0610836315798138,ok,0,8,5,0.0
chb02,chb02_19.edf,904.0,908.0,1.0,0.35,70,1.0503580581633432,ok,0,12,10,0.0
chb02,chb02_19.edf,904.0,908.0,1.0,0.35,71,1.7937447317653397,ok,0,10,8,0.0
chb02,chb02_19.edf,904.0,908.0,1.0,0.35,72,0.17941270087025635,ok,0,6,5,0.0
chb02,chb02_19.edf,904.0,908.0,1.0,0.35,73,0.5987516059102022,ok,0,9,8,0.0
chb02,chb02_19.edf,904.0,908.0,1.0,0.35,74,0.6373761215671587,ok,0,11,10,0.0
chb02,chb02_19.edf,904.0,908.0,1.0,0.35,75,1.557057939702112,ok,0,9,7,0.0
chb02,chb02_19.edf,904.0,908.0,1.0,0.35,76,0.22553402254439306,ok,0,12,11,0.0
chb02,chb02_19.edf,904.0,908.0,1.0,0.35,77,1.261454559020981,ok,0,10,9,0.0
chb02,chb02_19.edf,904.0,908.0,1.0,0.35,78,1.9856992051961986,ok,0,12,11,0.0
chb02,chb02_19.edf,904.0,908.0,1.0,0.35,79,0.1609368397508929,ok,0,7,6,0.0
chb02,chb02_19.edf,904.0,908.0,1.0,0.35,80,0.9244954663863411,ok,0,10,8,0.0
chb02,chb02_19.edf,904.0,908.0,1.0,0.35,81,1.3218647883394035,ok,0,10,8,0.0
chb02,chb02_19.edf,904.0,908.0,1.0,0.7,62,0.828670422082038,ok,0,12,11,0.0
chb02,chb02_19.edf,904.0,908.0,1.0,0.7,63,0.16726057798219393,ok,0,8,7,0.0
chb02,chb02_19.edf,904.0,908.0,1.0,0.7,64,0.17599259780918877,ok,0,10,8,0.0
chb02,chb02_19.edf,904.0,908.0,1.0,0.7,65,0.49292157435773215,ok,0,12,10,0.0
chb02,chb02_19.edf,904.0,908.0,1.0,0.7,66,1.3756822323974554,ok,0,13,11,0.0
chb02,chb02_19.edf,904.0,908.0,1.0,0.7,67,1.0067830609804835,ok,0,9,8,0.0
chb02,chb02_19.edf,904.0,908.0,1.0,0.7,68,1.4709877805981022,ok,0,12,10,0.0
chb02,chb02_19.edf,904.0,908.0,1.0,0.7,69,1.0610836315798138,ok,0,8,5,0.0
chb02,chb02_19.edf,904.0,908.0,1.0,0.7,70,1.0276969351850234,ok,0,12,10,0.0
chb02,chb02_19.edf,904.0,908.0,1.0,0.7,71,1.7937447317653397,ok,0,10,8,0.0
chb02,chb02_19.edf,904.0,908.0,1.0,0.7,72,0.17941270087025635,ok,0,6,5,0.0
chb02,chb02_19.edf,904.0,908.0,1.0,0.7,73,0.6191720810400293,ok,0,9,8,0.0
chb02,chb02_19.edf,904.0,908.0,1.0,0.7,74,0.6373761215671587,ok,0,11,10,0.0
chb02,chb02_19.edf,904.0,908.0,1.0,0.7,75,1.557057939702112,ok,0,9,7,0.0
chb02,chb02_19.edf,904.0,908.0,1.0,0.7,76,0.22553402254439306,ok,0,12,11,0.0
chb02,chb02_19.edf,904.0,908.0,1.0,0.7,77,1.261454559020981,ok,0,10,9,0.0
chb02,chb02_19.edf,904.0,908.0,1.0,0.7,78,1.9856992051961986,ok,0,12,11,0.0
chb02,chb02_19.edf,904.0,908.0,1.0,0.7,79,0.1609368397508929,ok,0,7,6,0.0
chb02,chb02_19.edf,904.0,908.0,1.0,0.7,80,0.8405036655543509,ok,0,11,9,0.0
chb02,chb02_19.edf,904.0,908.0,1.0,0.7,81,1.3218647883394035,ok,0,10,8,0.0
chb02,chb02_19.edf,2700.0,2704.0,0.25,0.0,62,0.6171842911523988,ok,0,10,9,0.0
chb02,chb02_19.edf,2700.0,2704.0,0.25,0.0,63,2.043747370146671,ok,0,9,8,0.0
chb02,chb02_19.edf,2700.0,2704.0,0.25,0.0,64,0.8756532617719204,ok,0,9,8,0.0
chb02,chb02_19.edf,2700.0,2704.0,0.25,0.0,65,0.9667718123938864,ok,0,11,10,0.0
chb02,chb02_19.edf,2700.0,2704.0,0.25,0.0,66,0.3631787913269073,ok,0,11,9,0.0
chb02,chb02_19.edf,2700.0,2704.0,0.25,0.0,67,0.8092054221906116,ok,0,11,9,0.0
chb02,chb02_19.edf,2700.0,2704.0,0.25,0.0,68,0.9681035064574081,ok,0,9,8,0.0
chb02,chb02_19.edf,2700.0,2704.0,0.25,0.0,69,1.241548694349417,ok,0,10,8,0.0
chb02,chb02_19.edf,2700.0,2704.0,0.25,0.0,70,0.2793983295119334,ok,0,9,8,0.0
chb02,chb02_19.edf,2700.0,2704.0,0.25,0.0,71,1.5904417843670142,ok,0,12,11,0.0
chb02,chb02_19.edf,2700.0,2704.0,0.25,0.0,72,0.9990557900479503,ok,0,11,9,0.0
chb02,chb02_19.edf,2700.0,2704.0,0.25,0.0,73,0.4814093715175572,ok,0,8,7,0.0
chb02,chb02_19.edf,2700.0,2704.0,0.25,0.0,74,0.6162790697674418,ok,0,11,8,0.0
chb02,chb02_19.edf,2700.0,2704.0,0.25,0.0,75,0.35394981220923855,ok,0,12,11,0.0
chb02,chb02_19.edf,2700.0,2704.0,0.25,0.0,76,0.3909772130214703,ok,0,12,11,0.0
chb02,chb02_19.edf,2700.0,2704.0,0.25,0.0,77,0.9447730595988872,ok,0,6,4,0.0
chb02,chb02_19.edf,2700.0,2704.0,0.25,0.0,78,1.3483863463099397,ok,0,11,10,0.0
chb02,chb02_19.edf,2700.0,2704.0,0.25,0.0,79,0.1609368397508929,ok,0,7,6,0.0
chb02,chb02_19.edf,2700.0,2704.0,0.25,0.0,80,0.1797136108456547,ok,0,12,10,0.0
chb02,chb02_19.edf,2700.0,2704.0,0.25,0.0,81,1.4033891062507988,ok,0,10,7,0.0
chb02,chb02_19.edf,2700.0,2704.0,0.25,0.175,62,0.7728096094960322,ok,0,9,8,0.0
chb02,chb02_19.edf,2700.0,2704.0,0.25,0.175,63,2.034173947693193,ok,0,9,8,0.0
chb02,chb02_19.edf,2700.0,2704.0,0.25,0.175,64,0.8756532617719204,ok,0,9,8,0.0
chb02,chb02_19.edf,2700.0,2704.0,0.25,0.175,65,0.9667718123938864,ok,0,11,10,0.0
chb02,chb02_19.edf,2700.0,2704.0,0.25,0.175,66,0.3428004452807938,ok,0,11,9,0.0
chb02,chb02_19.edf,2700.0,2704.0,0.25,0.175,67,0.8092054221906116,ok,0,11,9,0.0
chb02,chb02_19.edf,2700.0,2704.0,0.25,0.175,68,0.9681035064574081,ok,0,9,8,0.0
chb02,chb02_19.edf,2700.0,2704.0,0.25,0.175,69,1.241548694349417,ok,0,10,8,0.0
chb02,chb02_19.edf,2700.0,2704.0,0.25,0.175,70,0.2793983295119334,ok,0,9,8,0.0
chb02,chb02_19.edf,2700.0,2704.0,0.25,0.175,71,1.5904417843670142,ok,0,12,11,0.0
chb02,chb02_19.edf,2700.0,2704.0,0.25,0.175,72,1.0189295409461563,ok,0,10,8,0.0
chb02,chb02_19.edf,2700.0,2704.0,0.25,0.175,73,0.5126330160797757,ok,0,8,7,0.0
chb02,chb02_19.edf,2700.0,2704.0,0.25,0.175,74,0.6162790697674418,ok,0,11,8,0.0
chb02,chb02_19.edf,2700.0,2704.0,0.25,0.175,75,0.35394981220923855,ok,0,12,11,0.0
chb02,chb02_19.edf,2700.0,2704.0,0.25,0.175,76,0.42906954748645326,ok,0,13,12,0.0
chb02,chb02_19.edf,2700.0,2704.0,0.25,0.175,77,0.9447730595988872,ok,0,6,4,0.0
chb02,chb02_19.edf,2700.0,2704.0,0.25,0.175,78,1.3483863463099397,ok,0,11,10,0.0
chb02,chb02_19.edf,2700.0,2704.0,0.25,0.175,79,0.1609368397508929,ok,0,7,6,0.0
chb02,chb02_19.edf,2700.0,2704.0,0.25,0.175,80,0.18508067986596996,ok,0,11,9,0.0
chb02,chb02_19.edf,2700.0,2704.0,0.25,0.175,81,1.311931266342682,ok,0,9,7,0.0
chb02,chb02_19.edf,2700.0,2704.0,0.25,0.35,62,0.8920571084270843,ok,0,11,10,0.0
chb02,chb02_19.edf,2700.0,2704.0,0.25,0.35,63,2.034173947693193,ok,0,9,8,0.0
chb02,chb02_19.edf,2700.0,2704.0,0.25,0.35,64,0.8756532617719204,ok,0,9,8,0.0
chb02,chb02_19.edf,2700.0,2704.0,0.25,0.35,65,0.9667718123938864,ok,0,11,10,0.0
chb02,chb02_19.edf,2700.0,2704.0,0.25,0.35,66,0.3455869941264749,ok,0,11,9,0.0
chb02,chb02_19.edf,2700.0,2704.0,0.25,0.35,67,0.8092054221906116,ok,0,11,9,0.0
chb02,chb02_19.edf,2700.0,2704.0,0.25,0.35,68,1.0405659570829988,ok,0,10,9,0.0
chb02,chb02_19.edf,2700.0,2704.0,0.25,0.35,69,1.2352230978631231,ok,0,10,8,0.0
chb02,chb02_19.edf,2700.0,2704.0,0.25,0.35,70,0.2793983295119334,ok,0,9,8,0.0
chb02,chb02_19.edf,2700.0,2704.0,0.25,0.35,71,1.5216703521854653,ok,0,12,10,0.0
chb02,chb02_19.edf,2700.0,2704.0,0.25,0.35,72,1.3598663775441269,ok,0,9,7,0.0
chb02,chb02_19.edf,2700.0,2704.0,0.25,0.35,73,0.5126330160797757,ok,0,8,7,0.0
chb02,chb02_19.edf,2700.0,2704.0,0.25,0.35,74,0.360793174048842,ok,0,12,9,0.0
chb02,chb02_19.edf,2700.0,2704.0,0.25,0.35,75,0.35394981220923855,ok,0,12,11,0.0
chb02,chb02_19.edf,2700.0,2704.0,0.25,0.35,76,0.42906954748645326,ok,0,13,12,0.0
chb02,chb02_19.edf,2700.0,2704.0,0.25,0.35,77,0.9447730595988872,ok,0,6,4,0.0
chb02,chb02_19.edf,2700.0,2704.0,0.25,0.35,78,1.8281855767388948,ok,0,10,9,0.0
chb02,chb02_19.edf,2700.0,2704.0,0.25,0.35,79,0.15092040263009227,ok,0,7,6,0.0
chb02,chb02_19.edf,2700.0,2704.0,0.25,0.35,80,0.18508067986596996,ok,0,11,9,0.0
chb02,chb02_19.edf,2700.0,2704.0,0.25,0.35,81,1.311931266342682,ok,0,9,7,0.0
chb02,chb02_19.edf,2700.0,2704.0,0.25,0.7,62,1.0495810053457555,ok,0,9,8,0.0
chb02,chb02_19.edf,2700.0,2704.0,0.25,0.7,63,2.052354870881026,ok,0,9,8,0.0
chb02,chb02_19.edf,2700.0,2704.0,0.25,0.7,64,0.8188259878606116,ok,0,8,7,0.0
chb02,chb02_19.edf,2700.0,2704.0,0.25,0.7,65,0.7627194851552487,ok,0,13,12,0.0
chb02,chb02_19.edf,2700.0,2704.0,0.25,0.7,66,0.3455869941264749,ok,0,11,9,0.0
chb02,chb02_19.edf,2700.0,2704.0,0.25,0.7,67,0.7656970113661082,ok,0,10,9,0.0
chb02,chb02_19.edf,2700.0,2704.0,0.25,0.7,68,1.1172733957422576,ok,0,11,10,0.0
chb02,chb02_19.edf,2700.0,2704.0,0.25,0.7,69,1.293808283349204,ok,0,9,7,0.0
chb02,chb02_19.edf,2700.0,2704.0,0.25,0.7,70,0.2793983295119334,ok,0,9,8,0.0
chb02,chb02_19.edf,2700.0,2704.0,0.25,0.7,71,1.3372246807127977,ok,0,13,11,0.0
chb02,chb02_19.edf,2700.0,2704.0,0.25,0.7,72,1.2688962731484357,ok,0,8,6,0.0
chb02,chb02_19.edf,2700.0,2704.0,0.25,0.7,73,0.527554255089931,ok,0,8,7,0.0
chb02,chb02_19.edf,2700.0,2704.0,0.25,0.7,74,0.36251335373224286,ok,0,12,10,0.0
chb02,chb02_19.edf,2700.0,2704.0,0.25,0.7,75,0.3191220844546496,ok,0,11,10,0.0
chb02,chb02_19.edf,2700.0,2704.0,0.25,0.7,76,0.35666624498071736,ok,0,11,10,0.0
chb02,chb02_19.edf,2700.0,2704.0,0.25,0.7,77,0.9447730595988872,ok,0,6,4,0.0
chb02,chb02_19.edf,2700.0,2704.0,0.25,0.7,78,1.8281855767388948,ok,0,10,9,0.0
chb02,chb02_19.edf,2700.0,2704.0,0.25,0.7,79,0.23574520514587596,ok,0,7,6,0.0
chb02,chb02_19.edf,2700.0,2704.0,0.25,0.7,80,0.18508067986596996,ok,0,11,9,0.0
chb02,chb02_19.edf,2700.0,2704.0,0.25,0.7,81,1.311931266342682,ok,0,9,7,0.0
chb02,chb02_19.edf,2700.0,2704.0,0.5,0.0,62,0.5712931377579745,ok,0,12,11,0.0
chb02,chb02_19.edf,2700.0,2704.0,0.5,0.0,63,0.16726057798219393,ok,0,8,7,0.0
chb02,chb02_19.edf,2700.0,2704.0,0.5,0.0,64,0.19637001542360058,ok,0,9,8,0.0
chb02,chb02_19.edf,2700.0,2704.0,0.5,0.0,65,0.546024803519956,ok,0,10,8,0.0
chb02,chb02_19.edf,2700.0,2704.0,0.5,0.0,66,0.3428004452807938,ok,0,11,9,0.0
chb02,chb02_19.edf,2700.0,2704.0,0.5,0.0,67,0.9454773281444654,ok,0,7,6,0.0
chb02,chb02_19.edf,2700.0,2704.0,0.5,0.0,68,1.2291207868644798,ok,0,12,11,0.0
chb02,chb02_19.edf,2700.0,2704.0,0.5,0.0,69,1.1682562182790923,ok,0,9,7,0.0
chb02,chb02_19.edf,2700.0,2704.0,0.5,0.0,70,0.5111811702061327,ok,0,14,13,0.0
chb02,chb02_19.edf,2700.0,2704.0,0.5,0.0,71,1.8179982256514546,ok,0,11,9,0.0
chb02,chb02_19.edf,2700.0,2704.0,0.5,0.0,72,0.18642507739616473,ok,0,6,5,0.0
chb02,chb02_19.edf,2700.0,2704.0,0.5,0.0,73,0.6286253346157429,ok,0,10,9,0.0
chb02,chb02_19.edf,2700.0,2704.0,0.5,0.0,74,0.6476197533905482,ok,0,9,7,0.0
chb02,chb02_19.edf,2700.0,2704.0,0.5,0.0,75,0.9626906857352386,ok,0,12,10,0.0
chb02,chb02_19.edf,2700.0,2704.0,0.5,0.0,76,0.48840569686484475,ok,0,10,9,0.0
chb02,chb02_19.edf,2700.0,2704.0,0.5,0.0,77,1.4397992123948258,ok,0,10,9,0.0
chb02,chb02_19.edf,2700.0,2704.0,0.5,0.0,78,0.8783739115481473,ok,0,10,9,0.0
chb02,chb02_19.edf,2700.0,2704.0,0.5,0.0,79,0.6660998123404629,ok,0,8,7,0.0
chb02,chb02_19.edf,2700.0,2704.0,0.5,0.0,80,0.48943288169382493,ok,0,10,8,0.0
chb02,chb02_19.edf,2700.0,2704.0,0.5,0.0,81,1.3487816138931745,ok,0,10,9,0.0
chb02,chb02_19.edf,2700.0,2704.0,0.5,0.175,62,0.5712931377579745,ok,0,12,11,0.0
chb02,chb02_19.edf,2700.0,2704.0,0.5,0.175,63,0.16726057798219393,ok,0,8,7,0.0
chb02,chb02_19.edf,2700.0,2704.0,0.5,0.175,64,0.19637001542360058,ok,0,9,8,0.0
chb02,chb02_19.edf,2700.0,2704.0,0.5,0.175,65,0.5518250131061467,ok,0,10,8,0.0
chb02,chb02_19.edf,2700.0,2704.0,0.5,0.175,66,0.3428004452807938,ok,0,11,9,0.0
chb02,chb02_19.edf,2700.0,2704.0,0.5,0.175,67,0.9454773281444654,ok,0,7,6,0.0
chb02,chb02_19.edf,2700.0,2704.0,0.5,0.175,68,1.2291207868644798,ok,0,12,11,0.0
chb02,chb02_19.edf,2700.0,2704.0,0.5,0.175,69,1.1682562182790923,ok,0,9,7,0.0
chb02,chb02_19.edf,2700.0,2704.0,0.5,0.175,70,0.509154547108042,ok,0,14,13,0.0
chb02,chb02_19.edf,2700.0,2704.0,0.5,0.175,71,1.8179982256514546,ok,0,11,9,0.0
chb02,chb02_19.edf,2700.0,2704.0,0.5,0.175,72,0.18642507739616473,ok,0,6,5,0.0
chb02,chb02_19.edf,2700.0,2704.0,0.5,0.175,73,0.629247970348707,ok,0,11,10,0.0
chb02,chb02_19.edf,2700.0,2704.0,0.5,0.175,74,0.655280757217913,ok,0,10,8,0.0
chb02,chb02_19.edf,2700.0,2704.0,0.5,0.175,75,0.9626906857352386,ok,0,12,10,0.0
chb02,chb02_19.edf,2700.0,2704.0,0.5,0.175,76,0.3297550339148682,ok,0,11,10,0.0
chb02,chb02_19.edf,2700.0,2704.0,0.5,0.175,77,1.4397992123948258,ok,0,10,9,0.0
chb02,chb02_19.edf,2700.0,2704.0,0.5,0.175,78,0.8783739115481473,ok,0,10,9,0.0
chb02,chb02_19.edf,2700.0,2704.0,0.5,0.175,79,0.6660998123404629,ok,0,8,7,0.0
chb02,chb02_19.edf,2700.0,2704.0,0.5,0.175,80,0.48943288169382493,ok,0,10,8,0.0
chb02,chb02_19.edf,2700.0,2704.0,0.5,0.175,81,1.3090048744270146,ok,0,10,9,0.0
chb02,chb02_19.edf,2700.0,2704.0,0.5,0.35,62,0.5712931377579745,ok,0,12,11,0.0
chb02,chb02_19.edf,2700.0,2704.0,0.5,0.35,63,0.17400004735360625,ok,0,9,8,0.0
chb02,chb02_19.edf,2700.0,2704.0,0.5,0.35,64,0.19637001542360058,ok,0,9,8,0.0
chb02,chb02_19.edf,2700.0,2704.0,0.5,0.35,65,0.5518250131061467,ok,0,10,8,0.0
chb02,chb02_19.edf,2700.0,2704.0,0.5,0.35,66,0.3428004452807938,ok,0,11,9,0.0
chb02,chb02_19.edf,2700.0,2704.0,0.5,0.35,67,0.8377672197615914,ok,0,6,5,0.0
chb02,chb02_19.edf,2700.0,2704.0,0.5,0.35,68,1.2291207868644798,ok,0,12,11,0.0
chb02,chb02_19.edf,2700.0,2704.0,0.5,0.35,69,1.2636524125816837,ok,0,9,8,0.0
chb02,chb02_19.edf,2700.0,2704.0,0.5,0.35,70,0.509154547108042,ok,0,14,13,0.0
chb02,chb02_19.edf,2700.0,2704.0,0.5,0.35,71,1.8179982256514546,ok,0,11,9,0.0
chb02,chb02_19.edf,2700.0,2704.0,0.5,0.35,72,0.18642507739616473,ok,0,6,5,0.0
chb02,chb02_19.edf,2700.0,2704.0,0.5,0.35,73,0.5452212539282901,ok,0,10,9,0.0
chb02,chb02_19.edf,2700.0,2704.0,0.5,0.35,74,0.655280757217913,ok,0,10,8,0.0
chb02,chb02_19.edf,2700.0,2704.0,0.5,0.35,75,0.9626906857352386,ok,0,12,10,0.0
chb02,chb02_19.edf,2700.0,2704.0,0.5,0.35,76,0.30531938635746625,ok,0,12,11,0.0
chb02,chb02_19.edf,2700.0,2704.0,0.5,0.35,77,1.4397992123948258,ok,0,10,9,0.0
chb02,chb02_19.edf,2700.0,2704.0,0.5,0.35,78,0.9146830104283815,ok,0,10,9,0.0
chb02,chb02_19.edf,2700.0,2704.0,0.5,0.35,79,0.6660998123404629,ok,0,8,7,0.0
chb02,chb02_19.edf,2700.0,2704.0,0.5,0.35,80,0.48943288169382493,ok,0,10,8,0.0
chb02,chb02_19.edf,2700.0,2704.0,0.5,0.35,81,1.2832900944307037,ok,0,10,8,0.0
chb02,chb02_19.edf,2700.0,2704.0,0.5,0.7,62,0.5712931377579745,ok,0,12,11,0.0
chb02,chb02_19.edf,2700.0,2704.0,0.5,0.7,63,0.224749557408591,ok,0,9,8,0.0
chb02,chb02_19.edf,2700.0,2704.0,0.5,0.7,64,0.20669329259138636,ok,0,9,7,0.0
chb02,chb02_19.edf,2700.0,2704.0,0.5,0.7,65,0.5518250131061467,ok,0,10,8,0.0
chb02,chb02_19.edf,2700.0,2704.0,0.5,0.7,66,0.3428004452807938,ok,0,11,9,0.0
chb02,chb02_19.edf,2700.0,2704.0,0.5,0.7,67,0.8377672197615914,ok,0,6,5,0.0
chb02,chb02_19.edf,2700.0,2704.0,0.5,0.7,68,1.2384676466136615,ok,0,12,11,0.0
chb02,chb02_19.edf,2700.0,2704.0,0.5,0.7,69,1.391562812858941,ok,0,9,8,0.0
chb02,chb02_19.edf,2700.0,2704.0,0.5,0.7,70,0.509154547108042,ok,0,14,13,0.0
chb02,chb02_19.edf,2700.0,2704.0,0.5,0.7,71,1.5475911032956122,ok,0,12,10,0.0
chb02,chb02_19.edf,2700.0,2704.0,0.5,0.7,72,0.18642507739616473,ok,0,6,5,0.0
chb02,chb02_19.edf,2700.0,2704.0,0.5,0.7,73,0.5783279565671183,ok,0,10,9,0.0
chb02,chb02_19.edf,2700.0,2704.0,0.5,0.7,74,0.710203054427396,ok,0,11,9,0.0
chb02,chb02_19.edf,2700.0,2704.0,0.5,0.7,75,0.9605316794705087,ok,0,12,10,0.0
chb02,chb02_19.edf,2700.0,2704.0,0.5,0.7,76,0.40463865001873633,ok,0,11,10,0.0
chb02,chb02_19.edf,2700.0,2704.0,0.5,0.7,77,0.14113296980235743,ok,0,9,8,0.0
chb02,chb02_19.edf,2700.0,2704.0,0.5,0.7,78,0.5471143628533508,ok,0,11,9,0.0
chb02,chb02_19.edf,2700.0,2704.0,0.5,0.7,79,0.19232731454051805,ok,0,7,6,0.0
chb02,chb02_19.edf,2700.0,2704.0,0.5,0.7,80,0.48943288169382493,ok,0,10,8,0.0
chb02,chb02_19.edf,2700.0,2704.0,0.5,0.7,81,1.2832900944307037,ok,0,10,8,0.0
chb02,chb02_19.edf,2700.0,2704.0,1.0,0.0,62,0.7743914046997703,ok,0,11,10,0.0
chb02,chb02_19.edf,2700.0,2704.0,1.0,0.0,63,0.21488489744161204,ok,0,8,7,0.0
chb02,chb02_19.edf,2700.0,2704.0,1.0,0.0,64,0.17192047651837583,ok,0,10,9,0.0
chb02,chb02_19.edf,2700.0,2704.0,1.0,0.0,65,0.48620003231413916,ok,0,12,9,0.0
chb02,chb02_19.edf,2700.0,2704.0,1.0,0.0,66,1.3756822323974554,ok,0,13,11,0.0
chb02,chb02_19.edf,2700.0,2704.0,1.0,0.0,67,1.0067830609804835,ok,0,9,8,0.0
chb02,chb02_19.edf,2700.0,2704.0,1.0,0.0,68,1.5176810316646947,ok,0,13,11,0.0
chb02,chb02_19.edf,2700.0,2704.0,1.0,0.0,69,1.0610836315798138,ok,0,8,5,0.0
chb02,chb02_19.edf,2700.0,2704.0,1.0,0.0,70,0.981919803246944,ok,0,12,11,0.0
chb02,chb02_19.edf,2700.0,2704.0,1.0,0.0,71,1.7937447317653397,ok,0,10,8,0.0
chb02,chb02_19.edf,2700.0,2704.0,1.0,0.0,72,0.18642507739616473,ok,0,6,5,0.0
chb02,chb02_19.edf,2700.0,2704.0,1.0,0.0,73,0.5987516059102022,ok,0,9,8,0.0
chb02,chb02_19.edf,2700.0,2704.0,1.0,0.0,74,0.6443582292066723,ok,0,11,10,0.0
chb02,chb02_19.edf,2700.0,2704.0,1.0,0.0,75,1.65888681246551,ok,0,10,7,0.0
chb02,chb02_19.edf,2700.0,2704.0,1.0,0.0,76,0.22553402254439306,ok,0,12,11,0.0
chb02,chb02_19.edf,2700.0,2704.0,1.0,0.0,77,1.261454559020981,ok,0,10,9,0.0
chb02,chb02_19.edf,2700.0,2704.0,1.0,0.0,78,1.9856992051961986,ok,0,12,11,0.0
chb02,chb02_19.edf,2700.0,2704.0,1.0,0.0,79,0.1609368397508929,ok,0,7,6,0.0
chb02,chb02_19.edf,2700.0,2704.0,1.0,0.0,80,0.8375512923759941,ok,0,11,9,0.0
chb02,chb02_19.edf,2700.0,2704.0,1.0,0.0,81,1.3218647883394035,ok,0,10,8,0.0
chb02,chb02_19.edf,2700.0,2704.0,1.0,0.175,62,0.7743914046997703,ok,0,11,10,0.0
chb02,chb02_19.edf,2700.0,2704.0,1.0,0.175,63,0.21488489744161204,ok,0,8,7,0.0
chb02,chb02_19.edf,2700.0,2704.0,1.0,0.175,64,0.17192047651837583,ok,0,10,9,0.0
chb02,chb02_19.edf,2700.0,2704.0,1.0,0.175,65,0.48620003231413916,ok,0,12,9,0.0
chb02,chb02_19.edf,2700.0,2704.0,1.0,0.175,66,1.3756822323974554,ok,0,13,11,0.0
chb02,chb02_19.edf,2700.0,2704.0,1.0,0.175,67,1.0067830609804835,ok,0,9,8,0.0
chb02,chb02_19.edf,2700.0,2704.0,1.0,0.175,68,1.5176810316646947,ok,0,13,11,0.0
chb02,chb02_19.edf,2700.0,2704.0,1.0,0.175,69,1.0610836315798138,ok,0,8,5,0.0
chb02,chb02_19.edf,2700.0,2704.0,1.0,0.175,70,0.981919803246944,ok,0,12,11,0.0
chb02,chb02_19.edf,2700.0,2704.0,1.0,0.175,71,1.7937447317653397,ok,0,10,8,0.0
chb02,chb02_19.edf,2700.0,2704.0,1.0,0.175,72,0.18642507739616473,ok,0,6,5,0.0
chb02,chb02_19.edf,2700.0,2704.0,1.0,0.175,73,0.5987516059102022,ok,0,9,8,0.0
chb02,chb02_19.edf,2700.0,2704.0,1.0,0.175,74,0.6443582292066723,ok,0,11,10,0.0
chb02,chb02_19.edf,2700.0,2704.0,1.0,0.175,75,1.590513747280279,ok,0,9,7,0.0
chb02,chb02_19.edf,2700.0,2704.0,1.0,0.175,76,0.22553402254439306,ok,0,12,11,0.0
chb02,chb02_19.edf,2700.0,2704.0,1.0,0.175,77,1.261454559020981,ok,0,10,9,0.0
chb02,chb02_19.edf,2700.0,2704.0,1.0,0.175,78,1.9856992051961986,ok,0,12,11,0.0
chb02,chb02_19.edf,2700.0,2704.0,1.0,0.175,79,0.1609368397508929,ok,0,7,6,0.0
chb02,chb02_19.edf,2700.0,2704.0,1.0,0.175,80,0.9244954663863411,ok,0,10,8,0.0
chb02,chb02_19.edf,2700.0,2704.0,1.0,0.175,81,1.3218647883394035,ok,0,10,8,0.0
chb02,chb02_19.edf,2700.0,2704.0,1.0,0.35,62,0.7718735348950996,ok,0,11,10,0.0
chb02,chb02_19.edf,2700.0,2704.0,1.0,0.35,63,0.21488489744161204,ok,0,8,7,0.0
chb02,chb02_19.edf,2700.0,2704.0,1.0,0.35,64,0.19787703507497612,ok,0,10,9,0.0
chb02,chb02_19.edf,2700.0,2704.0,1.0,0.35,65,0.49292157435773215,ok,0,12,10,0.0
chb02,chb02_19.edf,2700.0,2704.0,1.0,0.35,66,1.3756822323974554,ok,0,13,11,0.0
chb02,chb02_19.edf,2700.0,2704.0,1.0,0.35,67,1.0067830609804835,ok,0,9,8,0.0
chb02,chb02_19.edf,2700.0,2704.0,1.0,0.35,68,1.5176810316646947,ok,0,13,11,0.0
chb02,chb02_19.edf,2700.0,2704.0,1.0,0.35,69,1.0610836315798138,ok,0,8,5,0.0
chb02,chb02_19.edf,2700.0,2704.0,1.0,0.35,70,0.981919803246944,ok,0,12,11,0.0
chb02,chb02_19.edf,2700.0,2704.0,1.0,0.35,71,1.7937447317653397,ok,0,10,8,0.0
chb02,chb02_19.edf,2700.0,2704.0,1.0,0.35,72,0.18642507739616473,ok,0,6,5,0.0
chb02,chb02_19.edf,2700.0,2704.0,1.0,0.35,73,0.5987516059102022,ok,0,9,8,0.0
chb02,chb02_19.edf,2700.0,2704.0,1.0,0.35,74,0.6440110737677656,ok,0,11,10,0.0
chb02,chb02_19.edf,2700.0,2704.0,1.0,0.35,75,1.590513747280279,ok,0,9,7,0.0
chb02,chb02_19.edf,2700.0,2704.0,1.0,0.35,76,0.22553402254439306,ok,0,12,11,0.0
chb02,chb02_19.edf,2700.0,2704.0,1.0,0.35,77,1.261454559020981,ok,0,10,9,0.0
chb02,chb02_19.edf,2700.0,2704.0,1.0,0.35,78,1.9866776844579666,ok,0,12,11,0.0
chb02,chb02_19.edf,2700.0,2704.0,1.0,0.35,79,0.1609368397508929,ok,0,7,6,0.0
chb02,chb02_19.edf,2700.0,2704.0,1.0,0.35,80,0.9244954663863411,ok,0,10,8,0.0
chb02,chb02_19.edf,2700.0,2704.0,1.0,0.35,81,1.3027634371434536,ok,0,10,9,0.0
chb02,chb02_19.edf,2700.0,2704.0,1.0,0.7,62,0.7718735348950996,ok,0,11,10,0.0
chb02,chb02_19.edf,2700.0,2704.0,1.0,0.7,63,0.2362164560299989,ok,0,9,8,0.0
chb02,chb02_19.edf,2700.0,2704.0,1.0,0.7,64,0.16760421096654798,ok,0,10,9,0.0
chb02,chb02_19.edf,2700.0,2704.0,1.0,0.7,65,0.49292157435773215,ok,0,12,10,0.0
chb02,chb02_19.edf,2700.0,2704.0,1.0,0.7,66,1.3756822323974554,ok,0,13,11,0.0
chb02,chb02_19.edf,2700.0,2704.0,1.0,0.7,67,1.0067830609804835,ok,0,9,8,0.0
chb02,chb02_19.edf,2700.0,2704.0,1.0,0.7,68,1.4912089150286119,ok,0,12,10,0.0
chb02,chb02_19.edf,2700.0,2704.0,1.0,0.7,69,1.1779667165515684,ok,0,9,6,0.0
chb02,chb02_19.edf,2700.0,2704.0,1.0,0.7,70,0.981919803246944,ok,0,12,11,0.0
chb02,chb02_19.edf,2700.0,2704.0,1.0,0.7,71,1.7937447317653397,ok,0,10,8,0.0
chb02,chb02_19.edf,2700.0,2704.0,1.0,0.7,72,0.18642507739616473,ok,0,6,5,0.0
chb02,chb02_19.edf,2700.0,2704.0,1.0,0.7,73,0.5987516059102022,ok,0,9,8,0.0
chb02,chb02_19.edf,2700.0,2704.0,1.0,0.7,74,0.6149262659445837,ok,0,13,11,0.0
chb02,chb02_19.edf,2700.0,2704.0,1.0,0.7,75,1.6506626800203403,ok,0,9,7,0.0
chb02,chb02_19.edf,2700.0,2704.0,1.0,0.7,76,0.22553402254439306,ok,0,12,11,0.0
chb02,chb02_19.edf,2700.0,2704.0,1.0,0.7,77,1.261454559020981,ok,0,10,9,0.0
chb02,chb02_19.edf,2700.0,2704.0,1.0,0.7,78,2.0534875057212214,ok,0,13,12,0.0
chb02,chb02_19.edf,2700.0,2704.0,1.0,0.7,79,0.1609368397508929,ok,0,7,6,0.0
chb02,chb02_19.edf,2700.0,2704.0,1.0,0.7,80,0.7001723173641382,ok,0,11,9,0.0
chb02,chb02_19.edf,2700.0,2704.0,1.0,0.7,81,1.3027634371434536,ok,0,10,9,0.0
chb03,chb03_01.edf,904.0,908.0,0.25,0.0,62,0.6171842911523988,ok,0,10,9,0.0
chb03,chb03_01.edf,904.0,908.0,0.25,0.0,63,2.043747370146671,ok,0,9,8,0.0
chb03,chb03_01.edf,904.0,908.0,0.25,0.0,64,0.8756532617719204,ok,0,9,8,0.0
chb03,chb03_01.edf,904.0,908.0,0.25,0.0,65,0.9667718123938864,ok,0,11,10,0.0
chb03,chb03_01.edf,904.0,908.0,0.25,0.0,66,0.3631787913269073,ok,0,11,9,0.0
chb03,chb03_01.edf,904.0,908.0,0.25,0.0,67,0.8092054221906116,ok,0,11,9,0.0
chb03,chb03_01.edf,904.0,908.0,0.25,0.0,68,0.9681035064574081,ok,0,9,8,0.0
chb03,chb03_01.edf,904.0,908.0,0.25,0.0,69,1.241548694349417,ok,0,10,8,0.0
chb03,chb03_01.edf,904.0,908.0,0.25,0.0,70,0.2793983295119334,ok,0,9,8,0.0
chb03,chb03_01.edf,904.0,908.0,0.25,0.0,71,1.5904417843670142,ok,0,12,11,0.0
chb03,chb03_01.edf,904.0,908.0,0.25,0.0,72,0.9990557900479503,ok,0,11,9,0.0
chb03,chb03_01.edf,904.0,908.0,0.25,0.0,73,0.4814093715175572,ok,0,8,7,0.0
chb03,chb03_01.edf,904.0,908.0,0.25,0.0,74,0.6162790697674418,ok,0,11,8,0.0
chb03,chb03_01.edf,904.0,908.0,0.25,0.0,75,0.35394981220923855,ok,0,12,11,0.0
chb03,chb03_01.edf,904.0,908.0,0.25,0.0,76,0.3909772130214703,ok,0,12,11,0.0
chb03,chb03_01.edf,904.0,908.0,0.25,0.0,77,0.9447730595988872,ok,0,6,4,0.0
chb03,chb03_01.edf,904.0,908.0,0.25,0.0,78,1.3483863463099397,ok,0,11,10,0.0
chb03,chb03_01.edf,904.0,908.0,0.25,0.0,79,0.1609368397508929,ok,0,7,6,0.0
chb03,chb03_01.edf,904.0,908.0,0.25,0.0,80,0.1797136108456547,ok,0,12,10,0.0
chb03,chb03_01.edf,904.0,908.0,0.25,0.0,81,1.4033891062507988,ok,0,10,7,0.0
chb03,chb03_01.edf,904.0,908.0,0.25,0.175,62,0.7999428965740487,ok,0,8,7,0.0
chb03,chb03_01.edf,904.0,908.0,0.25,0.175,63,1.868279380456165,ok,0,10,8,0.0
chb03,chb03_01.edf,904.0,908.0,0.25,0.175,64,0.8239878521599199,ok,0,9,8,0.0
chb03,chb03_01.edf,904.0,908.0,0.25,0.175,65,0.8155041292701585,ok,0,11,10,0.0
chb03,chb03_01.edf,904.0,908.0,0.25,0.175,66,0.3428004452807938,ok,0,11,9,0.0
chb03,chb03_01.edf,904.0,908.0,0.25,0.175,67,0.5215118469112582,ok,0,12,11,0.0
chb03,chb03_01.edf,904.0,908.0,0.25,0.175,68,1.1990008787338429,ok,0,9,8,0.0
chb03,chb03_01.edf,904.0,908.0,0.25,0.175,69,1.2268375366388578,ok,0,10,8,0.0
chb03,chb03_01.edf,904.0,908.0,0.25,0.175,70,0.4380318473144032,ok,0,10,9,0.0
chb03,chb03_01.edf,904.0,908.0,0.25,0.175,71,1.5450415179488939,ok,0,12,10,0.0
chb03,chb03_01.edf,904.0,908.0,0.25,0.175,72,1.0634936636379835,ok,0,9,7,0.0
chb03,chb03_01.edf,904.0,908.0,0.25,0.175,73,0.4407839464942578,ok,0,7,6,0.0
chb03,chb03_01.edf,904.0,908.0,0.25,0.175,74,0.380292115384024,ok,0,12,9,0.0
chb03,chb03_01.edf,904.0,908.0,0.25,0.175,75,0.5603460610342016,ok,0,10,9,0.0
chb03,chb03_01.edf,904.0,908.0,0.25,0.175,76,0.37706220236545873,ok,0,12,11,0.0
chb03,chb03_01.edf,904.0,908.0,0.25,0.175,77,0.8082721727422603,ok,0,5,3,0.0
chb03,chb03_01.edf,904.0,908.0,0.25,0.175,78,1.2344227243529233,ok,0,11,10,0.0
chb03,chb03_01.edf,904.0,908.0,0.25,0.175,79,1.7126685964587558,ok,0,9,8,0.0
chb03,chb03_01.edf,904.0,908.0,0.25,0.175,80,0.21406832300309636,ok,0,11,8,0.0
chb03,chb03_01.edf,904.0,908.0,0.25,0.175,81,1.2949933784547107,ok,0,11,10,0.0
chb03,chb03_01.edf,904.0,908.0,0.25,0.35,62,0.5052456021480066,ok,0,10,9,0.0
chb03,chb03_01.edf,904.0,908.0,0.25,0.35,63,1.6809125321811582,ok,0,11,10,0.0
chb03,chb03_01.edf,904.0,908.0,0.25,0.35,64,0.8982356160883153,ok,0,12,11,0.0
chb03,chb03_01.edf,904.0,908.0,0.25,0.35,65,0.6879401273416621,ok,0,10,9,0.0
chb03,chb03_01.edf,904.0,908.0,0.25,0.35,66,0.3455869941264749,ok,0,11,9,0.0
chb03,chb03_01.edf,904.0,908.0,0.25,0.35,67,1.0174052122468478,ok,0,11,10,0.0
chb03,chb03_01.edf,904.0,908.0,0.25,0.35,68,1.1990008787338429,ok,0,9,8,0.0
chb03,chb03_01.edf,904.0,908.0,0.25,0.35,69,1.236435150242278,ok,0,10,8,0.0
chb03,chb03_01.edf,904.0,908.0,0.25,0.35,70,0.2646093503057476,ok,0,12,10,0.0
chb03,chb03_01.edf,904.0,908.0,0.25,0.35,71,1.5450415179488939,ok,0,12,10,0.0
chb03,chb03_01.edf,904.0,908.0,0.25,0.35,72,1.0634936636379835,ok,0,9,7,0.0
chb03,chb03_01.edf,904.0,908.0,0.25,0.35,73,0.5678172112973985,ok,0,6,5,0.0
chb03,chb03_01.edf,904.0,908.0,0.25,0.35,74,0.17810275501572687,ok,0,9,7,0.0
chb03,chb03_01.edf,904.0,908.0,0.25,0.35,75,0.5848889861653522,ok,0,11,10,0.0
chb03,chb03_01.edf,904.0,908.0,0.25,0.35,76,0.4427515200978054,ok,0,13,12,0.0
chb03,chb03_01.edf,904.0,908.0,0.25,0.35,77,0.8082721727422603,ok,0,5,3,0.0
chb03,chb03_01.edf,904.0,908.0,0.25,0.35,78,1.171446373957666,ok,0,10,9,0.0
chb03,chb03_01.edf,904.0,908.0,0.25,0.35,79,1.7126685964587558,ok,0,9,8,0.0
chb03,chb03_01.edf,904.0,908.0,0.25,0.35,80,0.20805602846257226,ok,0,12,9,0.0
chb03,chb03_01.edf,904.0,908.0,0.25,0.35,81,1.2117432547783977,ok,0,10,9,0.0
chb03,chb03_01.edf,904.0,908.0,0.25,0.7,62,0.5052456021480066,ok,0,10,9,0.0
chb03,chb03_01.edf,904.0,908.0,0.25,0.7,63,1.5368050427482285,ok,0,11,10,0.0
chb03,chb03_01.edf,904.0,908.0,0.25,0.7,64,0.8129257043031856,ok,0,9,8,0.0
chb03,chb03_01.edf,904.0,908.0,0.25,0.7,65,0.6462903818887836,ok,0,9,8,0.0
chb03,chb03_01.edf,904.0,908.0,0.25,0.7,66,0.5920813231315348,ok,0,10,8,0.0
chb03,chb03_01.edf,904.0,908.0,0.25,0.7,67,0.7622950727839145,ok,0,6,5,0.0
chb03,chb03_01.edf,904.0,908.0,0.25,0.7,68,1.291445812137968,ok,0,8,7,0.0
chb03,chb03_01.edf,904.0,908.0,0.25,0.7,69,1.1421674173801795,ok,0,10,7,0.0
chb03,chb03_01.edf,904.0,908.0,0.25,0.7,70,0.2646093503057476,ok,0,12,10,0.0
chb03,chb03_01.edf,904.0,908.0,0.25,0.7,71,1.760445086152463,ok,0,11,9,0.0
chb03,chb03_01.edf,904.0,908.0,0.25,0.7,72,1.2104152903003982,ok,0,8,7,0.0
chb03,chb03_01.edf,904.0,908.0,0.25,0.7,73,0.45433820175841005,ok,0,5,4,0.0
chb03,chb03_01.edf,904.0,908.0,0.25,0.7,74,0.6807372999440288,ok,0,12,11,0.0
chb03,chb03_01.edf,904.0,908.0,0.25,0.7,75,0.5914724427341276,ok,0,10,9,0.0
chb03,chb03_01.edf,904.0,908.0,0.25,0.7,76,0.7924980463036855,ok,0,10,9,0.0
chb03,chb03_01.edf,904.0,908.0,0.25,0.7,77,0.20140854735689476,ok,0,7,6,0.0
chb03,chb03_01.edf,904.0,908.0,0.25,0.7,78,1.063202258903225,ok,0,8,7,0.0
chb03,chb03_01.edf,904.0,908.0,0.25,0.7,79,0.9240665572990079,ok,0,12,8,0.0
chb03,chb03_01.edf,904.0,908.0,0.25,0.7,80,0.20805602846257226,ok,0,12,9,0.0
chb03,chb03_01.edf,904.0,908.0,0.25,0.7,81,1.4180046249374043,ok,0,11,10,0.0
chb03,chb03_01.edf,904.0,908.0,0.5,0.0,62,0.5712931377579745,ok,0,12,11,0.0
chb03,chb03_01.edf,904.0,908.0,0.5,0.0,63,0.16726057798219393,ok,0,8,7,0.0
chb03,chb03_01.edf,904.0,908.0,0.5,0.0,64,0.19637001542360058,ok,0,9,8,0.0
chb03,chb03_01.edf,904.0,908.0,0.5,0.0,65,0.546024803519956,ok,0,10,8,0.0
chb03,chb03_01.edf,904.0,908.0,0.5,0.0,66,0.3428004452807938,ok,0,11,9,0.0
chb03,chb03_01.edf,904.0,908.0,0.5,0.0,67,0.9454773281444654,ok,0,7,6,0.0
chb03,chb03_01.edf,904.0,908.0,0.5,0.0,68,1.2291207868644798,ok,0,12,11,0.0
chb03,chb03_01.edf,904.0,908.0,0.5,0.0,69,1.1682562182790923,ok,0,9,7,0.0
chb03,chb03_01.edf,904.0,908.0,0.5,0.0,70,0.5111811702061327,ok,0,14,13,0.0
chb03,chb03_01.edf,904.0,908.0,0.5,0.0,71,1.8179982256514546,ok,0,11,9,0.0
chb03,chb03_01.edf,904.0,908.0,0.5,0.0,72,0.18642507739616473,ok,0,6,5,0.0
chb03,chb03_01.edf,904.0,908.0,0.5,0.0,73,0.6286253346157429,ok,0,10,9,0.0
chb03,chb03_01.edf,904.0,908.0,0.5,0.0,74,0.6476197533905482,ok,0,9,7,0.0
chb03,chb03_01.edf,904.0,908.0,0.5,0.0,75,0.9626906857352386,ok,0,12,10,0.0
chb03,chb03_01.edf,904.0,908.0,0.5,0.0,76,0.48840569686484475,ok,0,10,9,0.0
chb03,chb03_01.edf,904.0,908.0,0.5,0.0,77,1.4397992123948258,ok,0,10,9,0.0
chb03,chb03_01.edf,904.0,908.0,0.5,0.0,78,0.8783739115481473,ok,0,10,9,0.0
chb03,chb03_01.edf,904.0,908.0,0.5,0.0,79,0.6660998123404629,ok,0,8,7,0.0
chb03,chb03_01.edf,904.0,908.0,0.5,0.0,80,0.48943288169382493,ok,0,10,8,0.0
chb03,chb03_01.edf,904.0,908.0,0.5,0.0,81,1.3487816138931745,ok,0,10,9,0.0
chb03,chb03_01.edf,904.0,908.0,0.5,0.175,62,0.5712931377579745,ok,0,12,11,0.0
chb03,chb03_01.edf,904.0,908.0,0.5,0.175,63,2.0983620666686034,ok,0,10,9,0.0
chb03,chb03_01.edf,904.0,908.0,0.5,0.175,64,0.20669329259138636,ok,0,9,7,0.0
chb03,chb03_01.edf,904.0,908.0,0.5,0.175,65,1.4958914467743087,ok,0,10,8,0.0
chb03,chb03_01.edf,904.0,908.0,0.5,0.175,66,0.3428004452807938,ok,0,11,9,0.0
chb03,chb03_01.edf,904.0,908.0,0.5,0.175,67,0.9454773281444654,ok,0,7,6,0.0
chb03,chb03_01.edf,904.0,908.0,0.5,0.175,68,1.2355240639595184,ok,0,11,10,0.0
chb03,chb03_01.edf,904.0,908.0,0.5,0.175,69,1.1682562182790923,ok,0,9,7,0.0
chb03,chb03_01.edf,904.0,908.0,0.5,0.175,70,0.509154547108042,ok,0,14,13,0.0
chb03,chb03_01.edf,904.0,908.0,0.5,0.175,71,1.8179982256514546,ok,0,11,9,0.0
chb03,chb03_01.edf,904.0,908.0,0.5,0.175,72,0.18642507739616473,ok,0,6,5,0.0
chb03,chb03_01.edf,904.0,908.0,0.5,0.175,73,0.6582491133988347,ok,0,11,10,0.0
chb03,chb03_01.edf,904.0,908.0,0.5,0.175,74,0.6982363301432898,ok,0,11,9,0.0
chb03,chb03_01.edf,904.0,908.0,0.5,0.175,75,1.0130965411336024,ok,0,11,9,0.0
chb03,chb03_01.edf,904.0,908.0,0.5,0.175,76,0.07082861906842924,ok,0,9,7,0.0
chb03,chb03_01.edf,904.0,908.0,0.5,0.175,77,0.3721999210024198,ok,0,9,7,0.0
chb03,chb03_01.edf,904.0,908.0,0.5,0.175,78,0.5488517291551781,ok,0,11,10,0.0
chb03,chb03_01.edf,904.0,908.0,0.5,0.175,79,0.1568870781527907,ok,0,8,5,0.0
chb03,chb03_01.edf,904.0,908.0,0.5,0.175,80,0.5498073528135942,ok,0,10,8,0.0
chb03,chb03_01.edf,904.0,908.0,0.5,0.175,81,1.3529940374376748,ok,0,9,8,0.0
chb03,chb03_01.edf,904.0,908.0,0.5,0.35,62,0.5712931377579745,ok,0,12,11,0.0
chb03,chb03_01.edf,904.0,908.0,0.5,0.35,63,1.5958061435885307,ok,0,11,9,0.0
chb03,chb03_01.edf,904.0,908.0,0.5,0.35,64,0.8100258443482595,ok,0,9,7,0.0
chb03,chb03_01.edf,904.0,908.0,0.5,0.35,65,0.9984154721741337,ok,0,13,11,0.0
chb03,chb03_01.edf,904.0,908.0,0.5,0.35,66,0.34938582013107533,ok,0,10,8,0.0
chb03,chb03_01.edf,904.0,908.0,0.5,0.35,67,0.7622950727839145,ok,0,6,5,0.0
chb03,chb03_01.edf,904.0,908.0,0.5,0.35,68,1.1349088278155623,ok,0,12,11,0.0
chb03,chb03_01.edf,904.0,908.0,0.5,0.35,69,1.228736289534093,ok,0,10,8,0.0
chb03,chb03_01.edf,904.0,908.0,0.5,0.35,70,0.4986726691485846,ok,0,14,13,0.0
chb03,chb03_01.edf,904.0,908.0,0.5,0.35,71,1.7937447317653397,ok,0,10,8,0.0
chb03,chb03_01.edf,904.0,908.0,0.5,0.35,72,0.18642507739616473,ok,0,6,5,0.0
chb03,chb03_01.edf,904.0,908.0,0.5,0.35,73,0.6582491133988347,ok,0,11,10,0.0
chb03,chb03_01.edf,904.0,908.0,0.5,0.35,74,0.3408083038784795,ok,0,13,10,0.0
chb03,chb03_01.edf,904.0,908.0,0.5,0.35,75,0.919664566297585,ok,0,10,8,0.0
chb03,chb03_01.edf,904.0,908.0,0.5,0.35,76,1.051399777863526,ok,0,11,9,0.0
chb03,chb03_01.edf,904.0,908.0,0.5,0.35,77,1.1849400771652654,ok,0,9,7,0.0
chb03,chb03_01.edf,904.0,908.0,0.5,0.35,78,0.5765847100783809,ok,0,10,9,0.0
chb03,chb03_01.edf,904.0,908.0,0.5,0.35,79,1.6487699165309757,ok,0,9,6,0.0
chb03,chb03_01.edf,904.0,908.0,0.5,0.35,80,0.6585942838994101,ok,0,12,10,0.0
chb03,chb03_01.edf,904.0,908.0,0.5,0.35,81,1.2949933784547107,ok,0,11,10,0.0
chb03,chb03_01.edf,904.0,908.0,0.5,0.7,62,0.5098577151818459,ok,0,13,10,0.0
chb03,chb03_01.edf,904.0,908.0,0.5,0.7,63,1.6945823707156578,ok,0,13,12,0.0
chb03,chb03_01.edf,904.0,908.0,0.5,0.7,64,0.6802452234406654,ok,0,9,8,0.0
chb03,chb03_01.edf,904.0,908.0,0.5,0.7,65,0.7627194851552487,ok,0,13,12,0.0
chb03,chb03_01.edf,904.0,908.0,0.5,0.7,66,0.537255661138548,ok,0,7,6,0.0
chb03,chb03_01.edf,904.0,908.0,0.5,0.7,67,0.7192697205981562,ok,0,5,4,0.0
chb03,chb03_01.edf,904.0,908.0,0.5,0.7,68,1.1330418594204,ok,0,10,9,0.0
chb03,chb03_01.edf,904.0,908.0,0.5,0.7,69,1.228736289534093,ok,0,10,8,0.0
chb03,chb03_01.edf,904.0,908.0,0.5,0.7,70,0.495837630433787,ok,0,14,13,0.0
chb03,chb03_01.edf,904.0,908.0,0.5,0.7,71,1.7937447317653397,ok,0,10,8,0.0
chb03,chb03_01.edf,904.0,908.0,0.5,0.7,72,0.18642507739616473,ok,0,6,5,0.0
chb03,chb03_01.edf,904.0,908.0,0.5,0.7,73,0.6349633829117431,ok,0,10,9,0.0
chb03,chb03_01.edf,904.0,908.0,0.5,0.7,74,0.38242370173962115,ok,0,12,9,0.0
chb03,chb03_01.edf,904.0,908.0,0.5,0.7,75,0.960321617701584,ok,0,9,8,0.0
chb03,chb03_01.edf,904.0,908.0,0.5,0.7,76,1.1642919749522953,ok,0,11,9,0.0
chb03,chb03_01.edf,904.0,908.0,0.5,0.7,77,1.099968141178635,ok,0,8,6,0.0
chb03,chb03_01.edf,904.0,908.0,0.5,0.7,78,1.5393038209137868,ok,0,9,8,0.0
chb03,chb03_01.edf,904.0,908.0,0.5,0.7,79,0.9072130774216501,ok,0,12,8,0.0
chb03,chb03_01.edf,904.0,908.0,0.5,0.7,80,0.5251421080473065,ok,0,9,7,0.0
chb03,chb03_01.edf,904.0,908.0,0.5,0.7,81,1.0766520088482425,ok,0,9,8,0.0
chb03,chb03_01.edf,904.0,908.0,1.0,0.0,62,0.7743914046997703,ok,0,11,10,0.0
chb03,chb03_01.edf,904.0,908.0,1.0,0.0,63,0.21488489744161204,ok,0,8,7,0.0
chb03,chb03_01.edf,904.0,908.0,1.0,0.0,64,0.17192047651837583,ok,0,10,9,0.0
chb03,chb03_01.edf,904.0,908.0,1.0,0.0,65,0.48620003231413916,ok,0,12,9,0.0
chb03,chb03_01.edf,904.0,908.0,1.0,0.0,66,1.3756822323974554,ok,0,13,11,0.0
chb03,chb03_01.edf,904.0,908.0,1.0,0.0,67,1.0067830609804835,ok,0,9,8,0.0
chb03,chb03_01.edf,904.0,908.0,1.0,0.0,68,1.5176810316646947,ok,0,13,11,0.0
chb03,chb03_01.edf,904.0,908.0,1.0,0.0,69,1.0610836315798138,ok,0,8,5,0.0
chb03,chb03_01.edf,904.0,908.0,1.0,0.0,70,0.981919803246944,ok,0,12,11,0.0
chb03,chb03_01.edf,904.0,908.0,1.0,0.0,71,1.7937447317653397,ok,0,10,8,0.0
chb03,chb03_01.edf,904.0,908.0,1.0,0.0,72,0.18642507739616473,ok,0,6,5,0.0
chb03,chb03_01.edf,904.0,908.0,1.0,0.0,73,0.5987516059102022,ok,0,9,8,0.0
chb03,chb03_01.edf,904.0,908.0,1.0,0.0,74,0.6443582292066723,ok,0,11,10,0.0
chb03,chb03_01.edf,904.0,908.0,1.0,0.0,75,1.65888681246551,ok,0,10,7,0.0
chb03,chb03_01.edf,904.0,908.0,1.0,0.0,76,0.22553402254439306,ok,0,12,11,0.0
chb03,chb03_01.edf,904.0,908.0,1.0,0.0,77,1.261454559020981,ok,0,10,9,0.0
chb03,chb03_01.edf,904.0,908.0,1.0,0.0,78,1.9856992051961986,ok,0,12,11,0.0
chb03,chb03_01.edf,904.0,908.0,1.0,0.0,79,0.1609368397508929,ok,0,7,6,0.0
chb03,chb03_01.edf,904.0,908.0,1.0,0.0,80,0.8375512923759941,ok,0,11,9,0.0
chb03,chb03_01.edf,904.0,908.0,1.0,0.0,81,1.3218647883394035,ok,0,10,8,0.0
chb03,chb03_01.edf,904.0,908.0,1.0,0.175,62,0.7718735348950996,ok,0,11,10,0.0
chb03,chb03_01.edf,904.0,908.0,1.0,0.175,63,0.18767094461769607,ok,0,7,6,0.0
chb03,chb03_01.edf,904.0,908.0,1.0,0.175,64,0.31944672308821837,ok,0,9,8,0.0
chb03,chb03_01.edf,904.0,908.0,1.0,0.175,65,0.48620003231413916,ok,0,12,9,0.0
chb03,chb03_01.edf,904.0,908.0,1.0,0.175,66,1.3756822323974554,ok,0,13,11,0.0
chb03,chb03_01.edf,904.0,908.0,1.0,0.175,67,1.0067830609804835,ok,0,9,8,0.0
chb03,chb03_01.edf,904.0,908.0,1.0,0.175,68,1.4418920725483448,ok,0,13,11,0.0
chb03,chb03_01.edf,904.0,908.0,1.0,0.175,69,1.0610836315798138,ok,0,8,5,0.0
chb03,chb03_01.edf,904.0,908.0,1.0,0.175,70,0.981919803246944,ok,0,12,11,0.0
chb03,chb03_01.edf,904.0,908.0,1.0,0.175,71,1.7937447317653397,ok,0,10,8,0.0
chb03,chb03_01.edf,904.0,908.0,1.0,0.175,72,0.18642507739616473,ok,0,6,5,0.0
chb03,chb03_01.edf,904.0,908.0,1.0,0.175,73,0.633210528326421,ok,0,10,9,0.0
chb03,chb03_01.edf,904.0,908.0,1.0,0.175,74,0.6459406006850896,ok,0,11,10,0.0
chb03,chb03_01.edf,904.0,908.0,1.0,0.175,75,1.5723762842569506,ok,0,9,7,0.0
chb03,chb03_01.edf,904.0,908.0,1.0,0.175,76,0.22553402254439306,ok,0,12,11,0.0
chb03,chb03_01.edf,904.0,908.0,1.0,0.175,77,1.1993834364071327,ok,0,9,8,0.0
chb03,chb03_01.edf,904.0,908.0,1.0,0.175,78,1.9856992051961986,ok,0,12,11,0.0
chb03,chb03_01.edf,904.0,908.0,1.0,0.175,79,0.1609368397508929,ok,0,7,6,0.0
chb03,chb03_01.edf,904.0,908.0,1.0,0.175,80,0.649919166890902,ok,0,12,10,0.0
chb03,chb03_01.edf,904.0,908.0,1.0,0.175,81,1.3182729367518442,ok,0,10,8,0.0
chb03,chb03_01.edf,904.0,908.0,1.0,0.35,62,0.7718735348950996,ok,0,11,10,0.0
chb03,chb03_01.edf,904.0,908.0,1.0,0.35,63,2.0983620666686034,ok,0,10,9,0.0
chb03,chb03_01.edf,904.0,908.0,1.0,0.35,64,0.32340609100535583,ok,0,9,8,0.0
chb03,chb03_01.edf,904.0,908.0,1.0,0.35,65,0.49292157435773215,ok,0,12,10,0.0
chb03,chb03_01.edf,904.0,908.0,1.0,0.35,66,1.3756822323974554,ok,0,13,11,0.0
chb03,chb03_01.edf,904.0,908.0,1.0,0.35,67,1.0067830609804835,ok,0,9,8,0.0
chb03,chb03_01.edf,904.0,908.0,1.0,0.35,68,1.4458909804244326,ok,0,13,11,0.0
chb03,chb03_01.edf,904.0,908.0,1.0,0.35,69,1.062607072954729,ok,0,9,6,0.0
chb03,chb03_01.edf,904.0,908.0,1.0,0.35,70,0.981919803246944,ok,0,12,11,0.0
chb03,chb03_01.edf,904.0,908.0,1.0,0.35,71,1.7937447317653397,ok,0,10,8,0.0
chb03,chb03_01.edf,904.0,908.0,1.0,0.35,72,0.18642507739616473,ok,0,6,5,0.0
chb03,chb03_01.edf,904.0,908.0,1.0,0.35,73,0.696752384666952,ok,0,11,10,0.0
chb03,chb03_01.edf,904.0,908.0,1.0,0.35,74,0.6045015994524977,ok,0,11,9,0.0
chb03,chb03_01.edf,904.0,908.0,1.0,0.35,75,1.577872887193188,ok,0,10,8,0.0
chb03,chb03_01.edf,904.0,908.0,1.0,0.35,76,0.48840569686484475,ok,0,10,9,0.0
chb03,chb03_01.edf,904.0,908.0,1.0,0.35,77,1.1993834364071327,ok,0,9,8,0.0
chb03,chb03_01.edf,904.0,908.0,1.0,0.35,78,1.9856992051961986,ok,0,12,11,0.0
chb03,chb03_01.edf,904.0,908.0,1.0,0.35,79,0.1609368397508929,ok,0,7,6,0.0
chb03,chb03_01.edf,904.0,908.0,1.0,0.35,80,0.649919166890902,ok,0,12,10,0.0
chb03,chb03_01.edf,904.0,908.0,1.0,0.35,81,1.3027634371434536,ok,0,10,9,0.0
chb03,chb03_01.edf,904.0,908.0,1.0,0.7,62,0.7718735348950996,ok,0,11,10,0.0
chb03,chb03_01.edf,904.0,908.0,1.0,0.7,63,1.7003739115798977,ok,0,13,11,0.0
chb03,chb03_01.edf,904.0,908.0,1.0,0.7,64,0.423984096639189,ok,0,9,7,0.0
chb03,chb03_01.edf,904.0,908.0,1.0,0.7,65,0.546024803519956,ok,0,10,8,0.0
chb03,chb03_01.edf,904.0,908.0,1.0,0.7,66,1.3756822323974554,ok,0,13,11,0.0
chb03,chb03_01.edf,904.0,908.0,1.0,0.7,67,1.0067830609804835,ok,0,9,8,0.0
chb03,chb03_01.edf,904.0,908.0,1.0,0.7,68,1.299387333696461,ok,0,13,12,0.0
chb03,chb03_01.edf,904.0,908.0,1.0,0.7,69,1.0477393627042737,ok,0,8,6,0.0
chb03,chb03_01.edf,904.0,908.0,1.0,0.7,70,1.0124558547324578,ok,0,10,9,0.0
chb03,chb03_01.edf,904.0,908.0,1.0,0.7,71,1.7937447317653397,ok,0,10,8,0.0
chb03,chb03_01.edf,904.0,908.0,1.0,0.7,72,0.18642507739616473,ok,0,6,5,0.0
chb03,chb03_01.edf,904.0,908.0,1.0,0.7,73,0.6967158229430419,ok,0,11,10,0.0
chb03,chb03_01.edf,904.0,908.0,1.0,0.7,74,0.48730062363785065,ok,0,13,11,0.0
chb03,chb03_01.edf,904.0,908.0,1.0,0.7,75,1.559481849772076,ok,0,11,9,0.0
chb03,chb03_01.edf,904.0,908.0,1.0,0.7,76,0.2904781347835556,ok,0,9,8,0.0
chb03,chb03_01.edf,904.0,908.0,1.0,0.7,77,1.1158722845684699,ok,0,8,7,0.0
chb03,chb03_01.edf,904.0,908.0,1.0,0.7,78,1.950361403322144,ok,0,11,10,0.0
chb03,chb03_01.edf,904.0,908.0,1.0,0.7,79,1.2115688842149552,ok,0,9,6,0.0
chb03,chb03_01.edf,904.0,908.0,1.0,0.7,80,0.9564398445153741,ok,0,8,6,0.0
chb03,chb03_01.edf,904.0,908.0,1.0,0.7,81,1.1567455834484894,ok,0,10,9,0.0
chb03,chb03_01.edf,2700.0,2704.0,0.25,0.0,62,0.6171842911523988,ok,0,10,9,0.0
chb03,chb03_01.edf,2700.0,2704.0,0.25,0.0,63,2.043747370146671,ok,0,9,8,0.0
chb03,chb03_01.edf,2700.0,2704.0,0.25,0.0,64,0.8756532617719204,ok,0,9,8,0.0
chb03,chb03_01.edf,2700.0,2704.0,0.25,0.0,65,0.9667718123938864,ok,0,11,10,0.0
chb03,chb03_01.edf,2700.0,2704.0,0.25,0.0,66,0.3631787913269073,ok,0,11,9,0.0
chb03,chb03_01.edf,2700.0,2704.0,0.25,0.0,67,0.8092054221906116,ok,0,11,9,0.0
chb03,chb03_01.edf,2700.0,2704.0,0.25,0.0,68,0.9681035064574081,ok,0,9,8,0.0
chb03,chb03_01.edf,2700.0,2704.0,0.25,0.0,69,1.241548694349417,ok,0,10,8,0.0
chb03,chb03_01.edf,2700.0,2704.0,0.25,0.0,70,0.2793983295119334,ok,0,9,8,0.0
chb03,chb03_01.edf,2700.0,2704.0,0.25,0.0,71,1.5904417843670142,ok,0,12,11,0.0
chb03,chb03_01.edf,2700.0,2704.0,0.25,0.0,72,0.9990557900479503,ok,0,11,9,0.0
chb03,chb03_01.edf,2700.0,2704.0,0.25,0.0,73,0.4814093715175572,ok,0,8,7,0.0
chb03,chb03_01.edf,2700.0,2704.0,0.25,0.0,74,0.6162790697674418,ok,0,11,8,0.0
chb03,chb03_01.edf,2700.0,2704.0,0.25,0.0,75,0.35394981220923855,ok,0,12,11,0.0
chb03,chb03_01.edf,2700.0,2704.0,0.25,0.0,76,0.3909772130214703,ok,0,12,11,0.0
chb03,chb03_01.edf,2700.0,2704.0,0.25,0.0,77,0.9447730595988872,ok,0,6,4,0.0
chb03,chb03_01.edf,2700.0,2704.0,0.25,0.0,78,1.3483863463099397,ok,0,11,10,0.0
chb03,chb03_01.edf,2700.0,2704.0,0.25,0.0,79,0.1609368397508929,ok,0,7,6,0.0
chb03,chb03_01.edf,2700.0,2704.0,0.25,0.0,80,0.1797136108456547,ok,0,12,10,0.0
chb03,chb03_01.edf,2700.0,2704.0,0.25,0.0,81,1.4033891062507988,ok,0,10,7,0.0
chb03,chb03_01.edf,2700.0,2704.0,0.25,0.175,62,0.6107045736431218,ok,0,11,10,0.0
chb03,chb03_01.edf,2700.0,2704.0,0.25,0.175,63,2.0341077992701977,ok,0,9,8,0.0
chb03,chb03_01.edf,2700.0,2704.0,0.25,0.175,64,0.8756532617719204,ok,0,9,8,0.0
chb03,chb03_01.edf,2700.0,2704.0,0.25,0.175,65,1.4824847269439707,ok,0,10,9,0.0
chb03,chb03_01.edf,2700.0,2704.0,0.25,0.175,66,0.3631787913269073,ok,0,11,9,0.0
chb03,chb03_01.edf,2700.0,2704.0,0.25,0.175,67,0.316281909332361,ok,0,10,8,0.0
chb03,chb03_01.edf,2700.0,2704.0,0.25,0.175,68,0.9681035064574081,ok,0,9,8,0.0
chb03,chb03_01.edf,2700.0,2704.0,0.25,0.175,69,1.241548694349417,ok,0,10,8,0.0
chb03,chb03_01.edf,2700.0,2704.0,0.25,0.175,70,0.2793983295119334,ok,0,9,8,0.0
chb03,chb03_01.edf,2700.0,2704.0,0.25,0.175,71,1.5904417843670142,ok,0,12,11,0.0
chb03,chb03_01.edf,2700.0,2704.0,0.25,0.175,72,0.9858855564313305,ok,0,10,8,0.0
chb03,chb03_01.edf,2700.0,2704.0,0.25,0.175,73,0.5222483000558874,ok,0,9,8,0.0
chb03,chb03_01.edf,2700.0,2704.0,0.25,0.175,74,0.5963813245767478,ok,0,11,8,0.0
chb03,chb03_01.edf,2700.0,2704.0,0.25,0.175,75,0.35394981220923855,ok,0,12,11,0.0
chb03,chb03_01.edf,2700.0,2704.0,0.25,0.175,76,0.8616713197367994,ok,0,10,9,0.0
chb03,chb03_01.edf,2700.0,2704.0,0.25,0.175,77,0.9447730595988872,ok,0,6,4,0.0
chb03,chb03_01.edf,2700.0,2704.0,0.25,0.175,78,1.3483863463099397,ok,0,11,10,0.0
chb03,chb03_01.edf,2700.0,2704.0,0.25,0.175,79,0.1878077787684282,ok,0,7,6,0.0
chb03,chb03_01.edf,2700.0,2704.0,0.25,0.175,80,0.18317349230170574,ok,0,11,9,0.0
chb03,chb03_01.edf,2700.0,2704.0,0.25,0.175,81,1.3564078638606267,ok,0,9,7,0.0
chb03,chb03_01.edf,2700.0,2704.0,0.25,0.35,62,0.5260900705790139,ok,0,12,11,0.0
chb03,chb03_01.edf,2700.0,2704.0,0.25,0.35,63,0.19689852028559157,ok,0,9,8,0.0
chb03,chb03_01.edf,2700.0,2704.0,0.25,0.35,64,0.8756532617719204,ok,0,9,8,0.0
chb03,chb03_01.edf,2700.0,2704.0,0.25,0.35,65,1.4959296639228927,ok,0,11,9,0.0
chb03,chb03_01.edf,2700.0,2704.0,0.25,0.35,66,0.36581014159579417,ok,0,11,9,0.0
chb03,chb03_01.edf,2700.0,2704.0,0.25,0.35,67,0.316281909332361,ok,0,10,8,0.0
chb03,chb03_01.edf,2700.0,2704.0,0.25,0.35,68,0.8821717639524773,ok,0,8,7,0.0
chb03,chb03_01.edf,2700.0,2704.0,0.25,0.35,69,1.1918765621142937,ok,0,10,8,0.0
chb03,chb03_01.edf,2700.0,2704.0,0.25,0.35,70,0.2793983295119334,ok,0,9,8,0.0
chb03,chb03_01.edf,2700.0,2704.0,0.25,0.35,71,1.5832381035513712,ok,0,12,11,0.0
chb03,chb03_01.edf,2700.0,2704.0,0.25,0.35,72,0.9427578679893144,ok,0,11,7,0.0
chb03,chb03_01.edf,2700.0,2704.0,0.25,0.35,73,0.5222483000558874,ok,0,9,8,0.0
chb03,chb03_01.edf,2700.0,2704.0,0.25,0.35,74,0.3408083038784795,ok,0,13,10,0.0
chb03,chb03_01.edf,2700.0,2704.0,0.25,0.35,75,0.35394981220923855,ok,0,12,11,0.0
chb03,chb03_01.edf,2700.0,2704.0,0.25,0.35,76,1.0817317737685297,ok,0,11,9,0.0
chb03,chb03_01.edf,2700.0,2704.0,0.25,0.35,77,0.9447730595988872,ok,0,6,4,0.0
chb03,chb03_01.edf,2700.0,2704.0,0.25,0.35,78,1.3019074560201331,ok,0,11,9,0.0
chb03,chb03_01.edf,2700.0,2704.0,0.25,0.35,79,0.09712900388081638,ok,0,8,6,0.0
chb03,chb03_01.edf,2700.0,2704.0,0.25,0.35,80,0.17655063606906146,ok,0,12,10,0.0
chb03,chb03_01.edf,2700.0,2704.0,0.25,0.35,81,1.3255251167689142,ok,0,10,8,0.0
chb03,chb03_01.edf,2700.0,2704.0,0.25,0.7,62,0.9736931323471895,ok,0,11,9,0.0
chb03,chb03_01.edf,2700.0,2704.0,0.25,0.7,63,0.18185933111865624,ok,0,8,7,0.0
chb03,chb03_01.edf,2700.0,2704.0,0.25,0.7,64,0.8763414757819065,ok,0,9,8,0.0
chb03,chb03_01.edf,2700.0,2704.0,0.25,0.7,65,1.4959296639228927,ok,0,11,9,0.0
chb03,chb03_01.edf,2700.0,2704.0,0.25,0.7,66,0.6134508662480723,ok,0,10,8,0.0
chb03,chb03_01.edf,2700.0,2704.0,0.25,0.7,67,0.8092054221906116,ok,0,11,9,0.0
chb03,chb03_01.edf,2700.0,2704.0,0.25,0.7,68,0.9639506261032713,ok,0,9,8,0.0
chb03,chb03_01.edf,2700.0,2704.0,0.25,0.7,69,1.2935244331057627,ok,0,11,9,0.0
chb03,chb03_01.edf,2700.0,2704.0,0.25,0.7,70,0.2793983295119334,ok,0,9,8,0.0
chb03,chb03_01.edf,2700.0,2704.0,0.25,0.7,71,1.6133589781240196,ok,0,13,12,0.0
chb03,chb03_01.edf,2700.0,2704.0,0.25,0.7,72,0.9867139694338232,ok,0,10,8,0.0
chb03,chb03_01.edf,2700.0,2704.0,0.25,0.7,73,0.5797028232825845,ok,0,8,7,0.0
chb03,chb03_01.edf,2700.0,2704.0,0.25,0.7,74,0.34666585193380833,ok,0,12,9,0.0
chb03,chb03_01.edf,2700.0,2704.0,0.25,0.7,75,0.35394981220923855,ok,0,12,11,0.0
chb03,chb03_01.edf,2700.0,2704.0,0.25,0.7,76,0.7923092718448628,ok,0,9,8,0.0
chb03,chb03_01.edf,2700.0,2704.0,0.25,0.7,77,0.9447730595988872,ok,0,6,4,0.0
chb03,chb03_01.edf,2700.0,2704.0,0.25,0.7,78,1.232569366932713,ok,0,11,8,0.0
chb03,chb03_01.edf,2700.0,2704.0,0.25,0.7,79,0.26799073442181426,ok,0,7,6,0.0
chb03,chb03_01.edf,2700.0,2704.0,0.25,0.7,80,0.6094083696473703,ok,0,13,10,0.0
chb03,chb03_01.edf,2700.0,2704.0,0.25,0.7,81,1.3178900179883184,ok,0,10,9,0.0
chb03,chb03_01.edf,2700.0,2704.0,0.5,0.0,62,0.5712931377579745,ok,0,12,11,0.0
chb03,chb03_01.edf,2700.0,2704.0,0.5,0.0,63,0.16726057798219393,ok,0,8,7,0.0
chb03,chb03_01.edf,2700.0,2704.0,0.5,0.0,64,0.19637001542360058,ok,0,9,8,0.0
chb03,chb03_01.edf,2700.0,2704.0,0.5,0.0,65,0.546024803519956,ok,0,10,8,0.0
chb03,chb03_01.edf,2700.0,2704.0,0.5,0.0,66,0.3428004452807938,ok,0,11,9,0.0
chb03,chb03_01.edf,2700.0,2704.0,0.5,0.0,67,0.9454773281444654,ok,0,7,6,0.0
chb03,chb03_01.edf,2700.0,2704.0,0.5,0.0,68,1.2291207868644798,ok,0,12,11,0.0
chb03,chb03_01.edf,2700.0,2704.0,0.5,0.0,69,1.1682562182790923,ok,0,9,7,0.0
chb03,chb03_01.edf,2700.0,2704.0,0.5,0.0,70,0.5111811702061327,ok,0,14,13,0.0
chb03,chb03_01.edf,2700.0,2704.0,0.5,0.0,71,1.8179982256514546,ok,0,11,9,0.0
chb03,chb03_01.edf,2700.0,2704.0,0.5,0.0,72,0.18642507739616473,ok,0,6,5,0.0
chb03,chb03_01.edf,2700.0,2704.0,0.5,0.0,73,0.6286253346157429,ok,0,10,9,0.0
chb03,chb03_01.edf,2700.0,2704.0,0.5,0.0,74,0.6476197533905482,ok,0,9,7,0.0
chb03,chb03_01.edf,2700.0,2704.0,0.5,0.0,75,0.9626906857352386,ok,0,12,10,0.0
chb03,chb03_01.edf,2700.0,2704.0,0.5,0.0,76,0.48840569686484475,ok,0,10,9,0.0
chb03,chb03_01.edf,2700.0,2704.0,0.5,0.0,77,1.4397992123948258,ok,0,10,9,0.0
chb03,chb03_01.edf,2700.0,2704.0,0.5,0.0,78,0.8783739115481473,ok,0,10,9,0.0
chb03,chb03_01.edf,2700.0,2704.0,0.5,0.0,79,0.6660998123404629,ok,0,8,7,0.0
chb03,chb03_01.edf,2700.0,2704.0,0.5,0.0,80,0.48943288169382493,ok,0,10,8,0.0
chb03,chb03_01.edf,2700.0,2704.0,0.5,0.0,81,1.3487816138931745,ok,0,10,9,0.0
chb03,chb03_01.edf,2700.0,2704.0,0.5,0.175,62,0.5687028088741318,ok,0,12,11,0.0
chb03,chb03_01.edf,2700.0,2704.0,0.5,0.175,63,0.16726057798219393,ok,0,8,7,0.0
chb03,chb03_01.edf,2700.0,2704.0,0.5,0.175,64,0.33066737835270793,ok,0,10,9,0.0
chb03,chb03_01.edf,2700.0,2704.0,0.5,0.175,65,0.5518250131061467,ok,0,10,8,0.0
chb03,chb03_01.edf,2700.0,2704.0,0.5,0.175,66,0.3428004452807938,ok,0,11,9,0.0
chb03,chb03_01.edf,2700.0,2704.0,0.5,0.175,67,0.9454773281444654,ok,0,7,6,0.0
chb03,chb03_01.edf,2700.0,2704.0,0.5,0.175,68,1.2291207868644798,ok,0,12,11,0.0
chb03,chb03_01.edf,2700.0,2704.0,0.5,0.175,69,1.1682562182790923,ok,0,9,7,0.0
chb03,chb03_01.edf,2700.0,2704.0,0.5,0.175,70,0.5111811702061327,ok,0,14,13,0.0
chb03,chb03_01.edf,2700.0,2704.0,0.5,0.175,71,1.8179982256514546,ok,0,11,9,0.0
chb03,chb03_01.edf,2700.0,2704.0,0.5,0.175,72,0.18642507739616473,ok,0,6,5,0.0
chb03,chb03_01.edf,2700.0,2704.0,0.5,0.175,73,0.6775584925731184,ok,0,10,9,0.0
chb03,chb03_01.edf,2700.0,2704.0,0.5,0.175,74,0.6476197533905482,ok,0,9,7,0.0
chb03,chb03_01.edf,2700.0,2704.0,0.5,0.175,75,0.9626906857352386,ok,0,12,10,0.0
chb03,chb03_01.edf,2700.0,2704.0,0.5,0.175,76,0.48840569686484475,ok,0,10,9,0.0
chb03,chb03_01.edf,2700.0,2704.0,0.5,0.175,77,1.487661106245009,ok,0,9,8,0.0
chb03,chb03_01.edf,2700.0,2704.0,0.5,0.175,78,0.842869542983464,ok,0,10,9,0.0
chb03,chb03_01.edf,2700.0,2704.0,0.5,0.175,79,0.669320371720449,ok,0,8,7,0.0
chb03,chb03_01.edf,2700.0,2704.0,0.5,0.175,80,0.7001723173641382,ok,0,11,9,0.0
chb03,chb03_01.edf,2700.0,2704.0,0.5,0.175,81,1.3255251167689142,ok,0,10,8,0.0
chb03,chb03_01.edf,2700.0,2704.0,0.5,0.35,62,0.5687028088741318,ok,0,12,11,0.0
chb03,chb03_01.edf,2700.0,2704.0,0.5,0.35,63,0.16726057798219393,ok,0,8,7,0.0
chb03,chb03_01.edf,2700.0,2704.0,0.5,0.35,64,0.2685188392253952,ok,0,10,9,0.0
chb03,chb03_01.edf,2700.0,2704.0,0.5,0.35,65,0.5518250131061467,ok,0,10,8,0.0
chb03,chb03_01.edf,2700.0,2704.0,0.5,0.35,66,0.3464378370998594,ok,0,10,8,0.0
chb03,chb03_01.edf,2700.0,2704.0,0.5,0.35,67,0.9454773281444654,ok,0,7,6,0.0
chb03,chb03_01.edf,2700.0,2704.0,0.5,0.35,68,1.2291207868644798,ok,0,12,11,0.0
chb03,chb03_01.edf,2700.0,2704.0,0.5,0.35,69,1.2636524125816837,ok,0,9,8,0.0
chb03,chb03_01.edf,2700.0,2704.0,0.5,0.35,70,0.5111811702061327,ok,0,14,13,0.0
chb03,chb03_01.edf,2700.0,2704.0,0.5,0.35,71,1.8179982256514546,ok,0,11,9,0.0
chb03,chb03_01.edf,2700.0,2704.0,0.5,0.35,72,0.18642507739616473,ok,0,6,5,0.0
chb03,chb03_01.edf,2700.0,2704.0,0.5,0.35,73,0.6775584925731184,ok,0,10,9,0.0
chb03,chb03_01.edf,2700.0,2704.0,0.5,0.35,74,0.6476197533905482,ok,0,9,7,0.0
chb03,chb03_01.edf,2700.0,2704.0,0.5,0.35,75,0.9626906857352386,ok,0,12,10,0.0
chb03,chb03_01.edf,2700.0,2704.0,0.5,0.35,76,0.48840569686484475,ok,0,10,9,0.0
chb03,chb03_01.edf,2700.0,2704.0,0.5,0.35,77,1.487661106245009,ok,0,9,8,0.0
chb03,chb03_01.edf,2700.0,2704.0,0.5,0.35,78,0.8648985346800642,ok,0,10,9,0.0
chb03,chb03_01.edf,2700.0,2704.0,0.5,0.35,79,0.669320371720449,ok,0,8,7,0.0
chb03,chb03_01.edf,2700.0,2704.0,0.5,0.35,80,0.7001723173641382,ok,0,11,9,0.0
chb03,chb03_01.edf,2700.0,2704.0,0.5,0.35,81,1.3255251167689142,ok,0,10,8,0.0
chb03,chb03_01.edf,2700.0,2704.0,0.5,0.7,62,0.5681709798095599,ok,0,12,11,0.0
chb03,chb03_01.edf,2700.0,2704.0,0.5,0.7,63,0.18906095925324765,ok,0,9,8,0.0
chb03,chb03_01.edf,2700.0,2704.0,0.5,0.7,64,0.4778759336317435,ok,0,9,8,0.0
chb03,chb03_01.edf,2700.0,2704.0,0.5,0.7,65,0.5518250131061467,ok,0,10,8,0.0
chb03,chb03_01.edf,2700.0,2704.0,0.5,0.7,66,0.4838314298102281,ok,0,9,7,0.0
chb03,chb03_01.edf,2700.0,2704.0,0.5,0.7,67,0.9454773281444654,ok,0,7,6,0.0
chb03,chb03_01.edf,2700.0,2704.0,0.5,0.7,68,1.2291207868644798,ok,0,12,11,0.0
chb03,chb03_01.edf,2700.0,2704.0,0.5,0.7,69,1.3080029037359922,ok,0,10,9,0.0
chb03,chb03_01.edf,2700.0,2704.0,0.5,0.7,70,0.5111811702061327,ok,0,14,13,0.0
chb03,chb03_01.edf,2700.0,2704.0,0.5,0.7,71,1.8179982256514546,ok,0,11,9,0.0
chb03,chb03_01.edf,2700.0,2704.0,0.5,0.7,72,1.6354970400598592,ok,0,7,6,0.0
chb03,chb03_01.edf,2700.0,2704.0,0.5,0.7,73,0.6549965147374929,ok,0,9,8,0.0
chb03,chb03_01.edf,2700.0,2704.0,0.5,0.7,74,0.6476197533905482,ok,0,9,7,0.0
chb03,chb03_01.edf,2700.0,2704.0,0.5,0.7,75,0.9626906857352386,ok,0,12,10,0.0
chb03,chb03_01.edf,2700.0,2704.0,0.5,0.7,76,0.48840569686484475,ok,0,10,9,0.0
chb03,chb03_01.edf,2700.0,2704.0,0.5,0.7,77,1.4397992123948258,ok,0,10,9,0.0
chb03,chb03_01.edf,2700.0,2704.0,0.5,0.7,78,0.5611741178403784,ok,0,11,9,0.0
chb03,chb03_01.edf,2700.0,2704.0,0.5,0.7,79,0.1568870781527907,ok,0,8,5,0.0
chb03,chb03_01.edf,2700.0,2704.0,0.5,0.7,80,0.7001723173641382,ok,0,11,9,0.0
chb03,chb03_01.edf,2700.0,2704.0,0.5,0.7,81,1.2719285263949502,ok,0,11,10,0.0
chb03,chb03_01.edf,2700.0,2704.0,1.0,0.0,62,0.7743914046997703,ok,0,11,10,0.0
chb03,chb03_01.edf,2700.0,2704.0,1.0,0.0,63,0.21488489744161204,ok,0,8,7,0.0
chb03,chb03_01.edf,2700.0,2704.0,1.0,0.0,64,0.17192047651837583,ok,0,10,9,0.0
chb03,chb03_01.edf,2700.0,2704.0,1.0,0.0,65,0.48620003231413916,ok,0,12,9,0.0
chb03,chb03_01.edf,2700.0,2704.0,1.0,0.0,66,1.3756822323974554,ok,0,13,11,0.0
chb03,chb03_01.edf,2700.0,2704.0,1.0,0.0,67,1.0067830609804835,ok,0,9,8,0.0
chb03,chb03_01.edf,2700.0,2704.0,1.0,0.0,68,1.5176810316646947,ok,0,13,11,0.0
chb03,chb03_01.edf,2700.0,2704.0,1.0,0.0,69,1.0610836315798138,ok,0,8,5,0.0
chb03,chb03_01.edf,2700.0,2704.0,1.0,0.0,70,0.981919803246944,ok,0,12,11,0.0
chb03,chb03_01.edf,2700.0,2704.0,1.0,0.0,71,1.7937447317653397,ok,0,10,8,0.0
chb03,chb03_01.edf,2700.0,2704.0,1.0,0.0,72,0.18642507739616473,ok,0,6,5,0.0
chb03,chb03_01.edf,2700.0,2704.0,1.0,0.0,73,0.5987516059102022,ok,0,9,8,0.0
chb03,chb03_01.edf,2700.0,2704.0,1.0,0.0,74,0.6443582292066723,ok,0,11,10,0.0
chb03,chb03_01.edf,2700.0,2704.0,1.0,0.0,75,1.65888681246551,ok,0,10,7,0.0
chb03,chb03_01.edf,2700.0,2704.0,1.0,0.0,76,0.22553402254439306,ok,0,12,11,0.0
chb03,chb03_01.edf,2700.0,2704.0,1.0,0.0,77,1.261454559020981,ok,0,10,9,0.0
chb03,chb03_01.edf,2700.0,2704.0,1.0,0.0,78,1.9856992051961986,ok,0,12,11,0.0
chb03,chb03_01.edf,2700.0,2704.0,1.0,0.0,79,0.1609368397508929,ok,0,7,6,0.0
chb03,chb03_01.edf,2700.0,2704.0,1.0,0.0,80,0.8375512923759941,ok,0,11,9,0.0
chb03,chb03_01.edf,2700.0,2704.0,1.0,0.0,81,1.3218647883394035,ok,0,10,8,0.0
chb03,chb03_01.edf,2700.0,2704.0,1.0,0.175,62,0.8207228509784782,ok,0,12,11,0.0
chb03,chb03_01.edf,2700.0,2704.0,1.0,0.175,63,0.16726057798219393,ok,0,8,7,0.0
chb03,chb03_01.edf,2700.0,2704.0,1.0,0.175,64,0.17192047651837583,ok,0,10,9,0.0
chb03,chb03_01.edf,2700.0,2704.0,1.0,0.175,65,0.48620003231413916,ok,0,12,9,0.0
chb03,chb03_01.edf,2700.0,2704.0,1.0,0.175,66,1.3756822323974554,ok,0,13,11,0.0
chb03,chb03_01.edf,2700.0,2704.0,1.0,0.175,67,1.0067830609804835,ok,0,9,8,0.0
chb03,chb03_01.edf,2700.0,2704.0,1.0,0.175,68,1.4403478634378917,ok,0,12,10,0.0
chb03,chb03_01.edf,2700.0,2704.0,1.0,0.175,69,1.0610836315798138,ok,0,8,5,0.0
chb03,chb03_01.edf,2700.0,2704.0,1.0,0.175,70,0.981919803246944,ok,0,12,11,0.0
chb03,chb03_01.edf,2700.0,2704.0,1.0,0.175,71,1.7937447317653397,ok,0,10,8,0.0
chb03,chb03_01.edf,2700.0,2704.0,1.0,0.175,72,0.18642507739616473,ok,0,6,5,0.0
chb03,chb03_01.edf,2700.0,2704.0,1.0,0.175,73,0.5987516059102022,ok,0,9,8,0.0
chb03,chb03_01.edf,2700.0,2704.0,1.0,0.175,74,0.6443582292066723,ok,0,11,10,0.0
chb03,chb03_01.edf,2700.0,2704.0,1.0,0.175,75,1.65888681246551,ok,0,10,7,0.0
chb03,chb03_01.edf,2700.0,2704.0,1.0,0.175,76,0.22553402254439306,ok,0,12,11,0.0
chb03,chb03_01.edf,2700.0,2704.0,1.0,0.175,77,1.261454559020981,ok,0,10,9,0.0
chb03,chb03_01.edf,2700.0,2704.0,1.0,0.175,78,1.9856992051961986,ok,0,12,11,0.0
chb03,chb03_01.edf,2700.0,2704.0,1.0,0.175,79,0.1878077787684282,ok,0,7,6,0.0
chb03,chb03_01.edf,2700.0,2704.0,1.0,0.175,80,0.847592558041268,ok,0,12,10,0.0
chb03,chb03_01.edf,2700.0,2704.0,1.0,0.175,81,1.3218647883394035,ok,0,10,8,0.0
chb03,chb03_01.edf,2700.0,2704.0,1.0,0.35,62,0.8207228509784782,ok,0,12,11,0.0
chb03,chb03_01.edf,2700.0,2704.0,1.0,0.35,63,0.16726057798219393,ok,0,8,7,0.0
chb03,chb03_01.edf,2700.0,2704.0,1.0,0.35,64,0.17599259780918877,ok,0,10,8,0.0
chb03,chb03_01.edf,2700.0,2704.0,1.0,0.35,65,0.48620003231413916,ok,0,12,9,0.0
chb03,chb03_01.edf,2700.0,2704.0,1.0,0.35,66,1.4451262207602147,ok,0,12,10,0.0
chb03,chb03_01.edf,2700.0,2704.0,1.0,0.35,67,1.0067830609804835,ok,0,9,8,0.0
chb03,chb03_01.edf,2700.0,2704.0,1.0,0.35,68,1.4403478634378917,ok,0,12,10,0.0
chb03,chb03_01.edf,2700.0,2704.0,1.0,0.35,69,1.0610836315798138,ok,0,8,5,0.0
chb03,chb03_01.edf,2700.0,2704.0,1.0,0.35,70,0.981919803246944,ok,0,12,11,0.0
chb03,chb03_01.edf,2700.0,2704.0,1.0,0.35,71,1.7937447317653397,ok,0,10,8,0.0
chb03,chb03_01.edf,2700.0,2704.0,1.0,0.35,72,0.18642507739616473,ok,0,6,5,0.0
chb03,chb03_01.edf,2700.0,2704.0,1.0,0.35,73,0.6191720810400293,ok,0,9,8,0.0
chb03,chb03_01.edf,2700.0,2704.0,1.0,0.35,74,0.6946793456684438,ok,0,10,9,0.0
chb03,chb03_01.edf,2700.0,2704.0,1.0,0.35,75,1.65888681246551,ok,0,10,7,0.0
chb03,chb03_01.edf,2700.0,2704.0,1.0,0.35,76,0.22553402254439306,ok,0,12,11,0.0
chb03,chb03_01.edf,2700.0,2704.0,1.0,0.35,77,1.261454559020981,ok,0,10,9,0.0
chb03,chb03_01.edf,2700.0,2704.0,1.0,0.35,78,1.9856992051961986,ok,0,12,11,0.0
chb03,chb03_01.edf,2700.0,2704.0,1.0,0.35,79,0.19984428196364598,ok,0,7,5,0.0
chb03,chb03_01.edf,2700.0,2704.0,1.0,0.35,80,0.847592558041268,ok,0,12,10,0.0
chb03,chb03_01.edf,2700.0,2704.0,1.0,0.35,81,1.3424085005302422,ok,0,10,9,0.0
chb03,chb03_01.edf,2700.0,2704.0,1.0,0.7,62,0.8207228509784782,ok,0,12,11,0.0
chb03,chb03_01.edf,2700.0,2704.0,1.0,0.7,63,0.16726057798219393,ok,0,8,7,0.0
chb03,chb03_01.edf,2700.0,2704.0,1.0,0.7,64,0.17599259780918877,ok,0,10,8,0.0
chb03,chb03_01.edf,2700.0,2704.0,1.0,0.7,65,0.48620003231413916,ok,0,12,9,0.0
chb03,chb03_01.edf,2700.0,2704.0,1.0,0.7,66,1.4451262207602147,ok,0,12,10,0.0
chb03,chb03_01.edf,2700.0,2704.0,1.0,0.7,67,1.0067830609804835,ok,0,9,8,0.0
chb03,chb03_01.edf,2700.0,2704.0,1.0,0.7,68,1.4166560579148733,ok,0,12,10,0.0
chb03,chb03_01.edf,2700.0,2704.0,1.0,0.7,69,1.062607072954729,ok,0,9,6,0.0
chb03,chb03_01.edf,2700.0,2704.0,1.0,0.7,70,1.3959920589564205,ok,0,11,8,0.0
chb03,chb03_01.edf,2700.0,2704.0,1.0,0.7,71,1.7937447317653397,ok,0,10,8,0.0
chb03,chb03_01.edf,2700.0,2704.0,1.0,0.7,72,0.18642507739616473,ok,0,6,5,0.0
chb03,chb03_01.edf,2700.0,2704.0,1.0,0.7,73,0.6191720810400293,ok,0,9,8,0.0
chb03,chb03_01.edf,2700.0,2704.0,1.0,0.7,74,0.679518065785539,ok,0,9,8,0.0
chb03,chb03_01.edf,2700.0,2704.0,1.0,0.7,75,1.6701884111809937,ok,0,9,6,0.0
chb03,chb03_01.edf,2700.0,2704.0,1.0,0.7,76,0.22553402254439306,ok,0,12,11,0.0
chb03,chb03_01.edf,2700.0,2704.0,1.0,0.7,77,1.261454559020981,ok,0,10,9,0.0
chb03,chb03_01.edf,2700.0,2704.0,1.0,0.7,78,1.9856992051961986,ok,0,12,11,0.0
chb03,chb03_01.edf,2700.0,2704.0,1.0,0.7,79,0.26799073442181426,ok,0,7,6,0.0
chb03,chb03_01.edf,2700.0,2704.0,1.0,0.7,80,0.8460001481744026,ok,0,12,10,0.0
chb03,chb03_01.edf,2700.0,2704.0,1.0,0.7,81,1.3191310109034695,ok,0,10,8,0.0
chb03,chb03_02.edf,904.0,908.0,0.25,0.0,62,0.6171842911523988,ok,0,10,9,0.0
chb03,chb03_02.edf,904.0,908.0,0.25,0.0,63,2.043747370146671,ok,0,9,8,0.0
chb03,chb03_02.edf,904.0,908.0,0.25,0.0,64,0.8756532617719204,ok,0,9,8,0.0
chb03,chb03_02.edf,904.0,908.0,0.25,0.0,65,0.9667718123938864,ok,0,11,10,0.0
chb03,chb03_02.edf,904.0,908.0,0.25,0.0,66,0.3631787913269073,ok,0,11,9,0.0
chb03,chb03_02.edf,904.0,908.0,0.25,0.0,67,0.8092054221906116,ok,0,11,9,0.0
chb03,chb03_02.edf,904.0,908.0,0.25,0.0,68,0.9681035064574081,ok,0,9,8,0.0
chb03,chb03_02.edf,904.0,908.0,0.25,0.0,69,1.241548694349417,ok,0,10,8,0.0
chb03,chb03_02.edf,904.0,908.0,0.25,0.0,70,0.2793983295119334,ok,0,9,8,0.0
chb03,chb03_02.edf,904.0,908.0,0.25,0.0,71,1.5904417843670142,ok,0,12,11,0.0
chb03,chb03_02.edf,904.0,908.0,0.25,0.0,72,0.9990557900479503,ok,0,11,9,0.0
chb03,chb03_02.edf,904.0,908.0,0.25,0.0,73,0.4814093715175572,ok,0,8,7,0.0
chb03,chb03_02.edf,904.0,908.0,0.25,0.0,74,0.6162790697674418,ok,0,11,8,0.0
chb03,chb03_02.edf,904.0,908.0,0.25,0.0,75,0.35394981220923855,ok,0,12,11,0.0
chb03,chb03_02.edf,904.0,908.0,0.25,0.0,76,0.3909772130214703,ok,0,12,11,0.0
chb03,chb03_02.edf,904.0,908.0,0.25,0.0,77,0.9447730595988872,ok,0,6,4,0.0
chb03,chb03_02.edf,904.0,908.0,0.25,0.0,78,1.3483863463099397,ok,0,11,10,0.0
chb03,chb03_02.edf,904.0,908.0,0.25,0.0,79,0.1609368397508929,ok,0,7,6,0.0
chb03,chb03_02.edf,904.0,908.0,0.25,0.0,80,0.1797136108456547,ok,0,12,10,0.0
chb03,chb03_02.edf,904.0,908.0,0.25,0.0,81,1.4033891062507988,ok,0,10,7,0.0
chb03,chb03_02.edf,904.0,908.0,0.25,0.175,62,0.4761415133645246,ok,0,12,11,0.0
chb03,chb03_02.edf,904.0,908.0,0.25,0.175,63,0.20231435162922284,ok,0,9,8,0.0
chb03,chb03_02.edf,904.0,908.0,0.25,0.175,64,0.8756532617719204,ok,0,9,8,0.0
chb03,chb03_02.edf,904.0,908.0,0.25,0.175,65,0.9667718123938864,ok,0,11,10,0.0
chb03,chb03_02.edf,904.0,908.0,0.25,0.175,66,0.36581014159579417,ok,0,11,9,0.0
chb03,chb03_02.edf,904.0,908.0,0.25,0.175,67,0.3632060189526681,ok,0,10,8,0.0
chb03,chb03_02.edf,904.0,908.0,0.25,0.175,68,1.046349240967186,ok,0,10,9,0.0
chb03,chb03_02.edf,904.0,908.0,0.25,0.175,69,1.3021781104089274,ok,0,9,7,0.0
chb03,chb03_02.edf,904.0,908.0,0.25,0.175,70,0.2793983295119334,ok,0,9,8,0.0
chb03,chb03_02.edf,904.0,908.0,0.25,0.175,71,1.529316310105233,ok,0,12,10,0.0
chb03,chb03_02.edf,904.0,908.0,0.25,0.175,72,1.0110666296708153,ok,0,11,10,0.0
chb03,chb03_02.edf,904.0,908.0,0.25,0.175,73,0.4522241322349672,ok,0,7,6,0.0
chb03,chb03_02.edf,904.0,908.0,0.25,0.175,74,0.5963813245767478,ok,0,11,8,0.0
chb03,chb03_02.edf,904.0,908.0,0.25,0.175,75,0.35394981220923855,ok,0,12,11,0.0
chb03,chb03_02.edf,904.0,908.0,0.25,0.175,76,0.8616713197367994,ok,0,10,9,0.0
chb03,chb03_02.edf,904.0,908.0,0.25,0.175,77,0.9447730595988872,ok,0,6,4,0.0
chb03,chb03_02.edf,904.0,908.0,0.25,0.175,78,1.3407604740280588,ok,0,11,10,0.0
chb03,chb03_02.edf,904.0,908.0,0.25,0.175,79,0.1609368397508929,ok,0,7,6,0.0
chb03,chb03_02.edf,904.0,908.0,0.25,0.175,80,0.18317349230170574,ok,0,11,9,0.0
chb03,chb03_02.edf,904.0,908.0,0.25,0.175,81,1.4033891062507988,ok,0,10,7,0.0
chb03,chb03_02.edf,904.0,908.0,0.25,0.35,62,0.7766842484680746,ok,0,11,10,0.0
chb03,chb03_02.edf,904.0,908.0,0.25,0.35,63,0.20231435162922284,ok,0,9,8,0.0
chb03,chb03_02.edf,904.0,908.0,0.25,0.35,64,0.8756532617719204,ok,0,9,8,0.0
chb03,chb03_02.edf,904.0,908.0,0.25,0.35,65,0.9298094740999439,ok,0,10,9,0.0
chb03,chb03_02.edf,904.0,908.0,0.25,0.35,66,0.36581014159579417,ok,0,11,9,0.0
chb03,chb03_02.edf,904.0,908.0,0.25,0.35,67,0.2685654041589905,ok,0,9,7,0.0
chb03,chb03_02.edf,904.0,908.0,0.25,0.35,68,1.0726340872569498,ok,0,11,10,0.0
chb03,chb03_02.edf,904.0,908.0,0.25,0.35,69,1.3021781104089274,ok,0,9,7,0.0
chb03,chb03_02.edf,904.0,908.0,0.25,0.35,70,0.2850088804323723,ok,0,8,7,0.0
chb03,chb03_02.edf,904.0,908.0,0.25,0.35,71,1.529316310105233,ok,0,12,10,0.0
chb03,chb03_02.edf,904.0,908.0,0.25,0.35,72,1.0938089733512661,ok,0,10,9,0.0
chb03,chb03_02.edf,904.0,908.0,0.25,0.35,73,0.5678172112973985,ok,0,6,5,0.0
chb03,chb03_02.edf,904.0,908.0,0.25,0.35,74,0.6919574584552051,ok,0,10,8,0.0
chb03,chb03_02.edf,904.0,908.0,0.25,0.35,75,0.2923665170312041,ok,0,11,10,0.0
chb03,chb03_02.edf,904.0,908.0,0.25,0.35,76,1.125879065985656,ok,0,10,9,0.0
chb03,chb03_02.edf,904.0,908.0,0.25,0.35,77,0.9447730595988872,ok,0,6,4,0.0
chb03,chb03_02.edf,904.0,908.0,0.25,0.35,78,1.3407604740280588,ok,0,11,10,0.0
chb03,chb03_02.edf,904.0,908.0,0.25,0.35,79,0.1878077787684282,ok,0,7,6,0.0
chb03,chb03_02.edf,904.0,908.0,0.25,0.35,80,0.22517434256512975,ok,0,12,9,0.0
chb03,chb03_02.edf,904.0,908.0,0.25,0.35,81,1.4033891062507988,ok,0,10,7,0.0
chb03,chb03_02.edf,904.0,908.0,0.25,0.7,62,0.8080376715206824,ok,0,11,10,0.0
chb03,chb03_02.edf,904.0,908.0,0.25,0.7,63,0.2051646238067217,ok,0,10,9,0.0
chb03,chb03_02.edf,904.0,908.0,0.25,0.7,64,0.960386606658378,ok,0,8,7,0.0
chb03,chb03_02.edf,904.0,908.0,0.25,0.7,65,1.4142494920735071,ok,0,10,9,0.0
chb03,chb03_02.edf,904.0,908.0,0.25,0.7,66,0.38482001697227075,ok,0,10,8,0.0
chb03,chb03_02.edf,904.0,908.0,0.25,0.7,67,0.9609726984842548,ok,0,9,8,0.0
chb03,chb03_02.edf,904.0,908.0,0.25,0.7,68,1.2048672557463558,ok,0,11,10,0.0
chb03,chb03_02.edf,904.0,908.0,0.25,0.7,69,1.2566801410136914,ok,0,9,8,0.0
chb03,chb03_02.edf,904.0,908.0,0.25,0.7,70,0.4101876324180231,ok,0,8,7,0.0
chb03,chb03_02.edf,904.0,908.0,0.25,0.7,71,1.5598067681009447,ok,0,13,11,0.0
chb03,chb03_02.edf,904.0,908.0,0.25,0.7,72,0.9467747149388573,ok,0,8,7,0.0
chb03,chb03_02.edf,904.0,908.0,0.25,0.7,73,0.48746935770147365,ok,0,9,7,0.0
chb03,chb03_02.edf,904.0,908.0,0.25,0.7,74,0.7902347302779108,ok,0,8,7,0.0
chb03,chb03_02.edf,904.0,908.0,0.25,0.7,75,0.48798861222980694,ok,0,10,9,0.0
chb03,chb03_02.edf,904.0,908.0,0.25,0.7,76,0.8669800132314991,ok,0,10,8,0.0
chb03,chb03_02.edf,904.0,908.0,0.25,0.7,77,0.9448272784811769,ok,0,6,4,0.0
chb03,chb03_02.edf,904.0,908.0,0.25,0.7,78,1.2948299438591606,ok,0,11,10,0.0
chb03,chb03_02.edf,904.0,908.0,0.25,0.7,79,0.18579512095550918,ok,0,7,5,0.0
chb03,chb03_02.edf,904.0,908.0,0.25,0.7,80,0.5453032623198428,ok,0,11,9,0.0
chb03,chb03_02.edf,904.0,908.0,0.25,0.7,81,1.3910155905712918,ok,0,11,9,0.0
chb03,chb03_02.edf,904.0,908.0,0.5,0.0,62,0.5712931377579745,ok,0,12,11,0.0
chb03,chb03_02.edf,904.0,908.0,0.5,0.0,63,0.16726057798219393,ok,0,8,7,0.0
chb03,chb03_02.edf,904.0,908.0,0.5,0.0,64,0.19637001542360058,ok,0,9,8,0.0
chb03,chb03_02.edf,904.0,908.0,0.5,0.0,65,0.546024803519956,ok,0,10,8,0.0
chb03,chb03_02.edf,904.0,908.0,0.5,0.0,66,0.3428004452807938,ok,0,11,9,0.0
chb03,chb03_02.edf,904.0,908.0,0.5,0.0,67,0.9454773281444654,ok,0,7,6,0.0
chb03,chb03_02.edf,904.0,908.0,0.5,0.0,68,1.2291207868644798,ok,0,12,11,0.0
chb03,chb03_02.edf,904.0,908.0,0.5,0.0,69,1.1682562182790923,ok,0,9,7,0.0
chb03,chb03_02.edf,904.0,908.0,0.5,0.0,70,0.5111811702061327,ok,0,14,13,0.0
chb03,chb03_02.edf,904.0,908.0,0.5,0.0,71,1.8179982256514546,ok,0,11,9,0.0
chb03,chb03_02.edf,904.0,908.0,0.5,0.0,72,0.18642507739616473,ok,0,6,5,0.0
chb03,chb03_02.edf,904.0,908.0,0.5,0.0,73,0.6286253346157429,ok,0,10,9,0.0
chb03,chb03_02.edf,904.0,908.0,0.5,0.0,74,0.6476197533905482,ok,0,9,7,0.0
chb03,chb03_02.edf,904.0,908.0,0.5,0.0,75,0.9626906857352386,ok,0,12,10,0.0
chb03,chb03_02.edf,904.0,908.0,0.5,0.0,76,0.48840569686484475,ok,0,10,9,0.0
chb03,chb03_02.edf,904.0,908.0,0.5,0.0,77,1.4397992123948258,ok,0,10,9,0.0
chb03,chb03_02.edf,904.0,908.0,0.5,0.0,78,0.8783739115481473,ok,0,10,9,0.0
chb03,chb03_02.edf,904.0,908.0,0.5,0.0,79,0.6660998123404629,ok,0,8,7,0.0
chb03,chb03_02.edf,904.0,908.0,0.5,0.0,80,0.48943288169382493,ok,0,10,8,0.0
chb03,chb03_02.edf,904.0,908.0,0.5,0.0,81,1.3487816138931745,ok,0,10,9,0.0
chb03,chb03_02.edf,904.0,908.0,0.5,0.175,62,0.6559757885363878,ok,0,12,11,0.0
chb03,chb03_02.edf,904.0,908.0,0.5,0.175,63,0.14655956456718455,ok,0,8,7,0.0
chb03,chb03_02.edf,904.0,908.0,0.5,0.175,64,0.33066737835270793,ok,0,10,9,0.0
chb03,chb03_02.edf,904.0,908.0,0.5,0.175,65,0.546024803519956,ok,0,10,8,0.0
chb03,chb03_02.edf,904.0,908.0,0.5,0.175,66,0.3428004452807938,ok,0,11,9,0.0
chb03,chb03_02.edf,904.0,908.0,0.5,0.175,67,0.9454773281444654,ok,0,7,6,0.0
chb03,chb03_02.edf,904.0,908.0,0.5,0.175,68,1.2291207868644798,ok,0,12,11,0.0
chb03,chb03_02.edf,904.0,908.0,0.5,0.175,69,1.3020448419914015,ok,0,9,7,0.0
chb03,chb03_02.edf,904.0,908.0,0.5,0.175,70,0.509154547108042,ok,0,14,13,0.0
chb03,chb03_02.edf,904.0,908.0,0.5,0.175,71,1.8179982256514546,ok,0,11,9,0.0
chb03,chb03_02.edf,904.0,908.0,0.5,0.175,72,0.18642507739616473,ok,0,6,5,0.0
chb03,chb03_02.edf,904.0,908.0,0.5,0.175,73,0.5748110033473974,ok,0,8,7,0.0
chb03,chb03_02.edf,904.0,908.0,0.5,0.175,74,0.6476197533905482,ok,0,9,7,0.0
chb03,chb03_02.edf,904.0,908.0,0.5,0.175,75,0.9626906857352386,ok,0,12,10,0.0
chb03,chb03_02.edf,904.0,908.0,0.5,0.175,76,0.48840569686484475,ok,0,10,9,0.0
chb03,chb03_02.edf,904.0,908.0,0.5,0.175,77,1.487661106245009,ok,0,9,8,0.0
chb03,chb03_02.edf,904.0,908.0,0.5,0.175,78,0.8409859228438307,ok,0,10,9,0.0
chb03,chb03_02.edf,904.0,908.0,0.5,0.175,79,0.669320371720449,ok,0,8,7,0.0
chb03,chb03_02.edf,904.0,908.0,0.5,0.175,80,0.5829054967159214,ok,0,9,7,0.0
chb03,chb03_02.edf,904.0,908.0,0.5,0.175,81,1.3455109473415157,ok,0,10,9,0.0
chb03,chb03_02.edf,904.0,908.0,0.5,0.35,62,0.6559757885363878,ok,0,12,11,0.0
chb03,chb03_02.edf,904.0,908.0,0.5,0.35,63,0.5892319085249031,ok,0,9,8,0.0
chb03,chb03_02.edf,904.0,908.0,0.5,0.35,64,0.32340609100535583,ok,0,9,8,0.0
chb03,chb03_02.edf,904.0,908.0,0.5,0.35,65,0.546024803519956,ok,0,10,8,0.0
chb03,chb03_02.edf,904.0,908.0,0.5,0.35,66,0.34938582013107533,ok,0,10,8,0.0
chb03,chb03_02.edf,904.0,908.0,0.5,0.35,67,0.9454773281444654,ok,0,7,6,0.0
chb03,chb03_02.edf,904.0,908.0,0.5,0.35,68,1.4147498679112749,ok,0,10,9,0.0
chb03,chb03_02.edf,904.0,908.0,0.5,0.35,69,1.1865336541958327,ok,0,9,6,0.0
chb03,chb03_02.edf,904.0,908.0,0.5,0.35,70,0.509154547108042,ok,0,14,13,0.0
chb03,chb03_02.edf,904.0,908.0,0.5,0.35,71,1.8179982256514546,ok,0,11,9,0.0
chb03,chb03_02.edf,904.0,908.0,0.5,0.35,72,0.1586900018443984,ok,0,6,5,0.0
chb03,chb03_02.edf,904.0,908.0,0.5,0.35,73,0.6551843256168434,ok,0,9,8,0.0
chb03,chb03_02.edf,904.0,908.0,0.5,0.35,74,0.6476197533905482,ok,0,9,7,0.0
chb03,chb03_02.edf,904.0,908.0,0.5,0.35,75,0.9304566943784026,ok,0,11,10,0.0
chb03,chb03_02.edf,904.0,908.0,0.5,0.35,76,0.48840569686484475,ok,0,10,9,0.0
chb03,chb03_02.edf,904.0,908.0,0.5,0.35,77,1.4397992123948258,ok,0,10,9,0.0
chb03,chb03_02.edf,904.0,908.0,0.5,0.35,78,0.9165569009004839,ok,0,11,10,0.0
chb03,chb03_02.edf,904.0,908.0,0.5,0.35,79,0.669320371720449,ok,0,8,7,0.0
chb03,chb03_02.edf,904.0,908.0,0.5,0.35,80,0.5829054967159214,ok,0,9,7,0.0
chb03,chb03_02.edf,904.0,908.0,0.5,0.35,81,1.3706554315567743,ok,0,11,8,0.0
chb03,chb03_02.edf,904.0,908.0,0.5,0.7,62,0.6482655274814257,ok,0,12,11,0.0
chb03,chb03_02.edf,904.0,908.0,0.5,0.7,63,0.5900429784847301,ok,0,9,8,0.0
chb03,chb03_02.edf,904.0,908.0,0.5,0.7,64,0.38975813364966944,ok,0,9,8,0.0
chb03,chb03_02.edf,904.0,908.0,0.5,0.7,65,0.6374377720278767,ok,0,9,7,0.0
chb03,chb03_02.edf,904.0,908.0,0.5,0.7,66,0.31019755643445446,ok,0,10,8,0.0
chb03,chb03_02.edf,904.0,908.0,0.5,0.7,67,1.0119476364224187,ok,0,8,7,0.0
chb03,chb03_02.edf,904.0,908.0,0.5,0.7,68,1.4147498679112749,ok,0,10,9,0.0
chb03,chb03_02.edf,904.0,908.0,0.5,0.7,69,1.1616659954466935,ok,0,9,7,0.0
chb03,chb03_02.edf,904.0,908.0,0.5,0.7,70,0.4699805732328075,ok,0,13,12,0.0
chb03,chb03_02.edf,904.0,908.0,0.5,0.7,71,1.529316310105233,ok,0,12,10,0.0
chb03,chb03_02.edf,904.0,908.0,0.5,0.7,72,1.6353207451697185,ok,0,7,6,0.0
chb03,chb03_02.edf,904.0,908.0,0.5,0.7,73,0.6081586047836911,ok,0,8,7,0.0
chb03,chb03_02.edf,904.0,908.0,0.5,0.7,74,0.7488317702776065,ok,0,8,7,0.0
chb03,chb03_02.edf,904.0,908.0,0.5,0.7,75,0.9304566943784026,ok,0,11,10,0.0
chb03,chb03_02.edf,904.0,908.0,0.5,0.7,76,0.48840569686484475,ok,0,10,9,0.0
chb03,chb03_02.edf,904.0,908.0,0.5,0.7,77,1.4402492009604646,ok,0,10,9,0.0
chb03,chb03_02.edf,904.0,908.0,0.5,0.7,78,0.5641853195453673,ok,0,11,10,0.0
chb03,chb03_02.edf,904.0,908.0,0.5,0.7,79,0.6676315151339097,ok,0,8,7,0.0
chb03,chb03_02.edf,904.0,908.0,0.5,0.7,80,0.26536956672618744,ok,0,8,6,0.0
chb03,chb03_02.edf,904.0,908.0,0.5,0.7,81,1.3641366236212056,ok,0,11,8,0.0
chb03,chb03_02.edf,904.0,908.0,1.0,0.0,62,0.7743914046997703,ok,0,11,10,0.0
chb03,chb03_02.edf,904.0,908.0,1.0,0.0,63,0.21488489744161204,ok,0,8,7,0.0
chb03,chb03_02.edf,904.0,908.0,1.0,0.0,64,0.17192047651837583,ok,0,10,9,0.0
chb03,chb03_02.edf,904.0,908.0,1.0,0.0,65,0.48620003231413916,ok,0,12,9,0.0
chb03,chb03_02.edf,904.0,908.0,1.0,0.0,66,1.3756822323974554,ok,0,13,11,0.0
chb03,chb03_02.edf,904.0,908.0,1.0,0.0,67,1.0067830609804835,ok,0,9,8,0.0
chb03,chb03_02.edf,904.0,908.0,1.0,0.0,68,1.5176810316646947,ok,0,13,11,0.0
chb03,chb03_02.edf,904.0,908.0,1.0,0.0,69,1.0610836315798138,ok,0,8,5,0.0
chb03,chb03_02.edf,904.0,908.0,1.0,0.0,70,0.981919803246944,ok,0,12,11,0.0
chb03,chb03_02.edf,904.0,908.0,1.0,0.0,71,1.7937447317653397,ok,0,10,8,0.0
chb03,chb03_02.edf,904.0,908.0,1.0,0.0,72,0.18642507739616473,ok,0,6,5,0.0
chb03,chb03_02.edf,904.0,908.0,1.0,0.0,73,0.5987516059102022,ok,0,9,8,0.0
chb03,chb03_02.edf,904.0,908.0,1.0,0.0,74,0.6443582292066723,ok,0,11,10,0.0
chb03,chb03_02.edf,904.0,908.0,1.0,0.0,75,1.65888681246551,ok,0,10,7,0.0
chb03,chb03_02.edf,904.0,908.0,1.0,0.0,76,0.22553402254439306,ok,0,12,11,0.0
chb03,chb03_02.edf,904.0,908.0,1.0,0.0,77,1.261454559020981,ok,0,10,9,0.0
chb03,chb03_02.edf,904.0,908.0,1.0,0.0,78,1.9856992051961986,ok,0,12,11,0.0
chb03,chb03_02.edf,904.0,908.0,1.0,0.0,79,0.1609368397508929,ok,0,7,6,0.0
chb03,chb03_02.edf,904.0,908.0,1.0,0.0,80,0.8375512923759941,ok,0,11,9,0.0
chb03,chb03_02.edf,904.0,908.0,1.0,0.0,81,1.3218647883394035,ok,0,10,8,0.0
chb03,chb03_02.edf,904.0,908.0,1.0,0.175,62,0.7743914046997703,ok,0,11,10,0.0
chb03,chb03_02.edf,904.0,908.0,1.0,0.175,63,0.20073334668699352,ok,0,9,8,0.0
chb03,chb03_02.edf,904.0,908.0,1.0,0.175,64,0.17192047651837583,ok,0,10,9,0.0
chb03,chb03_02.edf,904.0,908.0,1.0,0.175,65,0.49292157435773215,ok,0,12,10,0.0
chb03,chb03_02.edf,904.0,908.0,1.0,0.175,66,1.3756822323974554,ok,0,13,11,0.0
chb03,chb03_02.edf,904.0,908.0,1.0,0.175,67,1.0067830609804835,ok,0,9,8,0.0
chb03,chb03_02.edf,904.0,908.0,1.0,0.175,68,0.2073097915140307,ok,0,12,10,0.0
chb03,chb03_02.edf,904.0,908.0,1.0,0.175,69,1.0610836315798138,ok,0,8,5,0.0
chb03,chb03_02.edf,904.0,908.0,1.0,0.175,70,0.967657796849726,ok,0,11,10,0.0
chb03,chb03_02.edf,904.0,908.0,1.0,0.175,71,1.7937447317653397,ok,0,10,8,0.0
chb03,chb03_02.edf,904.0,908.0,1.0,0.175,72,0.18642507739616473,ok,0,6,5,0.0
chb03,chb03_02.edf,904.0,908.0,1.0,0.175,73,0.5987516059102022,ok,0,9,8,0.0
chb03,chb03_02.edf,904.0,908.0,1.0,0.175,74,0.6459406006850896,ok,0,11,10,0.0
chb03,chb03_02.edf,904.0,908.0,1.0,0.175,75,1.5912551774874504,ok,0,9,7,0.0
chb03,chb03_02.edf,904.0,908.0,1.0,0.175,76,0.22553402254439306,ok,0,12,11,0.0
chb03,chb03_02.edf,904.0,908.0,1.0,0.175,77,1.261454559020981,ok,0,10,9,0.0
chb03,chb03_02.edf,904.0,908.0,1.0,0.175,78,2.0008167178077203,ok,0,11,10,0.0
chb03,chb03_02.edf,904.0,908.0,1.0,0.175,79,0.1609368397508929,ok,0,7,6,0.0
chb03,chb03_02.edf,904.0,908.0,1.0,0.175,80,0.8460001481744026,ok,0,12,10,0.0
chb03,chb03_02.edf,904.0,908.0,1.0,0.175,81,1.3218647883394035,ok,0,10,8,0.0
chb03,chb03_02.edf,904.0,908.0,1.0,0.35,62,0.7743914046997703,ok,0,11,10,0.0
chb03,chb03_02.edf,904.0,908.0,1.0,0.35,63,0.14655956456718455,ok,0,8,7,0.0
chb03,chb03_02.edf,904.0,908.0,1.0,0.35,64,0.19787703507497612,ok,0,10,9,0.0
chb03,chb03_02.edf,904.0,908.0,1.0,0.35,65,0.49292157435773215,ok,0,12,10,0.0
chb03,chb03_02.edf,904.0,908.0,1.0,0.35,66,1.5630924733586862,ok,0,11,9,0.0
chb03,chb03_02.edf,904.0,908.0,1.0,0.35,67,1.0346292392189875,ok,0,10,9,0.0
chb03,chb03_02.edf,904.0,908.0,1.0,0.35,68,0.2073097915140307,ok,0,12,10,0.0
chb03,chb03_02.edf,904.0,908.0,1.0,0.35,69,1.0610836315798138,ok,0,8,5,0.0
chb03,chb03_02.edf,904.0,908.0,1.0,0.35,70,0.967657796849726,ok,0,11,10,0.0
chb03,chb03_02.edf,904.0,908.0,1.0,0.35,71,1.7937447317653397,ok,0,10,8,0.0
chb03,chb03_02.edf,904.0,908.0,1.0,0.35,72,0.1692486635019696,ok,0,6,5,0.0
chb03,chb03_02.edf,904.0,908.0,1.0,0.35,73,0.6607166923201049,ok,0,10,9,0.0
chb03,chb03_02.edf,904.0,908.0,1.0,0.35,74,0.6459406006850896,ok,0,11,10,0.0
chb03,chb03_02.edf,904.0,908.0,1.0,0.35,75,1.5585423039488848,ok,0,8,6,0.0
chb03,chb03_02.edf,904.0,908.0,1.0,0.35,76,0.2499525155781146,ok,0,12,11,0.0
chb03,chb03_02.edf,904.0,908.0,1.0,0.35,77,1.261454559020981,ok,0,10,9,0.0
chb03,chb03_02.edf,904.0,908.0,1.0,0.35,78,2.0008167178077203,ok,0,11,10,0.0
chb03,chb03_02.edf,904.0,908.0,1.0,0.35,79,0.18103260203275687,ok,0,7,6,0.0
chb03,chb03_02.edf,904.0,908.0,1.0,0.35,80,0.8047678194834891,ok,0,11,9,0.0
chb03,chb03_02.edf,904.0,908.0,1.0,0.35,81,1.3391475550842002,ok,0,10,9,0.0
chb03,chb03_02.edf,904.0,908.0,1.0,0.7,62,0.7416796627763578,ok,0,10,9,0.0
chb03,chb03_02.edf,904.0,908.0,1.0,0.7,63,0.5876471023285983,ok,0,9,8,0.0
chb03,chb03_02.edf,904.0,908.0,1.0,0.7,64,0.34600165381214254,ok,0,9,8,0.0
chb03,chb03_02.edf,904.0,908.0,1.0,0.7,65,0.4495805831064902,ok,0,11,10,0.0
chb03,chb03_02.edf,904.0,908.0,1.0,0.7,66,1.5630924733586862,ok,0,11,9,0.0
chb03,chb03_02.edf,904.0,908.0,1.0,0.7,67,1.0346292392189875,ok,0,10,9,0.0
chb03,chb03_02.edf,904.0,908.0,1.0,0.7,68,0.2073097915140307,ok,0,12,10,0.0
chb03,chb03_02.edf,904.0,908.0,1.0,0.7,69,1.1854301151542164,ok,0,8,6,0.0
chb03,chb03_02.edf,904.0,908.0,1.0,0.7,70,0.8474685459639674,ok,0,10,9,0.0
chb03,chb03_02.edf,904.0,908.0,1.0,0.7,71,1.7937447317653397,ok,0,10,8,0.0
chb03,chb03_02.edf,904.0,908.0,1.0,0.7,72,0.1411264794352152,ok,0,6,5,0.0
chb03,chb03_02.edf,904.0,908.0,1.0,0.7,73,0.609798341341274,ok,0,10,9,0.0
chb03,chb03_02.edf,904.0,908.0,1.0,0.7,74,0.686412322993393,ok,0,11,10,0.0
chb03,chb03_02.edf,904.0,908.0,1.0,0.7,75,1.562509593754673,ok,0,7,5,0.0
chb03,chb03_02.edf,904.0,908.0,1.0,0.7,76,0.2499525155781146,ok,0,12,11,0.0
chb03,chb03_02.edf,904.0,908.0,1.0,0.7,77,1.3364950984985853,ok,0,11,10,0.0
chb03,chb03_02.edf,904.0,908.0,1.0,0.7,78,2.0143396433050422,ok,0,11,10,0.0
chb03,chb03_02.edf,904.0,908.0,1.0,0.7,79,0.22834126531224744,ok,0,7,6,0.0
chb03,chb03_02.edf,904.0,908.0,1.0,0.7,80,0.8047678194834891,ok,0,11,9,0.0
chb03,chb03_02.edf,904.0,908.0,1.0,0.7,81,1.3027634371434536,ok,0,10,9,0.0
chb03,chb03_02.edf,2700.0,2704.0,0.25,0.0,62,0.6171842911523988,ok,0,10,9,0.0
chb03,chb03_02.edf,2700.0,2704.0,0.25,0.0,63,2.043747370146671,ok,0,9,8,0.0
chb03,chb03_02.edf,2700.0,2704.0,0.25,0.0,64,0.8756532617719204,ok,0,9,8,0.0
chb03,chb03_02.edf,2700.0,2704.0,0.25,0.0,65,0.9667718123938864,ok,0,11,10,0.0
chb03,chb03_02.edf,2700.0,2704.0,0.25,0.0,66,0.3631787913269073,ok,0,11,9,0.0
chb03,chb03_02.edf,2700.0,2704.0,0.25,0.0,67,0.8092054221906116,ok,0,11,9,0.0
chb03,chb03_02.edf,2700.0,2704.0,0.25,0.0,68,0.9681035064574081,ok,0,9,8,0.0
chb03,chb03_02.edf,2700.0,2704.0,0.25,0.0,69,1.241548694349417,ok,0,10,8,0.0
chb03,chb03_02.edf,2700.0,2704.0,0.25,0.0,70,0.2793983295119334,ok,0,9,8,0.0
chb03,chb03_02.edf,2700.0,2704.0,0.25,0.0,71,1.5904417843670142,ok,0,12,11,0.0
chb03,chb03_02.edf,2700.0,2704.0,0.25,0.0,72,0.9990557900479503,ok,0,11,9,0.0
chb03,chb03_02.edf,2700.0,2704.0,0.25,0.0,73,0.4814093715175572,ok,0,8,7,0.0
chb03,chb03_02.edf,2700.0,2704.0,0.25,0.0,74,0.6162790697674418,ok,0,11,8,0.0
chb03,chb03_02.edf,2700.0,2704.0,0.25,0.0,75,0.35394981220923855,ok,0,12,11,0.0
chb03,chb03_02.edf,2700.0,2704.0,0.25,0.0,76,0.3909772130214703,ok,0,12,11,0.0
chb03,chb03_02.edf,2700.0,2704.0,0.25,0.0,77,0.9447730595988872,ok,0,6,4,0.0
chb03,chb03_02.edf,2700.0,2704.0,0.25,0.0,78,1.3483863463099397,ok,0,11,10,0.0
chb03,chb03_02.edf,2700.0,2704.0,0.25,0.0,79,0.1609368397508929,ok,0,7,6,0.0
chb03,chb03_02.edf,2700.0,2704.0,0.25,0.0,80,0.1797136108456547,ok,0,12,10,0.0
chb03,chb03_02.edf,2700.0,2704.0,0.25,0.0,81,1.4033891062507988,ok,0,10,7,0.0
chb03,chb03_02.edf,2700.0,2704.0,0.25,0.175,62,0.548618224899064,ok,0,9,8,0.0
chb03,chb03_02.edf,2700.0,2704.0,0.25,0.175,63,2.043747370146671,ok,0,9,8,0.0
chb03,chb03_02.edf,2700.0,2704.0,0.25,0.175,64,0.8756532617719204,ok,0,9,8,0.0
chb03,chb03_02.edf,2700.0,2704.0,0.25,0.175,65,1.0070533376495008,ok,0,11,10,0.0
chb03,chb03_02.edf,2700.0,2704.0,0.25,0.175,66,0.3428004452807938,ok,0,11,9,0.0
chb03,chb03_02.edf,2700.0,2704.0,0.25,0.175,67,0.793177848124112,ok,0,11,9,0.0
chb03,chb03_02.edf,2700.0,2704.0,0.25,0.175,68,1.046349240967186,ok,0,10,9,0.0
chb03,chb03_02.edf,2700.0,2704.0,0.25,0.175,69,1.241548694349417,ok,0,10,8,0.0
chb03,chb03_02.edf,2700.0,2704.0,0.25,0.175,70,0.2793983295119334,ok,0,9,8,0.0
chb03,chb03_02.edf,2700.0,2704.0,0.25,0.175,71,1.3880944615992352,ok,0,13,12,0.0
chb03,chb03_02.edf,2700.0,2704.0,0.25,0.175,72,1.3479668110204819,ok,0,10,8,0.0
chb03,chb03_02.edf,2700.0,2704.0,0.25,0.175,73,0.48200244061368014,ok,0,9,8,0.0
chb03,chb03_02.edf,2700.0,2704.0,0.25,0.175,74,0.6294427465834973,ok,0,10,7,0.0
chb03,chb03_02.edf,2700.0,2704.0,0.25,0.175,75,0.35394981220923855,ok,0,12,11,0.0
chb03,chb03_02.edf,2700.0,2704.0,0.25,0.175,76,0.3909772130214703,ok,0,12,11,0.0
chb03,chb03_02.edf,2700.0,2704.0,0.25,0.175,77,0.9447730595988872,ok,0,6,4,0.0
chb03,chb03_02.edf,2700.0,2704.0,0.25,0.175,78,1.8281855767388948,ok,0,10,9,0.0
chb03,chb03_02.edf,2700.0,2704.0,0.25,0.175,79,0.1609368397508929,ok,0,7,6,0.0
chb03,chb03_02.edf,2700.0,2704.0,0.25,0.175,80,0.20805602846257226,ok,0,12,9,0.0
chb03,chb03_02.edf,2700.0,2704.0,0.25,0.175,81,1.391697303472564,ok,0,9,8,0.0
chb03,chb03_02.edf,2700.0,2704.0,0.25,0.35,62,0.7902939132727492,ok,0,10,9,0.0
chb03,chb03_02.edf,2700.0,2704.0,0.25,0.35,63,1.761144886844643,ok,0,10,9,0.0
chb03,chb03_02.edf,2700.0,2704.0,0.25,0.35,64,0.8188259878606116,ok,0,8,7,0.0
chb03,chb03_02.edf,2700.0,2704.0,0.25,0.35,65,0.968794579757069,ok,0,12,11,0.0
chb03,chb03_02.edf,2700.0,2704.0,0.25,0.35,66,0.3428004452807938,ok,0,11,9,0.0
chb03,chb03_02.edf,2700.0,2704.0,0.25,0.35,67,0.52767225996826,ok,0,12,10,0.0
chb03,chb03_02.edf,2700.0,2704.0,0.25,0.35,68,1.046349240967186,ok,0,10,9,0.0
chb03,chb03_02.edf,2700.0,2704.0,0.25,0.35,69,1.2413538655479686,ok,0,10,8,0.0
chb03,chb03_02.edf,2700.0,2704.0,0.25,0.35,70,0.2793983295119334,ok,0,9,8,0.0
chb03,chb03_02.edf,2700.0,2704.0,0.25,0.35,71,1.3880944615992352,ok,0,13,12,0.0
chb03,chb03_02.edf,2700.0,2704.0,0.25,0.35,72,1.3637308109725095,ok,0,9,7,0.0
chb03,chb03_02.edf,2700.0,2704.0,0.25,0.35,73,0.48200244061368014,ok,0,9,8,0.0
chb03,chb03_02.edf,2700.0,2704.0,0.25,0.35,74,0.5982427509898226,ok,0,9,7,0.0
chb03,chb03_02.edf,2700.0,2704.0,0.25,0.35,75,0.35394981220923855,ok,0,12,11,0.0
chb03,chb03_02.edf,2700.0,2704.0,0.25,0.35,76,0.45688565438863543,ok,0,13,12,0.0
chb03,chb03_02.edf,2700.0,2704.0,0.25,0.35,77,0.9447730595988872,ok,0,6,4,0.0
chb03,chb03_02.edf,2700.0,2704.0,0.25,0.35,78,1.8092562112554755,ok,0,10,9,0.0
chb03,chb03_02.edf,2700.0,2704.0,0.25,0.35,79,0.1609368397508929,ok,0,7,6,0.0
chb03,chb03_02.edf,2700.0,2704.0,0.25,0.35,80,0.20805602846257226,ok,0,12,9,0.0
chb03,chb03_02.edf,2700.0,2704.0,0.25,0.35,81,1.391697303472564,ok,0,9,8,0.0
chb03,chb03_02.edf,2700.0,2704.0,0.25,0.7,62,0.7873014216596345,ok,0,8,7,0.0
chb03,chb03_02.edf,2700.0,2704.0,0.25,0.7,63,1.761144886844643,ok,0,10,9,0.0
chb03,chb03_02.edf,2700.0,2704.0,0.25,0.7,64,0.8079273119941282,ok,0,8,7,0.0
chb03,chb03_02.edf,2700.0,2704.0,0.25,0.7,65,0.9556501281878487,ok,0,11,10,0.0
chb03,chb03_02.edf,2700.0,2704.0,0.25,0.7,66,0.3428004452807938,ok,0,11,9,0.0
chb03,chb03_02.edf,2700.0,2704.0,0.25,0.7,67,0.5481415143401637,ok,0,10,9,0.0
chb03,chb03_02.edf,2700.0,2704.0,0.25,0.7,68,1.1082334707464159,ok,0,8,6,0.0
chb03,chb03_02.edf,2700.0,2704.0,0.25,0.7,69,1.1044010562713413,ok,0,10,8,0.0
chb03,chb03_02.edf,2700.0,2704.0,0.25,0.7,70,0.29651071462799167,ok,0,12,10,0.0
chb03,chb03_02.edf,2700.0,2704.0,0.25,0.7,71,1.3880944615992352,ok,0,13,12,0.0
chb03,chb03_02.edf,2700.0,2704.0,0.25,0.7,72,1.0846211392272584,ok,0,9,6,0.0
chb03,chb03_02.edf,2700.0,2704.0,0.25,0.7,73,0.4932557639797751,ok,0,9,8,0.0
chb03,chb03_02.edf,2700.0,2704.0,0.25,0.7,74,0.1921167150753533,ok,0,11,9,0.0
chb03,chb03_02.edf,2700.0,2704.0,0.25,0.7,75,0.5434551062728991,ok,0,12,10,0.0
chb03,chb03_02.edf,2700.0,2704.0,0.25,0.7,76,0.49466963963126825,ok,0,13,12,0.0
chb03,chb03_02.edf,2700.0,2704.0,0.25,0.7,77,0.9448272784811769,ok,0,6,4,0.0
chb03,chb03_02.edf,2700.0,2704.0,0.25,0.7,78,1.5595584075373852,ok,0,11,10,0.0
chb03,chb03_02.edf,2700.0,2704.0,0.25,0.7,79,0.1609368397508929,ok,0,7,6,0.0
chb03,chb03_02.edf,2700.0,2704.0,0.25,0.7,80,0.18317349230170574,ok,0,11,9,0.0
chb03,chb03_02.edf,2700.0,2704.0,0.25,0.7,81,0.9786660238186181,ok,0,10,9,0.0
chb03,chb03_02.edf,2700.0,2704.0,0.5,0.0,62,0.5712931377579745,ok,0,12,11,0.0
chb03,chb03_02.edf,2700.0,2704.0,0.5,0.0,63,0.16726057798219393,ok,0,8,7,0.0
chb03,chb03_02.edf,2700.0,2704.0,0.5,0.0,64,0.19637001542360058,ok,0,9,8,0.0
chb03,chb03_02.edf,2700.0,2704.0,0.5,0.0,65,0.546024803519956,ok,0,10,8,0.0
chb03,chb03_02.edf,2700.0,2704.0,0.5,0.0,66,0.3428004452807938,ok,0,11,9,0.0
chb03,chb03_02.edf,2700.0,2704.0,0.5,0.0,67,0.9454773281444654,ok,0,7,6,0.0
chb03,chb03_02.edf,2700.0,2704.0,0.5,0.0,68,1.2291207868644798,ok,0,12,11,0.0
chb03,chb03_02.edf,2700.0,2704.0,0.5,0.0,69,1.1682562182790923,ok,0,9,7,0.0
chb03,chb03_02.edf,2700.0,2704.0,0.5,0.0,70,0.5111811702061327,ok,0,14,13,0.0
chb03,chb03_02.edf,2700.0,2704.0,0.5,0.0,71,1.8179982256514546,ok,0,11,9,0.0
chb03,chb03_02.edf,2700.0,2704.0,0.5,0.0,72,0.18642507739616473,ok,0,6,5,0.0
chb03,chb03_02.edf,2700.0,2704.0,0.5,0.0,73,0.6286253346157429,ok,0,10,9,0.0
chb03,chb03_02.edf,2700.0,2704.0,0.5,0.0,74,0.6476197533905482,ok,0,9,7,0.0
chb03,chb03_02.edf,2700.0,2704.0,0.5,0.0,75,0.9626906857352386,ok,0,12,10,0.0
chb03,chb03_02.edf,2700.0,2704.0,0.5,0.0,76,0.48840569686484475,ok,0,10,9,0.0
chb03,chb03_02.edf,2700.0,2704.0,0.5,0.0,77,1.4397992123948258,ok,0,10,9,0.0
chb03,chb03_02.edf,2700.0,2704.0,0.5,0.0,78,0.8783739115481473,ok,0,10,9,0.0
chb03,chb03_02.edf,2700.0,2704.0,0.5,0.0,79,0.6660998123404629,ok,0,8,7,0.0
chb03,chb03_02.edf,2700.0,2704.0,0.5,0.0,80,0.48943288169382493,ok,0,10,8,0.0
chb03,chb03_02.edf,2700.0,2704.0,0.5,0.0,81,1.3487816138931745,ok,0,10,9,0.0
chb03,chb03_02.edf,2700.0,2704.0,0.5,0.175,62,0.5712931377579745,ok,0,12,11,0.0
chb03,chb03_02.edf,2700.0,2704.0,0.5,0.175,63,0.16726057798219393,ok,0,8,7,0.0
chb03,chb03_02.edf,2700.0,2704.0,0.5,0.175,64,0.19637001542360058,ok,0,9,8,0.0
chb03,chb03_02.edf,2700.0,2704.0,0.5,0.175,65,0.5518250131061467,ok,0,10,8,0.0
chb03,chb03_02.edf,2700.0,2704.0,0.5,0.175,66,0.3428004452807938,ok,0,11,9,0.0
chb03,chb03_02.edf,2700.0,2704.0,0.5,0.175,67,0.8377672197615914,ok,0,6,5,0.0
chb03,chb03_02.edf,2700.0,2704.0,0.5,0.175,68,1.2291207868644798,ok,0,12,11,0.0
chb03,chb03_02.edf,2700.0,2704.0,0.5,0.175,69,1.2636524125816837,ok,0,9,8,0.0
chb03,chb03_02.edf,2700.0,2704.0,0.5,0.175,70,0.509154547108042,ok,0,14,13,0.0
chb03,chb03_02.edf,2700.0,2704.0,0.5,0.175,71,1.5475911032956122,ok,0,12,10,0.0
chb03,chb03_02.edf,2700.0,2704.0,0.5,0.175,72,0.18642507739616473,ok,0,6,5,0.0
chb03,chb03_02.edf,2700.0,2704.0,0.5,0.175,73,0.5731905297634168,ok,0,10,9,0.0
chb03,chb03_02.edf,2700.0,2704.0,0.5,0.175,74,0.6476197533905482,ok,0,9,7,0.0
chb03,chb03_02.edf,2700.0,2704.0,0.5,0.175,75,0.9626906857352386,ok,0,12,10,0.0
chb03,chb03_02.edf,2700.0,2704.0,0.5,0.175,76,0.48840569686484475,ok,0,10,9,0.0
chb03,chb03_02.edf,2700.0,2704.0,0.5,0.175,77,1.4397992123948258,ok,0,10,9,0.0
chb03,chb03_02.edf,2700.0,2704.0,0.5,0.175,78,0.8764622074007292,ok,0,10,9,0.0
chb03,chb03_02.edf,2700.0,2704.0,0.5,0.175,79,0.1609368397508929,ok,0,7,6,0.0
chb03,chb03_02.edf,2700.0,2704.0,0.5,0.175,80,0.48943288169382493,ok,0,10,8,0.0
chb03,chb03_02.edf,2700.0,2704.0,0.5,0.175,81,1.3487816138931745,ok,0,10,9,0.0
chb03,chb03_02.edf,2700.0,2704.0,0.5,0.35,62,0.5662979674797004,ok,0,12,11,0.0
chb03,chb03_02.edf,2700.0,2704.0,0.5,0.35,63,0.5946050294951504,ok,0,9,8,0.0
chb03,chb03_02.edf,2700.0,2704.0,0.5,0.35,64,0.1886549942911231,ok,0,8,7,0.0
chb03,chb03_02.edf,2700.0,2704.0,0.5,0.35,65,0.44790158442151184,ok,0,10,8,0.0
chb03,chb03_02.edf,2700.0,2704.0,0.5,0.35,66,0.3428004452807938,ok,0,11,9,0.0
chb03,chb03_02.edf,2700.0,2704.0,0.5,0.35,67,0.8377672197615914,ok,0,6,5,0.0
chb03,chb03_02.edf,2700.0,2704.0,0.5,0.35,68,1.2291207868644798,ok,0,12,11,0.0
chb03,chb03_02.edf,2700.0,2704.0,0.5,0.35,69,1.263471376705154,ok,0,9,8,0.0
chb03,chb03_02.edf,2700.0,2704.0,0.5,0.35,70,0.509154547108042,ok,0,14,13,0.0
chb03,chb03_02.edf,2700.0,2704.0,0.5,0.35,71,1.5475911032956122,ok,0,12,10,0.0
chb03,chb03_02.edf,2700.0,2704.0,0.5,0.35,72,0.18642507739616473,ok,0,6,5,0.0
chb03,chb03_02.edf,2700.0,2704.0,0.5,0.35,73,0.517800755049191,ok,0,10,9,0.0
chb03,chb03_02.edf,2700.0,2704.0,0.5,0.35,74,0.8203218002725045,ok,0,9,8,0.0
chb03,chb03_02.edf,2700.0,2704.0,0.5,0.35,75,0.9109122904933337,ok,0,11,10,0.0
chb03,chb03_02.edf,2700.0,2704.0,0.5,0.35,76,0.5111297385677903,ok,0,11,10,0.0
chb03,chb03_02.edf,2700.0,2704.0,0.5,0.35,77,0.14113296980235743,ok,0,9,8,0.0
chb03,chb03_02.edf,2700.0,2704.0,0.5,0.35,78,0.5553453276065705,ok,0,11,10,0.0
chb03,chb03_02.edf,2700.0,2704.0,0.5,0.35,79,0.1609368397508929,ok,0,7,6,0.0
chb03,chb03_02.edf,2700.0,2704.0,0.5,0.35,80,0.48943288169382493,ok,0,10,8,0.0
chb03,chb03_02.edf,2700.0,2704.0,0.5,0.35,81,1.3487816138931745,ok,0,10,9,0.0
chb03,chb03_02.edf,2700.0,2704.0,0.5,0.7,62,0.5662979674797004,ok,0,12,11,0.0
chb03,chb03_02.edf,2700.0,2704.0,0.5,0.7,63,0.6120698423037012,ok,0,10,9,0.0
chb03,chb03_02.edf,2700.0,2704.0,0.5,0.7,64,0.1886549942911231,ok,0,8,7,0.0
chb03,chb03_02.edf,2700.0,2704.0,0.5,0.7,65,0.278500138006799,ok,0,8,7,0.0
chb03,chb03_02.edf,2700.0,2704.0,0.5,0.7,66,0.3428004452807938,ok,0,11,9,0.0
chb03,chb03_02.edf,2700.0,2704.0,0.5,0.7,67,0.8377672197615914,ok,0,6,5,0.0
chb03,chb03_02.edf,2700.0,2704.0,0.5,0.7,68,1.316912336167536,ok,0,11,10,0.0
chb03,chb03_02.edf,2700.0,2704.0,0.5,0.7,69,1.1716502796719743,ok,0,9,7,0.0
chb03,chb03_02.edf,2700.0,2704.0,0.5,0.7,70,0.6893904550079775,ok,0,12,11,0.0
chb03,chb03_02.edf,2700.0,2704.0,0.5,0.7,71,1.5475911032956122,ok,0,12,10,0.0
chb03,chb03_02.edf,2700.0,2704.0,0.5,0.7,72,0.17941270087025635,ok,0,6,5,0.0
chb03,chb03_02.edf,2700.0,2704.0,0.5,0.7,73,0.556177771099446,ok,0,10,9,0.0
chb03,chb03_02.edf,2700.0,2704.0,0.5,0.7,74,0.8304771747859696,ok,0,9,7,0.0
chb03,chb03_02.edf,2700.0,2704.0,0.5,0.7,75,0.9626906857352386,ok,0,12,10,0.0
chb03,chb03_02.edf,2700.0,2704.0,0.5,0.7,76,0.332964730776754,ok,0,11,10,0.0
chb03,chb03_02.edf,2700.0,2704.0,0.5,0.7,77,0.1403159073603611,ok,0,10,8,0.0
chb03,chb03_02.edf,2700.0,2704.0,0.5,0.7,78,0.5121330655650128,ok,0,10,9,0.0
chb03,chb03_02.edf,2700.0,2704.0,0.5,0.7,79,0.1609368397508929,ok,0,7,6,0.0
chb03,chb03_02.edf,2700.0,2704.0,0.5,0.7,80,0.48943288169382493,ok,0,10,8,0.0
chb03,chb03_02.edf,2700.0,2704.0,0.5,0.7,81,0.9085959030545672,ok,0,11,10,0.0
chb03,chb03_02.edf,2700.0,2704.0,1.0,0.0,62,0.7743914046997703,ok,0,11,10,0.0
chb03,chb03_02.edf,2700.0,2704.0,1.0,0.0,63,0.21488489744161204,ok,0,8,7,0.0
chb03,chb03_02.edf,2700.0,2704.0,1.0,0.0,64,0.17192047651837583,ok,0,10,9,0.0
chb03,chb03_02.edf,2700.0,2704.0,1.0,0.0,65,0.48620003231413916,ok,0,12,9,0.0
chb03,chb03_02.edf,2700.0,2704.0,1.0,0.0,66,1.3756822323974554,ok,0,13,11,0.0
chb03,chb03_02.edf,2700.0,2704.0,1.0,0.0,67,1.0067830609804835,ok,0,9,8,0.0
chb03,chb03_02.edf,2700.0,2704.0,1.0,0.0,68,1.5176810316646947,ok,0,13,11,0.0
chb03,chb03_02.edf,2700.0,2704.0,1.0,0.0,69,1.0610836315798138,ok,0,8,5,0.0
chb03,chb03_02.edf,2700.0,2704.0,1.0,0.0,70,0.981919803246944,ok,0,12,11,0.0
chb03,chb03_02.edf,2700.0,2704.0,1.0,0.0,71,1.7937447317653397,ok,0,10,8,0.0
chb03,chb03_02.edf,2700.0,2704.0,1.0,0.0,72,0.18642507739616473,ok,0,6,5,0.0
chb03,chb03_02.edf,2700.0,2704.0,1.0,0.0,73,0.5987516059102022,ok,0,9,8,0.0
chb03,chb03_02.edf,2700.0,2704.0,1.0,0.0,74,0.6443582292066723,ok,0,11,10,0.0
chb03,chb03_02.edf,2700.0,2704.0,1.0,0.0,75,1.65888681246551,ok,0,10,7,0.0
chb03,chb03_02.edf,2700.0,2704.0,1.0,0.0,76,0.22553402254439306,ok,0,12,11,0.0
chb03,chb03_02.edf,2700.0,2704.0,1.0,0.0,77,1.261454559020981,ok,0,10,9,0.0
chb03,chb03_02.edf,2700.0,2704.0,1.0,0.0,78,1.9856992051961986,ok,0,12,11,0.0
chb03,chb03_02.edf,2700.0,2704.0,1.0,0.0,79,0.1609368397508929,ok,0,7,6,0.0
chb03,chb03_02.edf,2700.0,2704.0,1.0,0.0,80,0.8375512923759941,ok,0,11,9,0.0
chb03,chb03_02.edf,2700.0,2704.0,1.0,0.0,81,1.3218647883394035,ok,0,10,8,0.0
chb03,chb03_02.edf,2700.0,2704.0,1.0,0.175,62,0.7743914046997703,ok,0,11,10,0.0
chb03,chb03_02.edf,2700.0,2704.0,1.0,0.175,63,0.16726057798219393,ok,0,8,7,0.0
chb03,chb03_02.edf,2700.0,2704.0,1.0,0.175,64,0.17192047651837583,ok,0,10,9,0.0
chb03,chb03_02.edf,2700.0,2704.0,1.0,0.175,65,0.48620003231413916,ok,0,12,9,0.0
chb03,chb03_02.edf,2700.0,2704.0,1.0,0.175,66,1.5167540848237777,ok,0,12,10,0.0
chb03,chb03_02.edf,2700.0,2704.0,1.0,0.175,67,1.0067830609804835,ok,0,9,8,0.0
chb03,chb03_02.edf,2700.0,2704.0,1.0,0.175,68,1.5176810316646947,ok,0,13,11,0.0
chb03,chb03_02.edf,2700.0,2704.0,1.0,0.175,69,1.0610836315798138,ok,0,8,5,0.0
chb03,chb03_02.edf,2700.0,2704.0,1.0,0.175,70,0.981919803246944,ok,0,12,11,0.0
chb03,chb03_02.edf,2700.0,2704.0,1.0,0.175,71,1.7937447317653397,ok,0,10,8,0.0
chb03,chb03_02.edf,2700.0,2704.0,1.0,0.175,72,0.18642507739616473,ok,0,6,5,0.0
chb03,chb03_02.edf,2700.0,2704.0,1.0,0.175,73,0.6509225070618303,ok,0,9,8,0.0
chb03,chb03_02.edf,2700.0,2704.0,1.0,0.175,74,0.6265503624779104,ok,0,10,9,0.0
chb03,chb03_02.edf,2700.0,2704.0,1.0,0.175,75,1.5955909285876222,ok,0,8,6,0.0
chb03,chb03_02.edf,2700.0,2704.0,1.0,0.175,76,0.22553402254439306,ok,0,12,11,0.0
chb03,chb03_02.edf,2700.0,2704.0,1.0,0.175,77,1.261454559020981,ok,0,10,9,0.0
chb03,chb03_02.edf,2700.0,2704.0,1.0,0.175,78,1.9856992051961986,ok,0,12,11,0.0
chb03,chb03_02.edf,2700.0,2704.0,1.0,0.175,79,0.1609368397508929,ok,0,7,6,0.0
chb03,chb03_02.edf,2700.0,2704.0,1.0,0.175,80,0.7001723173641382,ok,0,11,9,0.0
chb03,chb03_02.edf,2700.0,2704.0,1.0,0.175,81,1.3218647883394035,ok,0,10,8,0.0
chb03,chb03_02.edf,2700.0,2704.0,1.0,0.35,62,0.7718735348950996,ok,0,11,10,0.0
chb03,chb03_02.edf,2700.0,2704.0,1.0,0.35,63,0.5946050294951504,ok,0,9,8,0.0
chb03,chb03_02.edf,2700.0,2704.0,1.0,0.35,64,0.17192047651837583,ok,0,10,9,0.0
chb03,chb03_02.edf,2700.0,2704.0,1.0,0.35,65,0.48620003231413916,ok,0,12,9,0.0
chb03,chb03_02.edf,2700.0,2704.0,1.0,0.35,66,1.5167540848237777,ok,0,12,10,0.0
chb03,chb03_02.edf,2700.0,2704.0,1.0,0.35,67,1.0276695755361174,ok,0,9,8,0.0
chb03,chb03_02.edf,2700.0,2704.0,1.0,0.35,68,1.5176810316646947,ok,0,13,11,0.0
chb03,chb03_02.edf,2700.0,2704.0,1.0,0.35,69,1.0610836315798138,ok,0,8,5,0.0
chb03,chb03_02.edf,2700.0,2704.0,1.0,0.35,70,0.981919803246944,ok,0,12,11,0.0
chb03,chb03_02.edf,2700.0,2704.0,1.0,0.35,71,1.7937447317653397,ok,0,10,8,0.0
chb03,chb03_02.edf,2700.0,2704.0,1.0,0.35,72,0.17941270087025635,ok,0,6,5,0.0
chb03,chb03_02.edf,2700.0,2704.0,1.0,0.35,73,0.6697542015986561,ok,0,9,8,0.0
chb03,chb03_02.edf,2700.0,2704.0,1.0,0.35,74,0.6265503624779104,ok,0,10,9,0.0
chb03,chb03_02.edf,2700.0,2704.0,1.0,0.35,75,1.592856858501429,ok,0,8,6,0.0
chb03,chb03_02.edf,2700.0,2704.0,1.0,0.35,76,0.2499525155781146,ok,0,12,11,0.0
chb03,chb03_02.edf,2700.0,2704.0,1.0,0.35,77,1.261454559020981,ok,0,10,9,0.0
chb03,chb03_02.edf,2700.0,2704.0,1.0,0.35,78,1.9856992051961986,ok,0,12,11,0.0
chb03,chb03_02.edf,2700.0,2704.0,1.0,0.35,79,0.1609368397508929,ok,0,7,6,0.0
chb03,chb03_02.edf,2700.0,2704.0,1.0,0.35,80,0.7001723173641382,ok,0,11,9,0.0
chb03,chb03_02.edf,2700.0,2704.0,1.0,0.35,81,1.3218647883394035,ok,0,10,8,0.0
chb03,chb03_02.edf,2700.0,2704.0,1.0,0.7,62,0.7718735348950996,ok,0,11,10,0.0
chb03,chb03_02.edf,2700.0,2704.0,1.0,0.7,63,0.5946050294951504,ok,0,9,8,0.0
chb03,chb03_02.edf,2700.0,2704.0,1.0,0.7,64,0.17192047651837583,ok,0,10,9,0.0
chb03,chb03_02.edf,2700.0,2704.0,1.0,0.7,65,0.22081739061948902,ok,0,10,8,0.0
chb03,chb03_02.edf,2700.0,2704.0,1.0,0.7,66,1.5167540848237777,ok,0,12,10,0.0
chb03,chb03_02.edf,2700.0,2704.0,1.0,0.7,67,0.9697480806852643,ok,0,8,7,0.0
chb03,chb03_02.edf,2700.0,2704.0,1.0,0.7,68,1.540499927499832,ok,0,11,9,0.0
chb03,chb03_02.edf,2700.0,2704.0,1.0,0.7,69,1.200568509534004,ok,0,7,6,0.0
chb03,chb03_02.edf,2700.0,2704.0,1.0,0.7,70,1.0155915292316133,ok,0,10,9,0.0
chb03,chb03_02.edf,2700.0,2704.0,1.0,0.7,71,1.5539808857919553,ok,0,11,9,0.0
chb03,chb03_02.edf,2700.0,2704.0,1.0,0.7,72,0.17941270087025635,ok,0,6,5,0.0
chb03,chb03_02.edf,2700.0,2704.0,1.0,0.7,73,0.6453508955909929,ok,0,9,8,0.0
chb03,chb03_02.edf,2700.0,2704.0,1.0,0.7,74,0.6582820842598307,ok,0,11,9,0.0
chb03,chb03_02.edf,2700.0,2704.0,1.0,0.7,75,1.5931517009567933,ok,0,8,7,0.0
chb03,chb03_02.edf,2700.0,2704.0,1.0,0.7,76,0.3026074715240195,ok,0,11,10,0.0
chb03,chb03_02.edf,2700.0,2704.0,1.0,0.7,77,1.262029887125709,ok,0,9,8,0.0
chb03,chb03_02.edf,2700.0,2704.0,1.0,0.7,78,1.9856992051961986,ok,0,12,11,0.0
chb03,chb03_02.edf,2700.0,2704.0,1.0,0.7,79,0.1609368397508929,ok,0,7,6,0.0
chb03,chb03_02.edf,2700.0,2704.0,1.0,0.7,80,0.7001723173641382,ok,0,11,9,0.0
chb03,chb03_02.edf,2700.0,2704.0,1.0,0.7,81,0.9547555471281723,ok,0,11,9,0.0
chb03,chb03_03.edf,904.0,908.0,0.25,0.0,62,0.6171842911523988,ok,0,10,9,0.0
chb03,chb03_03.edf,904.0,908.0,0.25,0.0,63,2.043747370146671,ok,0,9,8,0.0
chb03,chb03_03.edf,904.0,908.0,0.25,0.0,64,0.8756532617719204,ok,0,9,8,0.0
chb03,chb03_03.edf,904.0,908.0,0.25,0.0,65,0.9667718123938864,ok,0,11,10,0.0
chb03,chb03_03.edf,904.0,908.0,0.25,0.0,66,0.3631787913269073,ok,0,11,9,0.0
chb03,chb03_03.edf,904.0,908.0,0.25,0.0,67,0.8092054221906116,ok,0,11,9,0.0
chb03,chb03_03.edf,904.0,908.0,0.25,0.0,68,0.9681035064574081,ok,0,9,8,0.0
chb03,chb03_03.edf,904.0,908.0,0.25,0.0,69,1.241548694349417,ok,0,10,8,0.0
chb03,chb03_03.edf,904.0,908.0,0.25,0.0,70,0.2793983295119334,ok,0,9,8,0.0
chb03,chb03_03.edf,904.0,908.0,0.25,0.0,71,1.5904417843670142,ok,0,12,11,0.0
chb03,chb03_03.edf,904.0,908.0,0.25,0.0,72,0.9990557900479503,ok,0,11,9,0.0
chb03,chb03_03.edf,904.0,908.0,0.25,0.0,73,0.4814093715175572,ok,0,8,7,0.0
chb03,chb03_03.edf,904.0,908.0,0.25,0.0,74,0.6162790697674418,ok,0,11,8,0.0
chb03,chb03_03.edf,904.0,908.0,0.25,0.0,75,0.35394981220923855,ok,0,12,11,0.0
chb03,chb03_03.edf,904.0,908.0,0.25,0.0,76,0.3909772130214703,ok,0,12,11,0.0
chb03,chb03_03.edf,904.0,908.0,0.25,0.0,77,0.9447730595988872,ok,0,6,4,0.0
chb03,chb03_03.edf,904.0,908.0,0.25,0.0,78,1.3483863463099397,ok,0,11,10,0.0
chb03,chb03_03.edf,904.0,908.0,0.25,0.0,79,0.1609368397508929,ok,0,7,6,0.0
chb03,chb03_03.edf,904.0,908.0,0.25,0.0,80,0.1797136108456547,ok,0,12,10,0.0
chb03,chb03_03.edf,904.0,908.0,0.25,0.0,81,1.4033891062507988,ok,0,10,7,0.0
chb03,chb03_03.edf,904.0,908.0,0.25,0.175,62,0.7728096094960322,ok,0,9,8,0.0
chb03,chb03_03.edf,904.0,908.0,0.25,0.175,63,2.0341077992701977,ok,0,9,8,0.0
chb03,chb03_03.edf,904.0,908.0,0.25,0.175,64,0.8756532617719204,ok,0,9,8,0.0
chb03,chb03_03.edf,904.0,908.0,0.25,0.175,65,0.9667718123938864,ok,0,11,10,0.0
chb03,chb03_03.edf,904.0,908.0,0.25,0.175,66,0.3631787913269073,ok,0,11,9,0.0
chb03,chb03_03.edf,904.0,908.0,0.25,0.175,67,0.818340372717771,ok,0,11,9,0.0
chb03,chb03_03.edf,904.0,908.0,0.25,0.175,68,1.046349240967186,ok,0,10,9,0.0
chb03,chb03_03.edf,904.0,908.0,0.25,0.175,69,1.174500866722712,ok,0,9,6,0.0
chb03,chb03_03.edf,904.0,908.0,0.25,0.175,70,0.2793983295119334,ok,0,9,8,0.0
chb03,chb03_03.edf,904.0,908.0,0.25,0.175,71,1.5904417843670142,ok,0,12,11,0.0
chb03,chb03_03.edf,904.0,908.0,0.25,0.175,72,1.0189295409461563,ok,0,10,8,0.0
chb03,chb03_03.edf,904.0,908.0,0.25,0.175,73,0.6186330154204777,ok,0,8,6,0.0
chb03,chb03_03.edf,904.0,908.0,0.25,0.175,74,0.6162790697674418,ok,0,11,8,0.0
chb03,chb03_03.edf,904.0,908.0,0.25,0.175,75,0.5376264280321666,ok,0,11,10,0.0
chb03,chb03_03.edf,904.0,908.0,0.25,0.175,76,0.3909772130214703,ok,0,12,11,0.0
chb03,chb03_03.edf,904.0,908.0,0.25,0.175,77,0.9447730595988872,ok,0,6,4,0.0
chb03,chb03_03.edf,904.0,908.0,0.25,0.175,78,1.3618046618580464,ok,0,10,9,0.0
chb03,chb03_03.edf,904.0,908.0,0.25,0.175,79,0.1609368397508929,ok,0,7,6,0.0
chb03,chb03_03.edf,904.0,908.0,0.25,0.175,80,0.16139070270625072,ok,0,11,10,0.0
chb03,chb03_03.edf,904.0,908.0,0.25,0.175,81,1.3951320693161031,ok,0,9,8,0.0
chb03,chb03_03.edf,904.0,908.0,0.25,0.35,62,0.7728096094960322,ok,0,9,8,0.0
chb03,chb03_03.edf,904.0,908.0,0.25,0.35,63,2.0342364192287428,ok,0,9,8,0.0
chb03,chb03_03.edf,904.0,908.0,0.25,0.35,64,0.8374454816418183,ok,0,9,8,0.0
chb03,chb03_03.edf,904.0,908.0,0.25,0.35,65,0.9541269900175259,ok,0,11,10,0.0
chb03,chb03_03.edf,904.0,908.0,0.25,0.35,66,0.3631787913269073,ok,0,11,9,0.0
chb03,chb03_03.edf,904.0,908.0,0.25,0.35,67,0.43804751046763546,ok,0,12,11,0.0
chb03,chb03_03.edf,904.0,908.0,0.25,0.35,68,1.0222414270957771,ok,0,10,9,0.0
chb03,chb03_03.edf,904.0,908.0,0.25,0.35,69,1.174500866722712,ok,0,9,6,0.0
chb03,chb03_03.edf,904.0,908.0,0.25,0.35,70,0.2793983295119334,ok,0,9,8,0.0
chb03,chb03_03.edf,904.0,908.0,0.25,0.35,71,1.5904417843670142,ok,0,12,11,0.0
chb03,chb03_03.edf,904.0,908.0,0.25,0.35,72,1.407374176871391,ok,0,10,8,0.0
chb03,chb03_03.edf,904.0,908.0,0.25,0.35,73,0.6202684353797687,ok,0,8,6,0.0
chb03,chb03_03.edf,904.0,908.0,0.25,0.35,74,0.6162790697674418,ok,0,11,8,0.0
chb03,chb03_03.edf,904.0,908.0,0.25,0.35,75,0.4790359529456878,ok,0,10,9,0.0
chb03,chb03_03.edf,904.0,908.0,0.25,0.35,76,0.3909772130214703,ok,0,12,11,0.0
chb03,chb03_03.edf,904.0,908.0,0.25,0.35,77,0.8082721727422603,ok,0,5,3,0.0
chb03,chb03_03.edf,904.0,908.0,0.25,0.35,78,1.2380946939017587,ok,0,9,8,0.0
chb03,chb03_03.edf,904.0,908.0,0.25,0.35,79,0.1609368397508929,ok,0,7,6,0.0
chb03,chb03_03.edf,904.0,908.0,0.25,0.35,80,0.17624323599016883,ok,0,10,9,0.0
chb03,chb03_03.edf,904.0,908.0,0.25,0.35,81,1.3951320693161031,ok,0,9,8,0.0
chb03,chb03_03.edf,904.0,908.0,0.25,0.7,62,0.8829651538803422,ok,0,9,8,0.0
chb03,chb03_03.edf,904.0,908.0,0.25,0.7,63,1.7525880849366393,ok,0,10,9,0.0
chb03,chb03_03.edf,904.0,908.0,0.25,0.7,64,0.8840465950183868,ok,0,9,8,0.0
chb03,chb03_03.edf,904.0,908.0,0.25,0.7,65,0.9481236027417002,ok,0,11,10,0.0
chb03,chb03_03.edf,904.0,908.0,0.25,0.7,66,0.15190990791986314,ok,0,12,10,0.0
chb03,chb03_03.edf,904.0,908.0,0.25,0.7,67,0.4408654248328654,ok,0,12,11,0.0
chb03,chb03_03.edf,904.0,908.0,0.25,0.7,68,0.677523871368297,ok,0,10,9,0.0
chb03,chb03_03.edf,904.0,908.0,0.25,0.7,69,1.13176219219506,ok,0,10,7,0.0
chb03,chb03_03.edf,904.0,908.0,0.25,0.7,70,0.4380318473144032,ok,0,10,9,0.0
chb03,chb03_03.edf,904.0,908.0,0.25,0.7,71,1.848463927709893,ok,0,11,10,0.0
chb03,chb03_03.edf,904.0,908.0,0.25,0.7,72,1.4902416235778313,ok,0,8,7,0.0
chb03,chb03_03.edf,904.0,908.0,0.25,0.7,73,0.4694921962874755,ok,0,10,8,0.0
chb03,chb03_03.edf,904.0,908.0,0.25,0.7,74,0.7338224910930113,ok,0,11,10,0.0
chb03,chb03_03.edf,904.0,908.0,0.25,0.7,75,0.5314975854502572,ok,0,10,9,0.0
chb03,chb03_03.edf,904.0,908.0,0.25,0.7,76,0.4591906637606256,ok,0,13,12,0.0
chb03,chb03_03.edf,904.0,908.0,0.25,0.7,77,0.3829752863002657,ok,0,7,5,0.0
chb03,chb03_03.edf,904.0,908.0,0.25,0.7,78,1.548316437350625,ok,0,8,6,0.0
chb03,chb03_03.edf,904.0,908.0,0.25,0.7,79,1.5718268362977474,ok,0,8,6,0.0
chb03,chb03_03.edf,904.0,908.0,0.25,0.7,80,0.19385896888991763,ok,0,11,9,0.0
chb03,chb03_03.edf,904.0,908.0,0.25,0.7,81,1.358734595506705,ok,0,9,7,0.0
chb03,chb03_03.edf,904.0,908.0,0.5,0.0,62,0.5712931377579745,ok,0,12,11,0.0
chb03,chb03_03.edf,904.0,908.0,0.5,0.0,63,0.16726057798219393,ok,0,8,7,0.0
chb03,chb03_03.edf,904.0,908.0,0.5,0.0,64,0.19637001542360058,ok,0,9,8,0.0
chb03,chb03_03.edf,904.0,908.0,0.5,0.0,65,0.546024803519956,ok,0,10,8,0.0
chb03,chb03_03.edf,904.0,908.0,0.5,0.0,66,0.3428004452807938,ok,0,11,9,0.0
chb03,chb03_03.edf,904.0,908.0,0.5,0.0,67,0.9454773281444654,ok,0,7,6,0.0
chb03,chb03_03.edf,904.0,908.0,0.5,0.0,68,1.2291207868644798,ok,0,12,11,0.0
chb03,chb03_03.edf,904.0,908.0,0.5,0.0,69,1.1682562182790923,ok,0,9,7,0.0
chb03,chb03_03.edf,904.0,908.0,0.5,0.0,70,0.5111811702061327,ok,0,14,13,0.0
chb03,chb03_03.edf,904.0,908.0,0.5,0.0,71,1.8179982256514546,ok,0,11,9,0.0
chb03,chb03_03.edf,904.0,908.0,0.5,0.0,72,0.18642507739616473,ok,0,6,5,0.0
chb03,chb03_03.edf,904.0,908.0,0.5,0.0,73,0.6286253346157429,ok,0,10,9,0.0
chb03,chb03_03.edf,904.0,908.0,0.5,0.0,74,0.6476197533905482,ok,0,9,7,0.0
chb03,chb03_03.edf,904.0,908.0,0.5,0.0,75,0.9626906857352386,ok,0,12,10,0.0
chb03,chb03_03.edf,904.0,908.0,0.5,0.0,76,0.48840569686484475,ok,0,10,9,0.0
chb03,chb03_03.edf,904.0,908.0,0.5,0.0,77,1.4397992123948258,ok,0,10,9,0.0
chb03,chb03_03.edf,904.0,908.0,0.5,0.0,78,0.8783739115481473,ok,0,10,9,0.0
chb03,chb03_03.edf,904.0,908.0,0.5,0.0,79,0.6660998123404629,ok,0,8,7,0.0
chb03,chb03_03.edf,904.0,908.0,0.5,0.0,80,0.48943288169382493,ok,0,10,8,0.0
chb03,chb03_03.edf,904.0,908.0,0.5,0.0,81,1.3487816138931745,ok,0,10,9,0.0
chb03,chb03_03.edf,904.0,908.0,0.5,0.175,62,0.6559757885363878,ok,0,12,11,0.0
chb03,chb03_03.edf,904.0,908.0,0.5,0.175,63,0.16726057798219393,ok,0,8,7,0.0
chb03,chb03_03.edf,904.0,908.0,0.5,0.175,64,0.19637001542360058,ok,0,9,8,0.0
chb03,chb03_03.edf,904.0,908.0,0.5,0.175,65,0.5518250131061467,ok,0,10,8,0.0
chb03,chb03_03.edf,904.0,908.0,0.5,0.175,66,0.3428004452807938,ok,0,11,9,0.0
chb03,chb03_03.edf,904.0,908.0,0.5,0.175,67,0.9454773281444654,ok,0,7,6,0.0
chb03,chb03_03.edf,904.0,908.0,0.5,0.175,68,1.2291207868644798,ok,0,12,11,0.0
chb03,chb03_03.edf,904.0,908.0,0.5,0.175,69,1.2023157860598088,ok,0,8,6,0.0
chb03,chb03_03.edf,904.0,908.0,0.5,0.175,70,0.509154547108042,ok,0,14,13,0.0
chb03,chb03_03.edf,904.0,908.0,0.5,0.175,71,1.8814282450408817,ok,0,11,10,0.0
chb03,chb03_03.edf,904.0,908.0,0.5,0.175,72,0.1586900018443984,ok,0,6,5,0.0
chb03,chb03_03.edf,904.0,908.0,0.5,0.175,73,0.5731905297634168,ok,0,10,9,0.0
chb03,chb03_03.edf,904.0,908.0,0.5,0.175,74,0.655280757217913,ok,0,10,8,0.0
chb03,chb03_03.edf,904.0,908.0,0.5,0.175,75,0.9626906857352386,ok,0,12,10,0.0
chb03,chb03_03.edf,904.0,908.0,0.5,0.175,76,0.48840569686484475,ok,0,10,9,0.0
chb03,chb03_03.edf,904.0,908.0,0.5,0.175,77,1.4397992123948258,ok,0,10,9,0.0
chb03,chb03_03.edf,904.0,908.0,0.5,0.175,78,0.8764622074007292,ok,0,10,9,0.0
chb03,chb03_03.edf,904.0,908.0,0.5,0.175,79,0.6660998123404629,ok,0,8,7,0.0
chb03,chb03_03.edf,904.0,908.0,0.5,0.175,80,0.5881380384128505,ok,0,9,7,0.0
chb03,chb03_03.edf,904.0,908.0,0.5,0.175,81,1.3487816138931745,ok,0,10,9,0.0
chb03,chb03_03.edf,904.0,908.0,0.5,0.35,62,0.6084347940291672,ok,0,12,10,0.0
chb03,chb03_03.edf,904.0,908.0,0.5,0.35,63,0.20805116380691183,ok,0,8,7,0.0
chb03,chb03_03.edf,904.0,908.0,0.5,0.35,64,0.1886549942911231,ok,0,8,7,0.0
chb03,chb03_03.edf,904.0,908.0,0.5,0.35,65,0.5518250131061467,ok,0,10,8,0.0
chb03,chb03_03.edf,904.0,908.0,0.5,0.35,66,0.1456820593595318,ok,0,12,10,0.0
chb03,chb03_03.edf,904.0,908.0,0.5,0.35,67,0.8841785669893321,ok,0,7,6,0.0
chb03,chb03_03.edf,904.0,908.0,0.5,0.35,68,1.2291207868644798,ok,0,12,11,0.0
chb03,chb03_03.edf,904.0,908.0,0.5,0.35,69,1.2939291910103807,ok,0,9,7,0.0
chb03,chb03_03.edf,904.0,908.0,0.5,0.35,70,0.509154547108042,ok,0,14,13,0.0
chb03,chb03_03.edf,904.0,908.0,0.5,0.35,71,1.8814282450408817,ok,0,11,10,0.0
chb03,chb03_03.edf,904.0,908.0,0.5,0.35,72,0.1586900018443984,ok,0,6,5,0.0
chb03,chb03_03.edf,904.0,908.0,0.5,0.35,73,0.5739829089230887,ok,0,10,9,0.0
chb03,chb03_03.edf,904.0,908.0,0.5,0.35,74,0.655280757217913,ok,0,10,8,0.0
chb03,chb03_03.edf,904.0,908.0,0.5,0.35,75,0.9626906857352386,ok,0,12,10,0.0
chb03,chb03_03.edf,904.0,908.0,0.5,0.35,76,0.5469671996773401,ok,0,10,9,0.0
chb03,chb03_03.edf,904.0,908.0,0.5,0.35,77,1.4397992123948258,ok,0,10,9,0.0
chb03,chb03_03.edf,904.0,908.0,0.5,0.35,78,0.48348256661401195,ok,0,11,10,0.0
chb03,chb03_03.edf,904.0,908.0,0.5,0.35,79,0.1609368397508929,ok,0,7,6,0.0
chb03,chb03_03.edf,904.0,908.0,0.5,0.35,80,0.6391728563749521,ok,0,8,6,0.0
chb03,chb03_03.edf,904.0,908.0,0.5,0.35,81,1.3487816138931745,ok,0,10,9,0.0
chb03,chb03_03.edf,904.0,908.0,0.5,0.7,62,0.6349183649676563,ok,0,11,9,0.0
chb03,chb03_03.edf,904.0,908.0,0.5,0.7,63,0.8195420419536907,ok,0,9,8,0.0
chb03,chb03_03.edf,904.0,908.0,0.5,0.7,64,0.1886549942911231,ok,0,8,7,0.0
chb03,chb03_03.edf,904.0,908.0,0.5,0.7,65,0.401352946179365,ok,0,9,8,0.0
chb03,chb03_03.edf,904.0,908.0,0.5,0.7,66,0.16626638086018392,ok,0,12,10,0.0
chb03,chb03_03.edf,904.0,908.0,0.5,0.7,67,0.8521585990245238,ok,0,8,7,0.0
chb03,chb03_03.edf,904.0,908.0,0.5,0.7,68,1.2291207868644798,ok,0,12,11,0.0
chb03,chb03_03.edf,904.0,908.0,0.5,0.7,69,1.212870893472182,ok,0,10,8,0.0
chb03,chb03_03.edf,904.0,908.0,0.5,0.7,70,0.509154547108042,ok,0,14,13,0.0
chb03,chb03_03.edf,904.0,908.0,0.5,0.7,71,1.8484273154477548,ok,0,11,10,0.0
chb03,chb03_03.edf,904.0,908.0,0.5,0.7,72,0.9215398321586826,ok,0,7,6,0.0
chb03,chb03_03.edf,904.0,908.0,0.5,0.7,73,0.5770771660512821,ok,0,9,8,0.0
chb03,chb03_03.edf,904.0,908.0,0.5,0.7,74,0.759098448641464,ok,0,9,8,0.0
chb03,chb03_03.edf,904.0,908.0,0.5,0.7,75,0.7699991851984099,ok,0,12,11,0.0
chb03,chb03_03.edf,904.0,908.0,0.5,0.7,76,0.1893022713354319,ok,0,11,10,0.0
chb03,chb03_03.edf,904.0,908.0,0.5,0.7,77,1.4396079246619893,ok,0,10,9,0.0
chb03,chb03_03.edf,904.0,908.0,0.5,0.7,78,0.48348256661401195,ok,0,11,10,0.0
chb03,chb03_03.edf,904.0,908.0,0.5,0.7,79,0.1568870781527907,ok,0,8,5,0.0
chb03,chb03_03.edf,904.0,908.0,0.5,0.7,80,0.5625793756994496,ok,0,8,7,0.0
chb03,chb03_03.edf,904.0,908.0,0.5,0.7,81,1.358734595506705,ok,0,9,7,0.0
chb03,chb03_03.edf,904.0,908.0,1.0,0.0,62,0.7743914046997703,ok,0,11,10,0.0
chb03,chb03_03.edf,904.0,908.0,1.0,0.0,63,0.21488489744161204,ok,0,8,7,0.0
chb03,chb03_03.edf,904.0,908.0,1.0,0.0,64,0.17192047651837583,ok,0,10,9,0.0
chb03,chb03_03.edf,904.0,908.0,1.0,0.0,65,0.48620003231413916,ok,0,12,9,0.0
chb03,chb03_03.edf,904.0,908.0,1.0,0.0,66,1.3756822323974554,ok,0,13,11,0.0
chb03,chb03_03.edf,904.0,908.0,1.0,0.0,67,1.0067830609804835,ok,0,9,8,0.0
chb03,chb03_03.edf,904.0,908.0,1.0,0.0,68,1.5176810316646947,ok,0,13,11,0.0
chb03,chb03_03.edf,904.0,908.0,1.0,0.0,69,1.0610836315798138,ok,0,8,5,0.0
chb03,chb03_03.edf,904.0,908.0,1.0,0.0,70,0.981919803246944,ok,0,12,11,0.0
chb03,chb03_03.edf,904.0,908.0,1.0,0.0,71,1.7937447317653397,ok,0,10,8,0.0
chb03,chb03_03.edf,904.0,908.0,1.0,0.0,72,0.18642507739616473,ok,0,6,5,0.0
chb03,chb03_03.edf,904.0,908.0,1.0,0.0,73,0.5987516059102022,ok,0,9,8,0.0
chb03,chb03_03.edf,904.0,908.0,1.0,0.0,74,0.6443582292066723,ok,0,11,10,0.0
chb03,chb03_03.edf,904.0,908.0,1.0,0.0,75,1.65888681246551,ok,0,10,7,0.0
chb03,chb03_03.edf,904.0,908.0,1.0,0.0,76,0.22553402254439306,ok,0,12,11,0.0
chb03,chb03_03.edf,904.0,908.0,1.0,0.0,77,1.261454559020981,ok,0,10,9,0.0
chb03,chb03_03.edf,904.0,908.0,1.0,0.0,78,1.9856992051961986,ok,0,12,11,0.0
chb03,chb03_03.edf,904.0,908.0,1.0,0.0,79,0.1609368397508929,ok,0,7,6,0.0
chb03,chb03_03.edf,904.0,908.0,1.0,0.0,80,0.8375512923759941,ok,0,11,9,0.0
chb03,chb03_03.edf,904.0,908.0,1.0,0.0,81,1.3218647883394035,ok,0,10,8,0.0
chb03,chb03_03.edf,904.0,908.0,1.0,0.175,62,0.7743914046997703,ok,0,11,10,0.0
chb03,chb03_03.edf,904.0,908.0,1.0,0.175,63,0.16726057798219393,ok,0,8,7,0.0
chb03,chb03_03.edf,904.0,908.0,1.0,0.175,64,0.17192047651837583,ok,0,10,9,0.0
chb03,chb03_03.edf,904.0,908.0,1.0,0.175,65,0.48620003231413916,ok,0,12,9,0.0
chb03,chb03_03.edf,904.0,908.0,1.0,0.175,66,1.5167540848237777,ok,0,12,10,0.0
chb03,chb03_03.edf,904.0,908.0,1.0,0.175,67,1.0346292392189875,ok,0,10,9,0.0
chb03,chb03_03.edf,904.0,908.0,1.0,0.175,68,1.4921200874339864,ok,0,13,11,0.0
chb03,chb03_03.edf,904.0,908.0,1.0,0.175,69,1.0610836315798138,ok,0,8,5,0.0
chb03,chb03_03.edf,904.0,908.0,1.0,0.175,70,0.981919803246944,ok,0,12,11,0.0
chb03,chb03_03.edf,904.0,908.0,1.0,0.175,71,1.7937447317653397,ok,0,10,8,0.0
chb03,chb03_03.edf,904.0,908.0,1.0,0.175,72,0.1586900018443984,ok,0,6,5,0.0
chb03,chb03_03.edf,904.0,908.0,1.0,0.175,73,0.5987516059102022,ok,0,9,8,0.0
chb03,chb03_03.edf,904.0,908.0,1.0,0.175,74,0.6443582292066723,ok,0,11,10,0.0
chb03,chb03_03.edf,904.0,908.0,1.0,0.175,75,1.6701884111809937,ok,0,9,6,0.0
chb03,chb03_03.edf,904.0,908.0,1.0,0.175,76,0.22553402254439306,ok,0,12,11,0.0
chb03,chb03_03.edf,904.0,908.0,1.0,0.175,77,1.1823574475580834,ok,0,9,8,0.0
chb03,chb03_03.edf,904.0,908.0,1.0,0.175,78,2.0008167178077203,ok,0,11,10,0.0
chb03,chb03_03.edf,904.0,908.0,1.0,0.175,79,0.1609368397508929,ok,0,7,6,0.0
chb03,chb03_03.edf,904.0,908.0,1.0,0.175,80,0.9226330389069755,ok,0,10,8,0.0
chb03,chb03_03.edf,904.0,908.0,1.0,0.175,81,1.3218647883394035,ok,0,10,8,0.0
chb03,chb03_03.edf,904.0,908.0,1.0,0.35,62,0.7235284167972417,ok,0,11,9,0.0
chb03,chb03_03.edf,904.0,908.0,1.0,0.35,63,0.16726057798219393,ok,0,8,7,0.0
chb03,chb03_03.edf,904.0,908.0,1.0,0.35,64,0.17599259780918877,ok,0,10,8,0.0
chb03,chb03_03.edf,904.0,908.0,1.0,0.35,65,0.48620003231413916,ok,0,12,9,0.0
chb03,chb03_03.edf,904.0,908.0,1.0,0.35,66,1.5167540848237777,ok,0,12,10,0.0
chb03,chb03_03.edf,904.0,908.0,1.0,0.35,67,1.0415983018471413,ok,0,10,9,0.0
chb03,chb03_03.edf,904.0,908.0,1.0,0.35,68,1.4921200874339864,ok,0,13,11,0.0
chb03,chb03_03.edf,904.0,908.0,1.0,0.35,69,1.0610836315798138,ok,0,8,5,0.0
chb03,chb03_03.edf,904.0,908.0,1.0,0.35,70,0.967657796849726,ok,0,11,10,0.0
chb03,chb03_03.edf,904.0,908.0,1.0,0.35,71,1.7937447317653397,ok,0,10,8,0.0
chb03,chb03_03.edf,904.0,908.0,1.0,0.35,72,0.15866375950049613,ok,0,6,5,0.0
chb03,chb03_03.edf,904.0,908.0,1.0,0.35,73,0.6509225070618303,ok,0,9,8,0.0
chb03,chb03_03.edf,904.0,908.0,1.0,0.35,74,0.6443582292066723,ok,0,11,10,0.0
chb03,chb03_03.edf,904.0,908.0,1.0,0.35,75,1.6701884111809937,ok,0,9,6,0.0
chb03,chb03_03.edf,904.0,908.0,1.0,0.35,76,0.22553402254439306,ok,0,12,11,0.0
chb03,chb03_03.edf,904.0,908.0,1.0,0.35,77,1.1823574475580834,ok,0,9,8,0.0
chb03,chb03_03.edf,904.0,908.0,1.0,0.35,78,2.0008167178077203,ok,0,11,10,0.0
chb03,chb03_03.edf,904.0,908.0,1.0,0.35,79,0.1609368397508929,ok,0,7,6,0.0
chb03,chb03_03.edf,904.0,908.0,1.0,0.35,80,0.864991424825118,ok,0,9,7,0.0
chb03,chb03_03.edf,904.0,908.0,1.0,0.35,81,1.3218647883394035,ok,0,10,8,0.0
chb03,chb03_03.edf,904.0,908.0,1.0,0.7,62,0.6951761120421585,ok,0,10,8,0.0
chb03,chb03_03.edf,904.0,908.0,1.0,0.7,63,0.5946050294951504,ok,0,9,8,0.0
chb03,chb03_03.edf,904.0,908.0,1.0,0.7,64,0.17599259780918877,ok,0,10,8,0.0
chb03,chb03_03.edf,904.0,908.0,1.0,0.7,65,0.34639907752180144,ok,0,11,9,0.0
chb03,chb03_03.edf,904.0,908.0,1.0,0.7,66,1.5167540848237777,ok,0,12,10,0.0
chb03,chb03_03.edf,904.0,908.0,1.0,0.7,67,0.9730465162565595,ok,0,9,8,0.0
chb03,chb03_03.edf,904.0,908.0,1.0,0.7,68,1.4668332538640976,ok,0,12,10,0.0
chb03,chb03_03.edf,904.0,908.0,1.0,0.7,69,1.174500866722712,ok,0,9,6,0.0
chb03,chb03_03.edf,904.0,908.0,1.0,0.7,70,0.9208661786014809,ok,0,10,9,0.0
chb03,chb03_03.edf,904.0,908.0,1.0,0.7,71,1.8179982256514546,ok,0,11,9,0.0
chb03,chb03_03.edf,904.0,908.0,1.0,0.7,72,0.9215398321586826,ok,0,7,6,0.0
chb03,chb03_03.edf,904.0,908.0,1.0,0.7,73,0.6516311661975116,ok,0,9,8,0.0
chb03,chb03_03.edf,904.0,908.0,1.0,0.7,74,0.6443582292066723,ok,0,11,10,0.0
chb03,chb03_03.edf,904.0,908.0,1.0,0.7,75,0.6173790933839912,ok,0,10,8,0.0
chb03,chb03_03.edf,904.0,908.0,1.0,0.7,76,0.22652733919178974,ok,0,12,11,0.0
chb03,chb03_03.edf,904.0,908.0,1.0,0.7,77,1.1823574475580834,ok,0,9,8,0.0
chb03,chb03_03.edf,904.0,908.0,1.0,0.7,78,1.8659806166954556,ok,0,12,10,0.0
chb03,chb03_03.edf,904.0,908.0,1.0,0.7,79,0.1609368397508929,ok,0,7,6,0.0
chb03,chb03_03.edf,904.0,908.0,1.0,0.7,80,0.7501569654964038,ok,0,9,8,0.0
chb03,chb03_03.edf,904.0,908.0,1.0,0.7,81,1.215686175817603,ok,0,9,7,0.0
chb03,chb03_03.edf,2700.0,2704.0,0.25,0.0,62,0.6171842911523988,ok,0,10,9,0.0
chb03,chb03_03.edf,2700.0,2704.0,0.25,0.0,63,2.043747370146671,ok,0,9,8,0.0
chb03,chb03_03.edf,2700.0,2704.0,0.25,0.0,64,0.8756532617719204,ok,0,9,8,0.0
chb03,chb03_03.edf,2700.0,2704.0,0.25,0.0,65,0.9667718123938864,ok,0,11,10,0.0
chb03,chb03_03.edf,2700.0,2704.0,0.25,0.0,66,0.3631787913269073,ok,0,11,9,0.0
chb03,chb03_03.edf,2700.0,2704.0,0.25,0.0,67,0.8092054221906116,ok,0,11,9,0.0
chb03,chb03_03.edf,2700.0,2704.0,0.25,0.0,68,0.9681035064574081,ok,0,9,8,0.0
chb03,chb03_03.edf,2700.0,2704.0,0.25,0.0,69,1.241548694349417,ok,0,10,8,0.0
chb03,chb03_03.edf,2700.0,2704.0,0.25,0.0,70,0.2793983295119334,ok,0,9,8,0.0
chb03,chb03_03.edf,2700.0,2704.0,0.25,0.0,71,1.5904417843670142,ok,0,12,11,0.0
chb03,chb03_03.edf,2700.0,2704.0,0.25,0.0,72,0.9990557900479503,ok,0,11,9,0.0
chb03,chb03_03.edf,2700.0,2704.0,0.25,0.0,73,0.4814093715175572,ok,0,8,7,0.0
chb03,chb03_03.edf,2700.0,2704.0,0.25,0.0,74,0.6162790697674418,ok,0,11,8,0.0
chb03,chb03_03.edf,2700.0,2704.0,0.25,0.0,75,0.35394981220923855,ok,0,12,11,0.0
chb03,chb03_03.edf,2700.0,2704.0,0.25,0.0,76,0.3909772130214703,ok,0,12,11,0.0
chb03,chb03_03.edf,2700.0,2704.0,0.25,0.0,77,0.9447730595988872,ok,0,6,4,0.0
chb03,chb03_03.edf,2700.0,2704.0,0.25,0.0,78,1.3483863463099397,ok,0,11,10,0.0
chb03,chb03_03.edf,2700.0,2704.0,0.25,0.0,79,0.1609368397508929,ok,0,7,6,0.0
chb03,chb03_03.edf,2700.0,2704.0,0.25,0.0,80,0.1797136108456547,ok,0,12,10,0.0
chb03,chb03_03.edf,2700.0,2704.0,0.25,0.0,81,1.4033891062507988,ok,0,10,7,0.0
chb03,chb03_03.edf,2700.0,2704.0,0.25,0.175,62,0.7278699226561566,ok,0,11,10,0.0
chb03,chb03_03.edf,2700.0,2704.0,0.25,0.175,63,2.0341077992701977,ok,0,9,8,0.0
chb03,chb03_03.edf,2700.0,2704.0,0.25,0.175,64,0.8756532617719204,ok,0,9,8,0.0
chb03,chb03_03.edf,2700.0,2704.0,0.25,0.175,65,1.4824847269439707,ok,0,10,9,0.0
chb03,chb03_03.edf,2700.0,2704.0,0.25,0.175,66,0.3428004452807938,ok,0,11,9,0.0
chb03,chb03_03.edf,2700.0,2704.0,0.25,0.175,67,0.7747001074030236,ok,0,10,9,0.0
chb03,chb03_03.edf,2700.0,2704.0,0.25,0.175,68,0.9901171243252742,ok,0,9,8,0.0
chb03,chb03_03.edf,2700.0,2704.0,0.25,0.175,69,1.2745576138377068,ok,0,11,9,0.0
chb03,chb03_03.edf,2700.0,2704.0,0.25,0.175,70,0.2793983295119334,ok,0,9,8,0.0
chb03,chb03_03.edf,2700.0,2704.0,0.25,0.175,71,1.6064083802046423,ok,0,12,11,0.0
chb03,chb03_03.edf,2700.0,2704.0,0.25,0.175,72,1.0189295409461563,ok,0,10,8,0.0
chb03,chb03_03.edf,2700.0,2704.0,0.25,0.175,73,0.6259499343952918,ok,0,7,6,0.0
chb03,chb03_03.edf,2700.0,2704.0,0.25,0.175,74,0.3510708527423113,ok,0,12,9,0.0
chb03,chb03_03.edf,2700.0,2704.0,0.25,0.175,75,0.35394981220923855,ok,0,12,11,0.0
chb03,chb03_03.edf,2700.0,2704.0,0.25,0.175,76,0.3909772130214703,ok,0,12,11,0.0
chb03,chb03_03.edf,2700.0,2704.0,0.25,0.175,77,0.9447730595988872,ok,0,6,4,0.0
chb03,chb03_03.edf,2700.0,2704.0,0.25,0.175,78,1.343581970265335,ok,0,10,9,0.0
chb03,chb03_03.edf,2700.0,2704.0,0.25,0.175,79,0.1609368397508929,ok,0,7,6,0.0
chb03,chb03_03.edf,2700.0,2704.0,0.25,0.175,80,0.1797136108456547,ok,0,12,10,0.0
chb03,chb03_03.edf,2700.0,2704.0,0.25,0.175,81,1.3564078638606267,ok,0,9,7,0.0
chb03,chb03_03.edf,2700.0,2704.0,0.25,0.35,62,0.7409716635930798,ok,0,8,7,0.0
chb03,chb03_03.edf,2700.0,2704.0,0.25,0.35,63,2.0341077992701977,ok,0,9,8,0.0
chb03,chb03_03.edf,2700.0,2704.0,0.25,0.35,64,0.8188259878606116,ok,0,8,7,0.0
chb03,chb03_03.edf,2700.0,2704.0,0.25,0.35,65,1.4824847269439707,ok,0,10,9,0.0
chb03,chb03_03.edf,2700.0,2704.0,0.25,0.35,66,0.3428004452807938,ok,0,11,9,0.0
chb03,chb03_03.edf,2700.0,2704.0,0.25,0.35,67,0.7747001074030236,ok,0,10,9,0.0
chb03,chb03_03.edf,2700.0,2704.0,0.25,0.35,68,1.0405659570829988,ok,0,10,9,0.0
chb03,chb03_03.edf,2700.0,2704.0,0.25,0.35,69,1.1360116077831273,ok,0,9,7,0.0
chb03,chb03_03.edf,2700.0,2704.0,0.25,0.35,70,0.2793983295119334,ok,0,9,8,0.0
chb03,chb03_03.edf,2700.0,2704.0,0.25,0.35,71,1.5988655661353666,ok,0,12,11,0.0
chb03,chb03_03.edf,2700.0,2704.0,0.25,0.35,72,0.923271360985497,ok,0,11,9,0.0
chb03,chb03_03.edf,2700.0,2704.0,0.25,0.35,73,0.6255935507323745,ok,0,7,6,0.0
chb03,chb03_03.edf,2700.0,2704.0,0.25,0.35,74,0.3510708527423113,ok,0,12,9,0.0
chb03,chb03_03.edf,2700.0,2704.0,0.25,0.35,75,0.35394981220923855,ok,0,12,11,0.0
chb03,chb03_03.edf,2700.0,2704.0,0.25,0.35,76,0.3909772130214703,ok,0,12,11,0.0
chb03,chb03_03.edf,2700.0,2704.0,0.25,0.35,77,0.9447730595988872,ok,0,6,4,0.0
chb03,chb03_03.edf,2700.0,2704.0,0.25,0.35,78,1.3429596740204965,ok,0,10,9,0.0
chb03,chb03_03.edf,2700.0,2704.0,0.25,0.35,79,0.1609368397508929,ok,0,7,6,0.0
chb03,chb03_03.edf,2700.0,2704.0,0.25,0.35,80,0.09743871156398681,ok,0,12,11,0.0
chb03,chb03_03.edf,2700.0,2704.0,0.25,0.35,81,1.3084109430890731,ok,0,8,6,0.0
chb03,chb03_03.edf,2700.0,2704.0,0.25,0.7,62,0.7882313112373897,ok,0,8,7,0.0
chb03,chb03_03.edf,2700.0,2704.0,0.25,0.7,63,2.0342364192287428,ok,0,9,8,0.0
chb03,chb03_03.edf,2700.0,2704.0,0.25,0.7,64,0.818535234211095,ok,0,8,7,0.0
chb03,chb03_03.edf,2700.0,2704.0,0.25,0.7,65,1.3785002797111177,ok,0,9,8,0.0
chb03,chb03_03.edf,2700.0,2704.0,0.25,0.7,66,0.3428004452807938,ok,0,11,9,0.0
chb03,chb03_03.edf,2700.0,2704.0,0.25,0.7,67,0.46059772756435324,ok,0,11,10,0.0
chb03,chb03_03.edf,2700.0,2704.0,0.25,0.7,68,0.627582947019274,ok,0,10,9,0.0
chb03,chb03_03.edf,2700.0,2704.0,0.25,0.7,69,1.2030715941406012,ok,0,10,8,0.0
chb03,chb03_03.edf,2700.0,2704.0,0.25,0.7,70,0.22757873597035821,ok,0,9,8,0.0
chb03,chb03_03.edf,2700.0,2704.0,0.25,0.7,71,1.6125447469890328,ok,0,13,11,0.0
chb03,chb03_03.edf,2700.0,2704.0,0.25,0.7,72,0.9706298886457174,ok,0,9,8,0.0
chb03,chb03_03.edf,2700.0,2704.0,0.25,0.7,73,0.4384279146848208,ok,0,9,8,0.0
chb03,chb03_03.edf,2700.0,2704.0,0.25,0.7,74,0.35387591592585593,ok,0,12,9,0.0
chb03,chb03_03.edf,2700.0,2704.0,0.25,0.7,75,0.31416375525267726,ok,0,12,11,0.0
chb03,chb03_03.edf,2700.0,2704.0,0.25,0.7,76,0.44419536249133795,ok,0,11,10,0.0
chb03,chb03_03.edf,2700.0,2704.0,0.25,0.7,77,0.8472260305815239,ok,0,6,5,0.0
chb03,chb03_03.edf,2700.0,2704.0,0.25,0.7,78,1.3429596740204965,ok,0,10,9,0.0
chb03,chb03_03.edf,2700.0,2704.0,0.25,0.7,79,0.1878077787684282,ok,0,7,6,0.0
chb03,chb03_03.edf,2700.0,2704.0,0.25,0.7,80,0.10903864072227683,ok,0,12,11,0.0
chb03,chb03_03.edf,2700.0,2704.0,0.25,0.7,81,1.3084109430890731,ok,0,8,6,0.0
chb03,chb03_03.edf,2700.0,2704.0,0.5,0.0,62,0.5712931377579745,ok,0,12,11,0.0
chb03,chb03_03.edf,2700.0,2704.0,0.5,0.0,63,0.16726057798219393,ok,0,8,7,0.0
chb03,chb03_03.edf,2700.0,2704.0,0.5,0.0,64,0.19637001542360058,ok,0,9,8,0.0
chb03,chb03_03.edf,2700.0,2704.0,0.5,0.0,65,0.546024803519956,ok,0,10,8,0.0
chb03,chb03_03.edf,2700.0,2704.0,0.5,0.0,66,0.3428004452807938,ok,0,11,9,0.0
chb03,chb03_03.edf,2700.0,2704.0,0.5,0.0,67,0.9454773281444654,ok,0,7,6,0.0
chb03,chb03_03.edf,2700.0,2704.0,0.5,0.0,68,1.2291207868644798,ok,0,12,11,0.0
chb03,chb03_03.edf,2700.0,2704.0,0.5,0.0,69,1.1682562182790923,ok,0,9,7,0.0
chb03,chb03_03.edf,2700.0,2704.0,0.5,0.0,70,0.5111811702061327,ok,0,14,13,0.0
chb03,chb03_03.edf,2700.0,2704.0,0.5,0.0,71,1.8179982256514546,ok,0,11,9,0.0
chb03,chb03_03.edf,2700.0,2704.0,0.5,0.0,72,0.18642507739616473,ok,0,6,5,0.0
chb03,chb03_03.edf,2700.0,2704.0,0.5,0.0,73,0.6286253346157429,ok,0,10,9,0.0
chb03,chb03_03.edf,2700.0,2704.0,0.5,0.0,74,0.6476197533905482,ok,0,9,7,0.0
chb03,chb03_03.edf,2700.0,2704.0,0.5,0.0,75,0.9626906857352386,ok,0,12,10,0.0
chb03,chb03_03.edf,2700.0,2704.0,0.5,0.0,76,0.48840569686484475,ok,0,10,9,0.0
chb03,chb03_03.edf,2700.0,2704.0,0.5,0.0,77,1.4397992123948258,ok,0,10,9,0.0
chb03,chb03_03.edf,2700.0,2704.0,0.5,0.0,78,0.8783739115481473,ok,0,10,9,0.0
chb03,chb03_03.edf,2700.0,2704.0,0.5,0.0,79,0.6660998123404629,ok,0,8,7,0.0
chb03,chb03_03.edf,2700.0,2704.0,0.5,0.0,80,0.48943288169382493,ok,0,10,8,0.0
chb03,chb03_03.edf,2700.0,2704.0,0.5,0.0,81,1.3487816138931745,ok,0,10,9,0.0
chb03,chb03_03.edf,2700.0,2704.0,0.5,0.175,62,0.5712931377579745,ok,0,12,11,0.0
chb03,chb03_03.edf,2700.0,2704.0,0.5,0.175,63,0.16726057798219393,ok,0,8,7,0.0
chb03,chb03_03.edf,2700.0,2704.0,0.5,0.175,64,0.19637001542360058,ok,0,9,8,0.0
chb03,chb03_03.edf,2700.0,2704.0,0.5,0.175,65,0.5518250131061467,ok,0,10,8,0.0
chb03,chb03_03.edf,2700.0,2704.0,0.5,0.175,66,0.3428004452807938,ok,0,11,9,0.0
chb03,chb03_03.edf,2700.0,2704.0,0.5,0.175,67,0.9454773281444654,ok,0,7,6,0.0
chb03,chb03_03.edf,2700.0,2704.0,0.5,0.175,68,1.2291207868644798,ok,0,12,11,0.0
chb03,chb03_03.edf,2700.0,2704.0,0.5,0.175,69,1.299237221724796,ok,0,10,9,0.0
chb03,chb03_03.edf,2700.0,2704.0,0.5,0.175,70,0.5111811702061327,ok,0,14,13,0.0
chb03,chb03_03.edf,2700.0,2704.0,0.5,0.175,71,1.9023929873762566,ok,0,11,10,0.0
chb03,chb03_03.edf,2700.0,2704.0,0.5,0.175,72,0.18642507739616473,ok,0,6,5,0.0
chb03,chb03_03.edf,2700.0,2704.0,0.5,0.175,73,0.6806630905161737,ok,0,11,10,0.0
chb03,chb03_03.edf,2700.0,2704.0,0.5,0.175,74,0.643765204137692,ok,0,10,8,0.0
chb03,chb03_03.edf,2700.0,2704.0,0.5,0.175,75,0.9304566943784026,ok,0,11,10,0.0
chb03,chb03_03.edf,2700.0,2704.0,0.5,0.175,76,0.3297550339148682,ok,0,11,10,0.0
chb03,chb03_03.edf,2700.0,2704.0,0.5,0.175,77,1.4397992123948258,ok,0,10,9,0.0
chb03,chb03_03.edf,2700.0,2704.0,0.5,0.175,78,0.54622793651452,ok,0,11,10,0.0
chb03,chb03_03.edf,2700.0,2704.0,0.5,0.175,79,0.1609368397508929,ok,0,7,6,0.0
chb03,chb03_03.edf,2700.0,2704.0,0.5,0.175,80,0.5323112117185054,ok,0,9,7,0.0
chb03,chb03_03.edf,2700.0,2704.0,0.5,0.175,81,1.3487816138931745,ok,0,10,9,0.0
chb03,chb03_03.edf,2700.0,2704.0,0.5,0.35,62,0.6557931889216831,ok,0,12,11,0.0
chb03,chb03_03.edf,2700.0,2704.0,0.5,0.35,63,0.17400004735360625,ok,0,9,8,0.0
chb03,chb03_03.edf,2700.0,2704.0,0.5,0.35,64,0.19637001542360058,ok,0,9,8,0.0
chb03,chb03_03.edf,2700.0,2704.0,0.5,0.35,65,0.5518250131061467,ok,0,10,8,0.0
chb03,chb03_03.edf,2700.0,2704.0,0.5,0.35,66,0.3428004452807938,ok,0,11,9,0.0
chb03,chb03_03.edf,2700.0,2704.0,0.5,0.35,67,0.9454773281444654,ok,0,7,6,0.0
chb03,chb03_03.edf,2700.0,2704.0,0.5,0.35,68,1.2291207868644798,ok,0,12,11,0.0
chb03,chb03_03.edf,2700.0,2704.0,0.5,0.35,69,1.2993362544409766,ok,0,10,9,0.0
chb03,chb03_03.edf,2700.0,2704.0,0.5,0.35,70,0.5007056837946776,ok,0,14,13,0.0
chb03,chb03_03.edf,2700.0,2704.0,0.5,0.35,71,1.9023929873762566,ok,0,11,10,0.0
chb03,chb03_03.edf,2700.0,2704.0,0.5,0.35,72,0.18642507739616473,ok,0,6,5,0.0
chb03,chb03_03.edf,2700.0,2704.0,0.5,0.35,73,0.6806630905161737,ok,0,11,10,0.0
chb03,chb03_03.edf,2700.0,2704.0,0.5,0.35,74,0.6438873094192759,ok,0,10,8,0.0
chb03,chb03_03.edf,2700.0,2704.0,0.5,0.35,75,0.9892197268708094,ok,0,10,9,0.0
chb03,chb03_03.edf,2700.0,2704.0,0.5,0.35,76,0.36286397755079597,ok,0,11,10,0.0
chb03,chb03_03.edf,2700.0,2704.0,0.5,0.35,77,1.4397992123948258,ok,0,10,9,0.0
chb03,chb03_03.edf,2700.0,2704.0,0.5,0.35,78,0.5871552724787927,ok,0,11,10,0.0
chb03,chb03_03.edf,2700.0,2704.0,0.5,0.35,79,0.1878077787684282,ok,0,7,6,0.0
chb03,chb03_03.edf,2700.0,2704.0,0.5,0.35,80,0.5323112117185054,ok,0,9,7,0.0
chb03,chb03_03.edf,2700.0,2704.0,0.5,0.35,81,1.3487816138931745,ok,0,10,9,0.0
chb03,chb03_03.edf,2700.0,2704.0,0.5,0.7,62,0.7027359103299528,ok,0,11,10,0.0
chb03,chb03_03.edf,2700.0,2704.0,0.5,0.7,63,0.1829500100318099,ok,0,8,7,0.0
chb03,chb03_03.edf,2700.0,2704.0,0.5,0.7,64,0.1864777420899566,ok,0,9,8,0.0
chb03,chb03_03.edf,2700.0,2704.0,0.5,0.7,65,0.5518250131061467,ok,0,10,8,0.0
chb03,chb03_03.edf,2700.0,2704.0,0.5,0.7,66,0.3428004452807938,ok,0,11,9,0.0
chb03,chb03_03.edf,2700.0,2704.0,0.5,0.7,67,0.9690278498225029,ok,0,7,6,0.0
chb03,chb03_03.edf,2700.0,2704.0,0.5,0.7,68,1.222717552558548,ok,0,12,11,0.0
chb03,chb03_03.edf,2700.0,2704.0,0.5,0.7,69,1.2904335089916843,ok,0,8,7,0.0
chb03,chb03_03.edf,2700.0,2704.0,0.5,0.7,70,0.6291353192958089,ok,0,13,12,0.0
chb03,chb03_03.edf,2700.0,2704.0,0.5,0.7,71,1.908807808705042,ok,0,12,10,0.0
chb03,chb03_03.edf,2700.0,2704.0,0.5,0.7,72,0.1692486635019696,ok,0,6,5,0.0
chb03,chb03_03.edf,2700.0,2704.0,0.5,0.7,73,0.6740381846796875,ok,0,10,9,0.0
chb03,chb03_03.edf,2700.0,2704.0,0.5,0.7,74,0.409973152376694,ok,0,10,8,0.0
chb03,chb03_03.edf,2700.0,2704.0,0.5,0.7,75,0.8907520677734012,ok,0,9,8,0.0
chb03,chb03_03.edf,2700.0,2704.0,0.5,0.7,76,0.32444710210071603,ok,0,10,9,0.0
chb03,chb03_03.edf,2700.0,2704.0,0.5,0.7,77,1.4397992123948258,ok,0,10,9,0.0
chb03,chb03_03.edf,2700.0,2704.0,0.5,0.7,78,0.5877941697952316,ok,0,11,10,0.0
chb03,chb03_03.edf,2700.0,2704.0,0.5,0.7,79,0.1878077787684282,ok,0,7,6,0.0
chb03,chb03_03.edf,2700.0,2704.0,0.5,0.7,80,0.5323112117185054,ok,0,9,7,0.0
chb03,chb03_03.edf,2700.0,2704.0,0.5,0.7,81,1.3255251167689142,ok,0,10,8,0.0
chb03,chb03_03.edf,2700.0,2704.0,1.0,0.0,62,0.7743914046997703,ok,0,11,10,0.0
chb03,chb03_03.edf,2700.0,2704.0,1.0,0.0,63,0.21488489744161204,ok,0,8,7,0.0
chb03,chb03_03.edf,2700.0,2704.0,1.0,0.0,64,0.17192047651837583,ok,0,10,9,0.0
chb03,chb03_03.edf,2700.0,2704.0,1.0,0.0,65,0.48620003231413916,ok,0,12,9,0.0
chb03,chb03_03.edf,2700.0,2704.0,1.0,0.0,66,1.3756822323974554,ok,0,13,11,0.0
chb03,chb03_03.edf,2700.0,2704.0,1.0,0.0,67,1.0067830609804835,ok,0,9,8,0.0
chb03,chb03_03.edf,2700.0,2704.0,1.0,0.0,68,1.5176810316646947,ok,0,13,11,0.0
chb03,chb03_03.edf,2700.0,2704.0,1.0,0.0,69,1.0610836315798138,ok,0,8,5,0.0
chb03,chb03_03.edf,2700.0,2704.0,1.0,0.0,70,0.981919803246944,ok,0,12,11,0.0
chb03,chb03_03.edf,2700.0,2704.0,1.0,0.0,71,1.7937447317653397,ok,0,10,8,0.0
chb03,chb03_03.edf,2700.0,2704.0,1.0,0.0,72,0.18642507739616473,ok,0,6,5,0.0
chb03,chb03_03.edf,2700.0,2704.0,1.0,0.0,73,0.5987516059102022,ok,0,9,8,0.0
chb03,chb03_03.edf,2700.0,2704.0,1.0,0.0,74,0.6443582292066723,ok,0,11,10,0.0
chb03,chb03_03.edf,2700.0,2704.0,1.0,0.0,75,1.65888681246551,ok,0,10,7,0.0
chb03,chb03_03.edf,2700.0,2704.0,1.0,0.0,76,0.22553402254439306,ok,0,12,11,0.0
chb03,chb03_03.edf,2700.0,2704.0,1.0,0.0,77,1.261454559020981,ok,0,10,9,0.0
chb03,chb03_03.edf,2700.0,2704.0,1.0,0.0,78,1.9856992051961986,ok,0,12,11,0.0
chb03,chb03_03.edf,2700.0,2704.0,1.0,0.0,79,0.1609368397508929,ok,0,7,6,0.0
chb03,chb03_03.edf,2700.0,2704.0,1.0,0.0,80,0.8375512923759941,ok,0,11,9,0.0
chb03,chb03_03.edf,2700.0,2704.0,1.0,0.0,81,1.3218647883394035,ok,0,10,8,0.0
chb03,chb03_03.edf,2700.0,2704.0,1.0,0.175,62,0.8207228509784782,ok,0,12,11,0.0
chb03,chb03_03.edf,2700.0,2704.0,1.0,0.175,63,0.2173990092096237,ok,0,9,8,0.0
chb03,chb03_03.edf,2700.0,2704.0,1.0,0.175,64,0.17192047651837583,ok,0,10,9,0.0
chb03,chb03_03.edf,2700.0,2704.0,1.0,0.175,65,0.48620003231413916,ok,0,12,9,0.0
chb03,chb03_03.edf,2700.0,2704.0,1.0,0.175,66,1.3756822323974554,ok,0,13,11,0.0
chb03,chb03_03.edf,2700.0,2704.0,1.0,0.175,67,1.0067830609804835,ok,0,9,8,0.0
chb03,chb03_03.edf,2700.0,2704.0,1.0,0.175,68,1.4403478634378917,ok,0,12,10,0.0
chb03,chb03_03.edf,2700.0,2704.0,1.0,0.175,69,1.0610836315798138,ok,0,8,5,0.0
chb03,chb03_03.edf,2700.0,2704.0,1.0,0.175,70,1.0713161689866328,ok,0,12,9,0.0
chb03,chb03_03.edf,2700.0,2704.0,1.0,0.175,71,1.7937447317653397,ok,0,10,8,0.0
chb03,chb03_03.edf,2700.0,2704.0,1.0,0.175,72,0.1692486635019696,ok,0,6,5,0.0
chb03,chb03_03.edf,2700.0,2704.0,1.0,0.175,73,0.5987516059102022,ok,0,9,8,0.0
chb03,chb03_03.edf,2700.0,2704.0,1.0,0.175,74,0.6373761215671587,ok,0,11,10,0.0
chb03,chb03_03.edf,2700.0,2704.0,1.0,0.175,75,1.590513747280279,ok,0,9,7,0.0
chb03,chb03_03.edf,2700.0,2704.0,1.0,0.175,76,0.22553402254439306,ok,0,12,11,0.0
chb03,chb03_03.edf,2700.0,2704.0,1.0,0.175,77,1.261454559020981,ok,0,10,9,0.0
chb03,chb03_03.edf,2700.0,2704.0,1.0,0.175,78,2.0009138479953363,ok,0,11,10,0.0
chb03,chb03_03.edf,2700.0,2704.0,1.0,0.175,79,0.1609368397508929,ok,0,7,6,0.0
chb03,chb03_03.edf,2700.0,2704.0,1.0,0.175,80,0.9244954663863411,ok,0,10,8,0.0
chb03,chb03_03.edf,2700.0,2704.0,1.0,0.175,81,1.3218647883394035,ok,0,10,8,0.0
chb03,chb03_03.edf,2700.0,2704.0,1.0,0.35,62,0.8181096350347377,ok,0,12,11,0.0
chb03,chb03_03.edf,2700.0,2704.0,1.0,0.35,63,0.2156184166272027,ok,0,9,8,0.0
chb03,chb03_03.edf,2700.0,2704.0,1.0,0.35,64,0.17192047651837583,ok,0,10,9,0.0
chb03,chb03_03.edf,2700.0,2704.0,1.0,0.35,65,0.48620003231413916,ok,0,12,9,0.0
chb03,chb03_03.edf,2700.0,2704.0,1.0,0.35,66,1.3756822323974554,ok,0,13,11,0.0
chb03,chb03_03.edf,2700.0,2704.0,1.0,0.35,67,1.0276695755361174,ok,0,9,8,0.0
chb03,chb03_03.edf,2700.0,2704.0,1.0,0.35,68,1.4403478634378917,ok,0,12,10,0.0
chb03,chb03_03.edf,2700.0,2704.0,1.0,0.35,69,1.289920196944506,ok,0,9,7,0.0
chb03,chb03_03.edf,2700.0,2704.0,1.0,0.35,70,1.0469320622770804,ok,0,12,9,0.0
chb03,chb03_03.edf,2700.0,2704.0,1.0,0.35,71,1.7937447317653397,ok,0,10,8,0.0
chb03,chb03_03.edf,2700.0,2704.0,1.0,0.35,72,0.1692486635019696,ok,0,6,5,0.0
chb03,chb03_03.edf,2700.0,2704.0,1.0,0.35,73,0.6815614061951711,ok,0,10,9,0.0
chb03,chb03_03.edf,2700.0,2704.0,1.0,0.35,74,0.6373761215671587,ok,0,11,10,0.0
chb03,chb03_03.edf,2700.0,2704.0,1.0,0.35,75,1.5677500142982317,ok,0,10,8,0.0
chb03,chb03_03.edf,2700.0,2704.0,1.0,0.35,76,0.22553402254439306,ok,0,12,11,0.0
chb03,chb03_03.edf,2700.0,2704.0,1.0,0.35,77,1.261454559020981,ok,0,10,9,0.0
chb03,chb03_03.edf,2700.0,2704.0,1.0,0.35,78,2.0009138479953363,ok,0,11,10,0.0
chb03,chb03_03.edf,2700.0,2704.0,1.0,0.35,79,0.1609368397508929,ok,0,7,6,0.0
chb03,chb03_03.edf,2700.0,2704.0,1.0,0.35,80,0.9244954663863411,ok,0,10,8,0.0
chb03,chb03_03.edf,2700.0,2704.0,1.0,0.35,81,1.3218647883394035,ok,0,10,8,0.0
chb03,chb03_03.edf,2700.0,2704.0,1.0,0.7,62,0.8109529622562618,ok,0,11,10,0.0
chb03,chb03_03.edf,2700.0,2704.0,1.0,0.7,63,0.2156184166272027,ok,0,9,8,0.0
chb03,chb03_03.edf,2700.0,2704.0,1.0,0.7,64,0.17599259780918877,ok,0,10,8,0.0
chb03,chb03_03.edf,2700.0,2704.0,1.0,0.7,65,0.48620003231413916,ok,0,12,9,0.0
chb03,chb03_03.edf,2700.0,2704.0,1.0,0.7,66,1.3756822323974554,ok,0,13,11,0.0
chb03,chb03_03.edf,2700.0,2704.0,1.0,0.7,67,0.9367542925586676,ok,0,10,9,0.0
chb03,chb03_03.edf,2700.0,2704.0,1.0,0.7,68,1.3960637691900784,ok,0,13,11,0.0
chb03,chb03_03.edf,2700.0,2704.0,1.0,0.7,69,1.169581946504314,ok,0,8,6,0.0
chb03,chb03_03.edf,2700.0,2704.0,1.0,0.7,70,1.0469320622770804,ok,0,12,9,0.0
chb03,chb03_03.edf,2700.0,2704.0,1.0,0.7,71,1.8780785782345089,ok,0,11,9,0.0
chb03,chb03_03.edf,2700.0,2704.0,1.0,0.7,72,0.1692486635019696,ok,0,6,5,0.0
chb03,chb03_03.edf,2700.0,2704.0,1.0,0.7,73,0.6697542015986561,ok,0,9,8,0.0
chb03,chb03_03.edf,2700.0,2704.0,1.0,0.7,74,0.6374499047614289,ok,0,11,10,0.0
chb03,chb03_03.edf,2700.0,2704.0,1.0,0.7,75,1.5723762842569506,ok,0,9,7,0.0
chb03,chb03_03.edf,2700.0,2704.0,1.0,0.7,76,0.2569113859049701,ok,0,11,10,0.0
chb03,chb03_03.edf,2700.0,2704.0,1.0,0.7,77,1.29355849819842,ok,0,9,8,0.0
chb03,chb03_03.edf,2700.0,2704.0,1.0,0.7,78,2.0009138479953363,ok,0,11,10,0.0
chb03,chb03_03.edf,2700.0,2704.0,1.0,0.7,79,0.1878077787684282,ok,0,7,6,0.0
chb03,chb03_03.edf,2700.0,2704.0,1.0,0.7,80,0.9244954663863411,ok,0,10,8,0.0
chb03,chb03_03.edf,2700.0,2704.0,1.0,0.7,81,1.3218647883394035,ok,0,10,8,0.0
chb03,chb03_04.edf,904.0,908.0,0.25,0.0,62,0.6171842911523988,ok,0,10,9,0.0
chb03,chb03_04.edf,904.0,908.0,0.25,0.0,63,2.043747370146671,ok,0,9,8,0.0
chb03,chb03_04.edf,904.0,908.0,0.25,0.0,64,0.8756532617719204,ok,0,9,8,0.0
chb03,chb03_04.edf,904.0,908.0,0.25,0.0,65,0.9667718123938864,ok,0,11,10,0.0
chb03,chb03_04.edf,904.0,908.0,0.25,0.0,66,0.3631787913269073,ok,0,11,9,0.0
chb03,chb03_04.edf,904.0,908.0,0.25,0.0,67,0.8092054221906116,ok,0,11,9,0.0
chb03,chb03_04.edf,904.0,908.0,0.25,0.0,68,0.9681035064574081,ok,0,9,8,0.0
chb03,chb03_04.edf,904.0,908.0,0.25,0.0,69,1.241548694349417,ok,0,10,8,0.0
chb03,chb03_04.edf,904.0,908.0,0.25,0.0,70,0.2793983295119334,ok,0,9,8,0.0
chb03,chb03_04.edf,904.0,908.0,0.25,0.0,71,1.5904417843670142,ok,0,12,11,0.0
chb03,chb03_04.edf,904.0,908.0,0.25,0.0,72,0.9990557900479503,ok,0,11,9,0.0
chb03,chb03_04.edf,904.0,908.0,0.25,0.0,73,0.4814093715175572,ok,0,8,7,0.0
chb03,chb03_04.edf,904.0,908.0,0.25,0.0,74,0.6162790697674418,ok,0,11,8,0.0
chb03,chb03_04.edf,904.0,908.0,0.25,0.0,75,0.35394981220923855,ok,0,12,11,0.0
chb03,chb03_04.edf,904.0,908.0,0.25,0.0,76,0.3909772130214703,ok,0,12,11,0.0
chb03,chb03_04.edf,904.0,908.0,0.25,0.0,77,0.9447730595988872,ok,0,6,4,0.0
chb03,chb03_04.edf,904.0,908.0,0.25,0.0,78,1.3483863463099397,ok,0,11,10,0.0
chb03,chb03_04.edf,904.0,908.0,0.25,0.0,79,0.1609368397508929,ok,0,7,6,0.0
chb03,chb03_04.edf,904.0,908.0,0.25,0.0,80,0.1797136108456547,ok,0,12,10,0.0
chb03,chb03_04.edf,904.0,908.0,0.25,0.0,81,1.4033891062507988,ok,0,10,7,0.0
chb03,chb03_04.edf,904.0,908.0,0.25,0.175,62,0.7477478879328369,ok,0,11,10,0.0
chb03,chb03_04.edf,904.0,908.0,0.25,0.175,63,0.2417776220959579,ok,0,8,7,0.0
chb03,chb03_04.edf,904.0,908.0,0.25,0.175,64,0.8756532617719204,ok,0,9,8,0.0
chb03,chb03_04.edf,904.0,908.0,0.25,0.175,65,0.9667718123938864,ok,0,11,10,0.0
chb03,chb03_04.edf,904.0,908.0,0.25,0.175,66,0.36581014159579417,ok,0,11,9,0.0
chb03,chb03_04.edf,904.0,908.0,0.25,0.175,67,0.793177848124112,ok,0,11,9,0.0
chb03,chb03_04.edf,904.0,908.0,0.25,0.175,68,0.9548224725295615,ok,0,9,8,0.0
chb03,chb03_04.edf,904.0,908.0,0.25,0.175,69,1.3021781104089274,ok,0,9,7,0.0
chb03,chb03_04.edf,904.0,908.0,0.25,0.175,70,0.2793983295119334,ok,0,9,8,0.0
chb03,chb03_04.edf,904.0,908.0,0.25,0.175,71,1.6064083802046423,ok,0,12,11,0.0
chb03,chb03_04.edf,904.0,908.0,0.25,0.175,72,0.999228243504632,ok,0,11,9,0.0
chb03,chb03_04.edf,904.0,908.0,0.25,0.175,73,0.5222483000558874,ok,0,9,8,0.0
chb03,chb03_04.edf,904.0,908.0,0.25,0.175,74,0.6162790697674418,ok,0,11,8,0.0
chb03,chb03_04.edf,904.0,908.0,0.25,0.175,75,0.3233169520096585,ok,0,12,11,0.0
chb03,chb03_04.edf,904.0,908.0,0.25,0.175,76,0.6458582493463446,ok,0,11,10,0.0
chb03,chb03_04.edf,904.0,908.0,0.25,0.175,77,0.9447730595988872,ok,0,6,4,0.0
chb03,chb03_04.edf,904.0,908.0,0.25,0.175,78,1.3618046618580464,ok,0,10,9,0.0
chb03,chb03_04.edf,904.0,908.0,0.25,0.175,79,0.1609368397508929,ok,0,7,6,0.0
chb03,chb03_04.edf,904.0,908.0,0.25,0.175,80,0.10903864072227683,ok,0,12,11,0.0
chb03,chb03_04.edf,904.0,908.0,0.25,0.175,81,1.391697303472564,ok,0,9,8,0.0
chb03,chb03_04.edf,904.0,908.0,0.25,0.35,62,0.689078809718931,ok,0,9,8,0.0
chb03,chb03_04.edf,904.0,908.0,0.25,0.35,63,0.2417776220959579,ok,0,8,7,0.0
chb03,chb03_04.edf,904.0,908.0,0.25,0.35,64,0.8756532617719204,ok,0,9,8,0.0
chb03,chb03_04.edf,904.0,908.0,0.25,0.35,65,0.9778806893064224,ok,0,12,10,0.0
chb03,chb03_04.edf,904.0,908.0,0.25,0.35,66,0.15567584491448333,ok,0,12,10,0.0
chb03,chb03_04.edf,904.0,908.0,0.25,0.35,67,0.793177848124112,ok,0,11,9,0.0
chb03,chb03_04.edf,904.0,908.0,0.25,0.35,68,0.9548224725295615,ok,0,9,8,0.0
chb03,chb03_04.edf,904.0,908.0,0.25,0.35,69,1.3021781104089274,ok,0,9,7,0.0
chb03,chb03_04.edf,904.0,908.0,0.25,0.35,70,0.2793983295119334,ok,0,9,8,0.0
chb03,chb03_04.edf,904.0,908.0,0.25,0.35,71,1.5653724148401753,ok,0,12,11,0.0
chb03,chb03_04.edf,904.0,908.0,0.25,0.35,72,0.9566844776876315,ok,0,12,10,0.0
chb03,chb03_04.edf,904.0,908.0,0.25,0.35,73,0.4672927879679565,ok,0,10,9,0.0
chb03,chb03_04.edf,904.0,908.0,0.25,0.35,74,0.6162790697674418,ok,0,11,8,0.0
chb03,chb03_04.edf,904.0,908.0,0.25,0.35,75,0.44912675177513395,ok,0,11,10,0.0
chb03,chb03_04.edf,904.0,908.0,0.25,0.35,76,0.6458582493463446,ok,0,11,10,0.0
chb03,chb03_04.edf,904.0,908.0,0.25,0.35,77,0.6642296885575497,ok,0,7,5,0.0
chb03,chb03_04.edf,904.0,908.0,0.25,0.35,78,1.2854868223791314,ok,0,10,8,0.0
chb03,chb03_04.edf,904.0,908.0,0.25,0.35,79,0.1609368397508929,ok,0,7,6,0.0
chb03,chb03_04.edf,904.0,908.0,0.25,0.35,80,0.10053365335940173,ok,0,13,12,0.0
chb03,chb03_04.edf,904.0,908.0,0.25,0.35,81,1.3951320693161031,ok,0,9,8,0.0
chb03,chb03_04.edf,904.0,908.0,0.25,0.7,62,0.5212731553393888,ok,0,10,9,0.0
chb03,chb03_04.edf,904.0,908.0,0.25,0.7,63,0.23111040959749207,ok,0,9,8,0.0
chb03,chb03_04.edf,904.0,908.0,0.25,0.7,64,0.8756532617719204,ok,0,9,8,0.0
chb03,chb03_04.edf,904.0,908.0,0.25,0.7,65,0.8980996404693448,ok,0,11,9,0.0
chb03,chb03_04.edf,904.0,908.0,0.25,0.7,66,0.39718153841064174,ok,0,11,9,0.0
chb03,chb03_04.edf,904.0,908.0,0.25,0.7,67,0.7261576265402054,ok,0,10,9,0.0
chb03,chb03_04.edf,904.0,908.0,0.25,0.7,68,1.0405659570829988,ok,0,10,9,0.0
chb03,chb03_04.edf,904.0,908.0,0.25,0.7,69,1.2306792237570088,ok,0,10,8,0.0
chb03,chb03_04.edf,904.0,908.0,0.25,0.7,70,0.28444130908849796,ok,0,9,8,0.0
chb03,chb03_04.edf,904.0,908.0,0.25,0.7,71,1.5770072835300029,ok,0,12,11,0.0
chb03,chb03_04.edf,904.0,908.0,0.25,0.7,72,1.4071496857917374,ok,0,10,8,0.0
chb03,chb03_04.edf,904.0,908.0,0.25,0.7,73,0.28756842099191776,ok,0,11,9,0.0
chb03,chb03_04.edf,904.0,908.0,0.25,0.7,74,0.5711468081734539,ok,0,12,9,0.0
chb03,chb03_04.edf,904.0,908.0,0.25,0.7,75,0.44912675177513395,ok,0,11,10,0.0
chb03,chb03_04.edf,904.0,908.0,0.25,0.7,76,1.0817317737685297,ok,0,11,9,0.0
chb03,chb03_04.edf,904.0,908.0,0.25,0.7,77,0.6642296885575497,ok,0,7,5,0.0
chb03,chb03_04.edf,904.0,908.0,0.25,0.7,78,1.0555780586044707,ok,0,8,6,0.0
chb03,chb03_04.edf,904.0,908.0,0.25,0.7,79,0.1609368397508929,ok,0,7,6,0.0
chb03,chb03_04.edf,904.0,908.0,0.25,0.7,80,0.1353803458848713,ok,0,13,12,0.0
chb03,chb03_04.edf,904.0,908.0,0.25,0.7,81,1.3485722789127093,ok,0,10,9,0.0
chb03,chb03_04.edf,904.0,908.0,0.5,0.0,62,0.5712931377579745,ok,0,12,11,0.0
chb03,chb03_04.edf,904.0,908.0,0.5,0.0,63,0.16726057798219393,ok,0,8,7,0.0
chb03,chb03_04.edf,904.0,908.0,0.5,0.0,64,0.19637001542360058,ok,0,9,8,0.0
chb03,chb03_04.edf,904.0,908.0,0.5,0.0,65,0.546024803519956,ok,0,10,8,0.0
chb03,chb03_04.edf,904.0,908.0,0.5,0.0,66,0.3428004452807938,ok,0,11,9,0.0
chb03,chb03_04.edf,904.0,908.0,0.5,0.0,67,0.9454773281444654,ok,0,7,6,0.0
chb03,chb03_04.edf,904.0,908.0,0.5,0.0,68,1.2291207868644798,ok,0,12,11,0.0
chb03,chb03_04.edf,904.0,908.0,0.5,0.0,69,1.1682562182790923,ok,0,9,7,0.0
chb03,chb03_04.edf,904.0,908.0,0.5,0.0,70,0.5111811702061327,ok,0,14,13,0.0
chb03,chb03_04.edf,904.0,908.0,0.5,0.0,71,1.8179982256514546,ok,0,11,9,0.0
chb03,chb03_04.edf,904.0,908.0,0.5,0.0,72,0.18642507739616473,ok,0,6,5,0.0
chb03,chb03_04.edf,904.0,908.0,0.5,0.0,73,0.6286253346157429,ok,0,10,9,0.0
chb03,chb03_04.edf,904.0,908.0,0.5,0.0,74,0.6476197533905482,ok,0,9,7,0.0
chb03,chb03_04.edf,904.0,908.0,0.5,0.0,75,0.9626906857352386,ok,0,12,10,0.0
chb03,chb03_04.edf,904.0,908.0,0.5,0.0,76,0.48840569686484475,ok,0,10,9,0.0
chb03,chb03_04.edf,904.0,908.0,0.5,0.0,77,1.4397992123948258,ok,0,10,9,0.0
chb03,chb03_04.edf,904.0,908.0,0.5,0.0,78,0.8783739115481473,ok,0,10,9,0.0
chb03,chb03_04.edf,904.0,908.0,0.5,0.0,79,0.6660998123404629,ok,0,8,7,0.0
chb03,chb03_04.edf,904.0,908.0,0.5,0.0,80,0.48943288169382493,ok,0,10,8,0.0
chb03,chb03_04.edf,904.0,908.0,0.5,0.0,81,1.3487816138931745,ok,0,10,9,0.0
chb03,chb03_04.edf,904.0,908.0,0.5,0.175,62,0.6559757885363878,ok,0,12,11,0.0
chb03,chb03_04.edf,904.0,908.0,0.5,0.175,63,0.16726057798219393,ok,0,8,7,0.0
chb03,chb03_04.edf,904.0,908.0,0.5,0.175,64,0.33066737835270793,ok,0,10,9,0.0
chb03,chb03_04.edf,904.0,908.0,0.5,0.175,65,0.5518250131061467,ok,0,10,8,0.0
chb03,chb03_04.edf,904.0,908.0,0.5,0.175,66,0.3455869941264749,ok,0,11,9,0.0
chb03,chb03_04.edf,904.0,908.0,0.5,0.175,67,0.9454773281444654,ok,0,7,6,0.0
chb03,chb03_04.edf,904.0,908.0,0.5,0.175,68,1.2563716415680837,ok,0,11,10,0.0
chb03,chb03_04.edf,904.0,908.0,0.5,0.175,69,1.2023157860598088,ok,0,8,6,0.0
chb03,chb03_04.edf,904.0,908.0,0.5,0.175,70,0.5111811702061327,ok,0,14,13,0.0
chb03,chb03_04.edf,904.0,908.0,0.5,0.175,71,1.9023929873762566,ok,0,11,10,0.0
chb03,chb03_04.edf,904.0,908.0,0.5,0.175,72,0.18642507739616473,ok,0,6,5,0.0
chb03,chb03_04.edf,904.0,908.0,0.5,0.175,73,0.6286253346157429,ok,0,10,9,0.0
chb03,chb03_04.edf,904.0,908.0,0.5,0.175,74,0.655280757217913,ok,0,10,8,0.0
chb03,chb03_04.edf,904.0,908.0,0.5,0.175,75,0.9654666566235744,ok,0,12,10,0.0
chb03,chb03_04.edf,904.0,908.0,0.5,0.175,76,0.48840569686484475,ok,0,10,9,0.0
chb03,chb03_04.edf,904.0,908.0,0.5,0.175,77,1.4882095124675974,ok,0,9,8,0.0
chb03,chb03_04.edf,904.0,908.0,0.5,0.175,78,0.8783739115481473,ok,0,10,9,0.0
chb03,chb03_04.edf,904.0,908.0,0.5,0.175,79,0.6660998123404629,ok,0,8,7,0.0
chb03,chb03_04.edf,904.0,908.0,0.5,0.175,80,0.7001723173641382,ok,0,11,9,0.0
chb03,chb03_04.edf,904.0,908.0,0.5,0.175,81,1.3487816138931745,ok,0,10,9,0.0
chb03,chb03_04.edf,904.0,908.0,0.5,0.35,62,0.6084347940291672,ok,0,12,10,0.0
chb03,chb03_04.edf,904.0,908.0,0.5,0.35,63,0.16726057798219393,ok,0,8,7,0.0
chb03,chb03_04.edf,904.0,908.0,0.5,0.35,64,0.33066737835270793,ok,0,10,9,0.0
chb03,chb03_04.edf,904.0,908.0,0.5,0.35,65,0.5518250131061467,ok,0,10,8,0.0
chb03,chb03_04.edf,904.0,908.0,0.5,0.35,66,0.2781118143558677,ok,0,12,9,0.0
chb03,chb03_04.edf,904.0,908.0,0.5,0.35,67,0.9220659889498258,ok,0,7,6,0.0
chb03,chb03_04.edf,904.0,908.0,0.5,0.35,68,1.2563716415680837,ok,0,11,10,0.0
chb03,chb03_04.edf,904.0,908.0,0.5,0.35,69,1.2023157860598088,ok,0,8,6,0.0
chb03,chb03_04.edf,904.0,908.0,0.5,0.35,70,0.5111811702061327,ok,0,14,13,0.0
chb03,chb03_04.edf,904.0,908.0,0.5,0.35,71,1.9023929873762566,ok,0,11,10,0.0
chb03,chb03_04.edf,904.0,908.0,0.5,0.35,72,0.18642507739616473,ok,0,6,5,0.0
chb03,chb03_04.edf,904.0,908.0,0.5,0.35,73,0.6055742018279381,ok,0,9,8,0.0
chb03,chb03_04.edf,904.0,908.0,0.5,0.35,74,0.655280757217913,ok,0,10,8,0.0
chb03,chb03_04.edf,904.0,908.0,0.5,0.35,75,0.6636085424238107,ok,0,14,12,0.0
chb03,chb03_04.edf,904.0,908.0,0.5,0.35,76,0.48840569686484475,ok,0,10,9,0.0
chb03,chb03_04.edf,904.0,908.0,0.5,0.35,77,1.4882095124675974,ok,0,9,8,0.0
chb03,chb03_04.edf,904.0,908.0,0.5,0.35,78,0.8783739115481473,ok,0,10,9,0.0
chb03,chb03_04.edf,904.0,908.0,0.5,0.35,79,0.6660998123404629,ok,0,8,7,0.0
chb03,chb03_04.edf,904.0,908.0,0.5,0.35,80,0.7001723173641382,ok,0,11,9,0.0
chb03,chb03_04.edf,904.0,908.0,0.5,0.35,81,1.3487816138931745,ok,0,10,9,0.0
chb03,chb03_04.edf,904.0,908.0,0.5,0.7,62,0.5926102536060577,ok,0,13,11,0.0
chb03,chb03_04.edf,904.0,908.0,0.5,0.7,63,0.16726057798219393,ok,0,8,7,0.0
chb03,chb03_04.edf,904.0,908.0,0.5,0.7,64,0.33066737835270793,ok,0,10,9,0.0
chb03,chb03_04.edf,904.0,908.0,0.5,0.7,65,1.6025621782138928,ok,0,11,9,0.0
chb03,chb03_04.edf,904.0,908.0,0.5,0.7,66,0.27723149341407183,ok,0,11,8,0.0
chb03,chb03_04.edf,904.0,908.0,0.5,0.7,67,0.9220659889498258,ok,0,7,6,0.0
chb03,chb03_04.edf,904.0,908.0,0.5,0.7,68,1.2291207868644798,ok,0,12,11,0.0
chb03,chb03_04.edf,904.0,908.0,0.5,0.7,69,1.2023157860598088,ok,0,8,6,0.0
chb03,chb03_04.edf,904.0,908.0,0.5,0.7,70,0.5111811702061327,ok,0,14,13,0.0
chb03,chb03_04.edf,904.0,908.0,0.5,0.7,71,1.8294950684915057,ok,0,10,9,0.0
chb03,chb03_04.edf,904.0,908.0,0.5,0.7,72,0.917553742769739,ok,0,7,6,0.0
chb03,chb03_04.edf,904.0,908.0,0.5,0.7,73,0.6292687084529284,ok,0,8,7,0.0
chb03,chb03_04.edf,904.0,908.0,0.5,0.7,74,0.655280757217913,ok,0,10,8,0.0
chb03,chb03_04.edf,904.0,908.0,0.5,0.7,75,0.6578536387636706,ok,0,13,11,0.0
chb03,chb03_04.edf,904.0,908.0,0.5,0.7,76,0.48840569686484475,ok,0,10,9,0.0
chb03,chb03_04.edf,904.0,908.0,0.5,0.7,77,1.3631139426017416,ok,0,8,7,0.0
chb03,chb03_04.edf,904.0,908.0,0.5,0.7,78,0.8127096154278953,ok,0,9,8,0.0
chb03,chb03_04.edf,904.0,908.0,0.5,0.7,79,0.6660998123404629,ok,0,8,7,0.0
chb03,chb03_04.edf,904.0,908.0,0.5,0.7,80,0.6182995827429649,ok,0,10,8,0.0
chb03,chb03_04.edf,904.0,908.0,0.5,0.7,81,1.3485722789127093,ok,0,10,9,0.0
chb03,chb03_04.edf,904.0,908.0,1.0,0.0,62,0.7743914046997703,ok,0,11,10,0.0
chb03,chb03_04.edf,904.0,908.0,1.0,0.0,63,0.21488489744161204,ok,0,8,7,0.0
chb03,chb03_04.edf,904.0,908.0,1.0,0.0,64,0.17192047651837583,ok,0,10,9,0.0
chb03,chb03_04.edf,904.0,908.0,1.0,0.0,65,0.48620003231413916,ok,0,12,9,0.0
chb03,chb03_04.edf,904.0,908.0,1.0,0.0,66,1.3756822323974554,ok,0,13,11,0.0
chb03,chb03_04.edf,904.0,908.0,1.0,0.0,67,1.0067830609804835,ok,0,9,8,0.0
chb03,chb03_04.edf,904.0,908.0,1.0,0.0,68,1.5176810316646947,ok,0,13,11,0.0
chb03,chb03_04.edf,904.0,908.0,1.0,0.0,69,1.0610836315798138,ok,0,8,5,0.0
chb03,chb03_04.edf,904.0,908.0,1.0,0.0,70,0.981919803246944,ok,0,12,11,0.0
chb03,chb03_04.edf,904.0,908.0,1.0,0.0,71,1.7937447317653397,ok,0,10,8,0.0
chb03,chb03_04.edf,904.0,908.0,1.0,0.0,72,0.18642507739616473,ok,0,6,5,0.0
chb03,chb03_04.edf,904.0,908.0,1.0,0.0,73,0.5987516059102022,ok,0,9,8,0.0
chb03,chb03_04.edf,904.0,908.0,1.0,0.0,74,0.6443582292066723,ok,0,11,10,0.0
chb03,chb03_04.edf,904.0,908.0,1.0,0.0,75,1.65888681246551,ok,0,10,7,0.0
chb03,chb03_04.edf,904.0,908.0,1.0,0.0,76,0.22553402254439306,ok,0,12,11,0.0
chb03,chb03_04.edf,904.0,908.0,1.0,0.0,77,1.261454559020981,ok,0,10,9,0.0
chb03,chb03_04.edf,904.0,908.0,1.0,0.0,78,1.9856992051961986,ok,0,12,11,0.0
chb03,chb03_04.edf,904.0,908.0,1.0,0.0,79,0.1609368397508929,ok,0,7,6,0.0
chb03,chb03_04.edf,904.0,908.0,1.0,0.0,80,0.8375512923759941,ok,0,11,9,0.0
chb03,chb03_04.edf,904.0,908.0,1.0,0.0,81,1.3218647883394035,ok,0,10,8,0.0
chb03,chb03_04.edf,904.0,908.0,1.0,0.175,62,0.826464432171287,ok,0,12,11,0.0
chb03,chb03_04.edf,904.0,908.0,1.0,0.175,63,0.21488489744161204,ok,0,8,7,0.0
chb03,chb03_04.edf,904.0,908.0,1.0,0.175,64,0.17192047651837583,ok,0,10,9,0.0
chb03,chb03_04.edf,904.0,908.0,1.0,0.175,65,0.48620003231413916,ok,0,12,9,0.0
chb03,chb03_04.edf,904.0,908.0,1.0,0.175,66,1.3756822323974554,ok,0,13,11,0.0
chb03,chb03_04.edf,904.0,908.0,1.0,0.175,67,1.0067830609804835,ok,0,9,8,0.0
chb03,chb03_04.edf,904.0,908.0,1.0,0.175,68,1.5176810316646947,ok,0,13,11,0.0
chb03,chb03_04.edf,904.0,908.0,1.0,0.175,69,1.0610836315798138,ok,0,8,5,0.0
chb03,chb03_04.edf,904.0,908.0,1.0,0.175,70,0.981919803246944,ok,0,12,11,0.0
chb03,chb03_04.edf,904.0,908.0,1.0,0.175,71,1.7937447317653397,ok,0,10,8,0.0
chb03,chb03_04.edf,904.0,908.0,1.0,0.175,72,0.18642507739616473,ok,0,6,5,0.0
chb03,chb03_04.edf,904.0,908.0,1.0,0.175,73,0.5823203888824564,ok,0,8,7,0.0
chb03,chb03_04.edf,904.0,908.0,1.0,0.175,74,0.6443582292066723,ok,0,11,10,0.0
chb03,chb03_04.edf,904.0,908.0,1.0,0.175,75,1.65888681246551,ok,0,10,7,0.0
chb03,chb03_04.edf,904.0,908.0,1.0,0.175,76,0.22553402254439306,ok,0,12,11,0.0
chb03,chb03_04.edf,904.0,908.0,1.0,0.175,77,1.1823574475580834,ok,0,9,8,0.0
chb03,chb03_04.edf,904.0,908.0,1.0,0.175,78,2.0008167178077203,ok,0,11,10,0.0
chb03,chb03_04.edf,904.0,908.0,1.0,0.175,79,0.1609368397508929,ok,0,7,6,0.0
chb03,chb03_04.edf,904.0,908.0,1.0,0.175,80,0.847592558041268,ok,0,12,10,0.0
chb03,chb03_04.edf,904.0,908.0,1.0,0.175,81,1.3218647883394035,ok,0,10,8,0.0
chb03,chb03_04.edf,904.0,908.0,1.0,0.35,62,0.7769150614130934,ok,0,12,10,0.0
chb03,chb03_04.edf,904.0,908.0,1.0,0.35,63,0.21488489744161204,ok,0,8,7,0.0
chb03,chb03_04.edf,904.0,908.0,1.0,0.35,64,0.17192047651837583,ok,0,10,9,0.0
chb03,chb03_04.edf,904.0,908.0,1.0,0.35,65,0.48620003231413916,ok,0,12,9,0.0
chb03,chb03_04.edf,904.0,908.0,1.0,0.35,66,1.4500666645278386,ok,0,13,11,0.0
chb03,chb03_04.edf,904.0,908.0,1.0,0.35,67,1.0067830609804835,ok,0,9,8,0.0
chb03,chb03_04.edf,904.0,908.0,1.0,0.35,68,1.5176810316646947,ok,0,13,11,0.0
chb03,chb03_04.edf,904.0,908.0,1.0,0.35,69,1.0610836315798138,ok,0,8,5,0.0
chb03,chb03_04.edf,904.0,908.0,1.0,0.35,70,0.967657796849726,ok,0,11,10,0.0
chb03,chb03_04.edf,904.0,908.0,1.0,0.35,71,1.7937447317653397,ok,0,10,8,0.0
chb03,chb03_04.edf,904.0,908.0,1.0,0.35,72,0.18642507739616473,ok,0,6,5,0.0
chb03,chb03_04.edf,904.0,908.0,1.0,0.35,73,0.6119902858539218,ok,0,8,7,0.0
chb03,chb03_04.edf,904.0,908.0,1.0,0.35,74,0.6443582292066723,ok,0,11,10,0.0
chb03,chb03_04.edf,904.0,908.0,1.0,0.35,75,1.65888681246551,ok,0,10,7,0.0
chb03,chb03_04.edf,904.0,908.0,1.0,0.35,76,0.22553402254439306,ok,0,12,11,0.0
chb03,chb03_04.edf,904.0,908.0,1.0,0.35,77,1.1158722845684699,ok,0,8,7,0.0
chb03,chb03_04.edf,904.0,908.0,1.0,0.35,78,1.9621801947710005,ok,0,11,9,0.0
chb03,chb03_04.edf,904.0,908.0,1.0,0.35,79,0.1609368397508929,ok,0,7,6,0.0
chb03,chb03_04.edf,904.0,908.0,1.0,0.35,80,0.847592558041268,ok,0,12,10,0.0
chb03,chb03_04.edf,904.0,908.0,1.0,0.35,81,1.3218647883394035,ok,0,10,8,0.0
chb03,chb03_04.edf,904.0,908.0,1.0,0.7,62,0.7815697746030538,ok,0,12,9,0.0
chb03,chb03_04.edf,904.0,908.0,1.0,0.7,63,0.21488489744161204,ok,0,8,7,0.0
chb03,chb03_04.edf,904.0,908.0,1.0,0.7,64,0.17192047651837583,ok,0,10,9,0.0
chb03,chb03_04.edf,904.0,908.0,1.0,0.7,65,0.48620003231413916,ok,0,12,9,0.0
chb03,chb03_04.edf,904.0,908.0,1.0,0.7,66,1.4500666645278386,ok,0,13,11,0.0
chb03,chb03_04.edf,904.0,908.0,1.0,0.7,67,0.9828507256367232,ok,0,9,8,0.0
chb03,chb03_04.edf,904.0,908.0,1.0,0.7,68,1.5176810316646947,ok,0,13,11,0.0
chb03,chb03_04.edf,904.0,908.0,1.0,0.7,69,1.0610836315798138,ok,0,8,5,0.0
chb03,chb03_04.edf,904.0,908.0,1.0,0.7,70,1.02561670668018,ok,0,11,8,0.0
chb03,chb03_04.edf,904.0,908.0,1.0,0.7,71,1.7807885336128075,ok,0,10,9,0.0
chb03,chb03_04.edf,904.0,908.0,1.0,0.7,72,0.917553742769739,ok,0,7,6,0.0
chb03,chb03_04.edf,904.0,908.0,1.0,0.7,73,0.6125611080128855,ok,0,8,7,0.0
chb03,chb03_04.edf,904.0,908.0,1.0,0.7,74,0.6443582292066723,ok,0,11,10,0.0
chb03,chb03_04.edf,904.0,908.0,1.0,0.7,75,1.65888681246551,ok,0,10,7,0.0
chb03,chb03_04.edf,904.0,908.0,1.0,0.7,76,0.21554187051388352,ok,0,13,12,0.0
chb03,chb03_04.edf,904.0,908.0,1.0,0.7,77,1.1158722845684699,ok,0,8,7,0.0
chb03,chb03_04.edf,904.0,908.0,1.0,0.7,78,1.8660841303551967,ok,0,12,10,0.0
chb03,chb03_04.edf,904.0,908.0,1.0,0.7,79,0.1609368397508929,ok,0,7,6,0.0
chb03,chb03_04.edf,904.0,908.0,1.0,0.7,80,0.9265219384136683,ok,0,11,9,0.0
chb03,chb03_04.edf,904.0,908.0,1.0,0.7,81,1.3218647883394035,ok,0,10,8,0.0
chb03,chb03_04.edf,2700.0,2704.0,0.25,0.0,62,0.6171842911523988,ok,0,10,9,0.0
chb03,chb03_04.edf,2700.0,2704.0,0.25,0.0,63,2.043747370146671,ok,0,9,8,0.0
chb03,chb03_04.edf,2700.0,2704.0,0.25,0.0,64,0.8756532617719204,ok,0,9,8,0.0
chb03,chb03_04.edf,2700.0,2704.0,0.25,0.0,65,0.9667718123938864,ok,0,11,10,0.0
chb03,chb03_04.edf,2700.0,2704.0,0.25,0.0,66,0.3631787913269073,ok,0,11,9,0.0
chb03,chb03_04.edf,2700.0,2704.0,0.25,0.0,67,0.8092054221906116,ok,0,11,9,0.0
chb03,chb03_04.edf,2700.0,2704.0,0.25,0.0,68,0.9681035064574081,ok,0,9,8,0.0
chb03,chb03_04.edf,2700.0,2704.0,0.25,0.0,69,1.241548694349417,ok,0,10,8,0.0
chb03,chb03_04.edf,2700.0,2704.0,0.25,0.0,70,0.2793983295119334,ok,0,9,8,0.0
chb03,chb03_04.edf,2700.0,2704.0,0.25,0.0,71,1.5904417843670142,ok,0,12,11,0.0
chb03,chb03_04.edf,2700.0,2704.0,0.25,0.0,72,0.9990557900479503,ok,0,11,9,0.0
chb03,chb03_04.edf,2700.0,2704.0,0.25,0.0,73,0.4814093715175572,ok,0,8,7,0.0
chb03,chb03_04.edf,2700.0,2704.0,0.25,0.0,74,0.6162790697674418,ok,0,11,8,0.0
chb03,chb03_04.edf,2700.0,2704.0,0.25,0.0,75,0.35394981220923855,ok,0,12,11,0.0
chb03,chb03_04.edf,2700.0,2704.0,0.25,0.0,76,0.3909772130214703,ok,0,12,11,0.0
chb03,chb03_04.edf,2700.0,2704.0,0.25,0.0,77,0.9447730595988872,ok,0,6,4,0.0
chb03,chb03_04.edf,2700.0,2704.0,0.25,0.0,78,1.3483863463099397,ok,0,11,10,0.0
chb03,chb03_04.edf,2700.0,2704.0,0.25,0.0,79,0.1609368397508929,ok,0,7,6,0.0
chb03,chb03_04.edf,2700.0,2704.0,0.25,0.0,80,0.1797136108456547,ok,0,12,10,0.0
chb03,chb03_04.edf,2700.0,2704.0,0.25,0.0,81,1.4033891062507988,ok,0,10,7,0.0
chb03,chb03_04.edf,2700.0,2704.0,0.25,0.175,62,0.7728096094960322,ok,0,9,8,0.0
chb03,chb03_04.edf,2700.0,2704.0,0.25,0.175,63,2.043813729291342,ok,0,9,8,0.0
chb03,chb03_04.edf,2700.0,2704.0,0.25,0.175,64,0.8756532617719204,ok,0,9,8,0.0
chb03,chb03_04.edf,2700.0,2704.0,0.25,0.175,65,0.9778806893064224,ok,0,12,10,0.0
chb03,chb03_04.edf,2700.0,2704.0,0.25,0.175,66,0.3631787913269073,ok,0,11,9,0.0
chb03,chb03_04.edf,2700.0,2704.0,0.25,0.175,67,0.4412965242464196,ok,0,10,8,0.0
chb03,chb03_04.edf,2700.0,2704.0,0.25,0.175,68,0.8821717639524773,ok,0,8,7,0.0
chb03,chb03_04.edf,2700.0,2704.0,0.25,0.175,69,1.3021781104089274,ok,0,9,7,0.0
chb03,chb03_04.edf,2700.0,2704.0,0.25,0.175,70,0.2793983295119334,ok,0,9,8,0.0
chb03,chb03_04.edf,2700.0,2704.0,0.25,0.175,71,1.5904417843670142,ok,0,12,11,0.0
chb03,chb03_04.edf,2700.0,2704.0,0.25,0.175,72,0.9995291818824235,ok,0,11,9,0.0
chb03,chb03_04.edf,2700.0,2704.0,0.25,0.175,73,0.711110118167462,ok,0,8,7,0.0
chb03,chb03_04.edf,2700.0,2704.0,0.25,0.175,74,0.6162790697674418,ok,0,11,8,0.0
chb03,chb03_04.edf,2700.0,2704.0,0.25,0.175,75,0.5540431162949683,ok,0,10,9,0.0
chb03,chb03_04.edf,2700.0,2704.0,0.25,0.175,76,0.3909772130214703,ok,0,12,11,0.0
chb03,chb03_04.edf,2700.0,2704.0,0.25,0.175,77,0.9447730595988872,ok,0,6,4,0.0
chb03,chb03_04.edf,2700.0,2704.0,0.25,0.175,78,1.2954396739846774,ok,0,10,8,0.0
chb03,chb03_04.edf,2700.0,2704.0,0.25,0.175,79,0.1609368397508929,ok,0,7,6,0.0
chb03,chb03_04.edf,2700.0,2704.0,0.25,0.175,80,0.16139070270625072,ok,0,11,10,0.0
chb03,chb03_04.edf,2700.0,2704.0,0.25,0.175,81,1.391697303472564,ok,0,9,8,0.0
chb03,chb03_04.edf,2700.0,2704.0,0.25,0.35,62,0.8199931984143265,ok,0,10,9,0.0
chb03,chb03_04.edf,2700.0,2704.0,0.25,0.35,63,0.20805116380691183,ok,0,8,7,0.0
chb03,chb03_04.edf,2700.0,2704.0,0.25,0.35,64,0.8756532617719204,ok,0,9,8,0.0
chb03,chb03_04.edf,2700.0,2704.0,0.25,0.35,65,1.0367171444908694,ok,0,13,11,0.0
chb03,chb03_04.edf,2700.0,2704.0,0.25,0.35,66,0.3631787913269073,ok,0,11,9,0.0
chb03,chb03_04.edf,2700.0,2704.0,0.25,0.35,67,0.4412965242464196,ok,0,10,8,0.0
chb03,chb03_04.edf,2700.0,2704.0,0.25,0.35,68,0.8821717639524773,ok,0,8,7,0.0
chb03,chb03_04.edf,2700.0,2704.0,0.25,0.35,69,1.3021781104089274,ok,0,9,7,0.0
chb03,chb03_04.edf,2700.0,2704.0,0.25,0.35,70,0.2793983295119334,ok,0,9,8,0.0
chb03,chb03_04.edf,2700.0,2704.0,0.25,0.35,71,1.3494119575423982,ok,0,13,12,0.0
chb03,chb03_04.edf,2700.0,2704.0,0.25,0.35,72,0.9358056598912139,ok,0,10,8,0.0
chb03,chb03_04.edf,2700.0,2704.0,0.25,0.35,73,0.7119172775687366,ok,0,8,7,0.0
chb03,chb03_04.edf,2700.0,2704.0,0.25,0.35,74,0.5783078709396672,ok,0,10,9,0.0
chb03,chb03_04.edf,2700.0,2704.0,0.25,0.35,75,0.480737924719142,ok,0,10,9,0.0
chb03,chb03_04.edf,2700.0,2704.0,0.25,0.35,76,0.3909772130214703,ok,0,12,11,0.0
chb03,chb03_04.edf,2700.0,2704.0,0.25,0.35,77,0.8082721727422603,ok,0,5,3,0.0
chb03,chb03_04.edf,2700.0,2704.0,0.25,0.35,78,1.7572575985652115,ok,0,9,7,0.0
chb03,chb03_04.edf,2700.0,2704.0,0.25,0.35,79,0.1609368397508929,ok,0,7,6,0.0
chb03,chb03_04.edf,2700.0,2704.0,0.25,0.35,80,0.16139070270625072,ok,0,11,10,0.0
chb03,chb03_04.edf,2700.0,2704.0,0.25,0.35,81,1.391697303472564,ok,0,9,8,0.0
chb03,chb03_04.edf,2700.0,2704.0,0.25,0.7,62,0.8001817483147683,ok,0,8,7,0.0
chb03,chb03_04.edf,2700.0,2704.0,0.25,0.7,63,0.20805116380691183,ok,0,8,7,0.0
chb03,chb03_04.edf,2700.0,2704.0,0.25,0.7,64,1.330661639806081,ok,0,8,7,0.0
chb03,chb03_04.edf,2700.0,2704.0,0.25,0.7,65,0.9759590668632798,ok,0,12,10,0.0
chb03,chb03_04.edf,2700.0,2704.0,0.25,0.7,66,0.38234681622847333,ok,0,10,8,0.0
chb03,chb03_04.edf,2700.0,2704.0,0.25,0.7,67,0.4020525804096822,ok,0,9,8,0.0
chb03,chb03_04.edf,2700.0,2704.0,0.25,0.7,68,0.9161880516211035,ok,0,7,6,0.0
chb03,chb03_04.edf,2700.0,2704.0,0.25,0.7,69,1.2548086759431705,ok,0,11,9,0.0
chb03,chb03_04.edf,2700.0,2704.0,0.25,0.7,70,0.4762233028010743,ok,0,11,10,0.0
chb03,chb03_04.edf,2700.0,2704.0,0.25,0.7,71,1.3494119575423982,ok,0,13,12,0.0
chb03,chb03_04.edf,2700.0,2704.0,0.25,0.7,72,1.2430458952079404,ok,0,10,8,0.0
chb03,chb03_04.edf,2700.0,2704.0,0.25,0.7,73,0.5458248838681402,ok,0,9,7,0.0
chb03,chb03_04.edf,2700.0,2704.0,0.25,0.7,74,0.5404234813058147,ok,0,11,10,0.0
chb03,chb03_04.edf,2700.0,2704.0,0.25,0.7,75,0.5297012145454709,ok,0,9,8,0.0
chb03,chb03_04.edf,2700.0,2704.0,0.25,0.7,76,0.47442968524097245,ok,0,11,10,0.0
chb03,chb03_04.edf,2700.0,2704.0,0.25,0.7,77,0.6162925073155712,ok,0,6,5,0.0
chb03,chb03_04.edf,2700.0,2704.0,0.25,0.7,78,1.5813214289772375,ok,0,8,6,0.0
chb03,chb03_04.edf,2700.0,2704.0,0.25,0.7,79,0.15218217883084012,ok,0,8,6,0.0
chb03,chb03_04.edf,2700.0,2704.0,0.25,0.7,80,0.17624323599016883,ok,0,11,9,0.0
chb03,chb03_04.edf,2700.0,2704.0,0.25,0.7,81,1.28866183513383,ok,0,9,8,0.0
chb03,chb03_04.edf,2700.0,2704.0,0.5,0.0,62,0.5712931377579745,ok,0,12,11,0.0
chb03,chb03_04.edf,2700.0,2704.0,0.5,0.0,63,0.16726057798219393,ok,0,8,7,0.0
chb03,chb03_04.edf,2700.0,2704.0,0.5,0.0,64,0.19637001542360058,ok,0,9,8,0.0
chb03,chb03_04.edf,2700.0,2704.0,0.5,0.0,65,0.546024803519956,ok,0,10,8,0.0
chb03,chb03_04.edf,2700.0,2704.0,0.5,0.0,66,0.3428004452807938,ok,0,11,9,0.0
chb03,chb03_04.edf,2700.0,2704.0,0.5,0.0,67,0.9454773281444654,ok,0,7,6,0.0
chb03,chb03_04.edf,2700.0,2704.0,0.5,0.0,68,1.2291207868644798,ok,0,12,11,0.0
chb03,chb03_04.edf,2700.0,2704.0,0.5,0.0,69,1.1682562182790923,ok,0,9,7,0.0
chb03,chb03_04.edf,2700.0,2704.0,0.5,0.0,70,0.5111811702061327,ok,0,14,13,0.0
chb03,chb03_04.edf,2700.0,2704.0,0.5,0.0,71,1.8179982256514546,ok,0,11,9,0.0
chb03,chb03_04.edf,2700.0,2704.0,0.5,0.0,72,0.18642507739616473,ok,0,6,5,0.0
chb03,chb03_04.edf,2700.0,2704.0,0.5,0.0,73,0.6286253346157429,ok,0,10,9,0.0
chb03,chb03_04.edf,2700.0,2704.0,0.5,0.0,74,0.6476197533905482,ok,0,9,7,0.0
chb03,chb03_04.edf,2700.0,2704.0,0.5,0.0,75,0.9626906857352386,ok,0,12,10,0.0
chb03,chb03_04.edf,2700.0,2704.0,0.5,0.0,76,0.48840569686484475,ok,0,10,9,0.0
chb03,chb03_04.edf,2700.0,2704.0,0.5,0.0,77,1.4397992123948258,ok,0,10,9,0.0
chb03,chb03_04.edf,2700.0,2704.0,0.5,0.0,78,0.8783739115481473,ok,0,10,9,0.0
chb03,chb03_04.edf,2700.0,2704.0,0.5,0.0,79,0.6660998123404629,ok,0,8,7,0.0
chb03,chb03_04.edf,2700.0,2704.0,0.5,0.0,80,0.48943288169382493,ok,0,10,8,0.0
chb03,chb03_04.edf,2700.0,2704.0,0.5,0.0,81,1.3487816138931745,ok,0,10,9,0.0
chb03,chb03_04.edf,2700.0,2704.0,0.5,0.175,62,0.5267056902960866,ok,0,12,10,0.0
chb03,chb03_04.edf,2700.0,2704.0,0.5,0.175,63,0.16726057798219393,ok,0,8,7,0.0
chb03,chb03_04.edf,2700.0,2704.0,0.5,0.175,64,0.32911106008116,ok,0,10,9,0.0
chb03,chb03_04.edf,2700.0,2704.0,0.5,0.175,65,0.546024803519956,ok,0,10,8,0.0
chb03,chb03_04.edf,2700.0,2704.0,0.5,0.175,66,0.3428004452807938,ok,0,11,9,0.0
chb03,chb03_04.edf,2700.0,2704.0,0.5,0.175,67,0.9454773281444654,ok,0,7,6,0.0
chb03,chb03_04.edf,2700.0,2704.0,0.5,0.175,68,1.2291207868644798,ok,0,12,11,0.0
chb03,chb03_04.edf,2700.0,2704.0,0.5,0.175,69,1.2023157860598088,ok,0,8,6,0.0
chb03,chb03_04.edf,2700.0,2704.0,0.5,0.175,70,0.5111811702061327,ok,0,14,13,0.0
chb03,chb03_04.edf,2700.0,2704.0,0.5,0.175,71,1.8814282450408817,ok,0,11,10,0.0
chb03,chb03_04.edf,2700.0,2704.0,0.5,0.175,72,0.18642507739616473,ok,0,6,5,0.0
chb03,chb03_04.edf,2700.0,2704.0,0.5,0.175,73,0.6775206617240627,ok,0,10,9,0.0
chb03,chb03_04.edf,2700.0,2704.0,0.5,0.175,74,0.655280757217913,ok,0,10,8,0.0
chb03,chb03_04.edf,2700.0,2704.0,0.5,0.175,75,0.9626906857352386,ok,0,12,10,0.0
chb03,chb03_04.edf,2700.0,2704.0,0.5,0.175,76,0.48840569686484475,ok,0,10,9,0.0
chb03,chb03_04.edf,2700.0,2704.0,0.5,0.175,77,1.4882095124675974,ok,0,9,8,0.0
chb03,chb03_04.edf,2700.0,2704.0,0.5,0.175,78,0.8783739115481473,ok,0,10,9,0.0
chb03,chb03_04.edf,2700.0,2704.0,0.5,0.175,79,0.6660998123404629,ok,0,8,7,0.0
chb03,chb03_04.edf,2700.0,2704.0,0.5,0.175,80,0.6974031210541843,ok,0,11,9,0.0
chb03,chb03_04.edf,2700.0,2704.0,0.5,0.175,81,1.3487816138931745,ok,0,10,9,0.0
chb03,chb03_04.edf,2700.0,2704.0,0.5,0.35,62,0.5267056902960866,ok,0,12,10,0.0
chb03,chb03_04.edf,2700.0,2704.0,0.5,0.35,63,0.16726057798219393,ok,0,8,7,0.0
chb03,chb03_04.edf,2700.0,2704.0,0.5,0.35,64,0.32911106008116,ok,0,10,9,0.0
chb03,chb03_04.edf,2700.0,2704.0,0.5,0.35,65,0.6996169469027036,ok,0,9,7,0.0
chb03,chb03_04.edf,2700.0,2704.0,0.5,0.35,66,0.3428004452807938,ok,0,11,9,0.0
chb03,chb03_04.edf,2700.0,2704.0,0.5,0.35,67,0.9547122385977118,ok,0,7,6,0.0
chb03,chb03_04.edf,2700.0,2704.0,0.5,0.35,68,1.298487349908119,ok,0,11,10,0.0
chb03,chb03_04.edf,2700.0,2704.0,0.5,0.35,69,1.2023157860598088,ok,0,8,6,0.0
chb03,chb03_04.edf,2700.0,2704.0,0.5,0.35,70,0.5111811702061327,ok,0,14,13,0.0
chb03,chb03_04.edf,2700.0,2704.0,0.5,0.35,71,1.8814282450408817,ok,0,11,10,0.0
chb03,chb03_04.edf,2700.0,2704.0,0.5,0.35,72,0.1586900018443984,ok,0,6,5,0.0
chb03,chb03_04.edf,2700.0,2704.0,0.5,0.35,73,0.6775206617240627,ok,0,10,9,0.0
chb03,chb03_04.edf,2700.0,2704.0,0.5,0.35,74,0.655280757217913,ok,0,10,8,0.0
chb03,chb03_04.edf,2700.0,2704.0,0.5,0.35,75,0.9605316794705087,ok,0,12,10,0.0
chb03,chb03_04.edf,2700.0,2704.0,0.5,0.35,76,0.48840569686484475,ok,0,10,9,0.0
chb03,chb03_04.edf,2700.0,2704.0,0.5,0.35,77,1.4882095124675974,ok,0,9,8,0.0
chb03,chb03_04.edf,2700.0,2704.0,0.5,0.35,78,0.8731274325401894,ok,0,10,8,0.0
chb03,chb03_04.edf,2700.0,2704.0,0.5,0.35,79,0.7580899903147936,ok,0,9,7,0.0
chb03,chb03_04.edf,2700.0,2704.0,0.5,0.35,80,0.9226330389069755,ok,0,10,8,0.0
chb03,chb03_04.edf,2700.0,2704.0,0.5,0.35,81,1.3485722789127093,ok,0,10,9,0.0
chb03,chb03_04.edf,2700.0,2704.0,0.5,0.7,62,0.5267056902960866,ok,0,12,10,0.0
chb03,chb03_04.edf,2700.0,2704.0,0.5,0.7,63,0.16726057798219393,ok,0,8,7,0.0
chb03,chb03_04.edf,2700.0,2704.0,0.5,0.7,64,0.4037182435228383,ok,0,10,8,0.0
chb03,chb03_04.edf,2700.0,2704.0,0.5,0.7,65,0.6843692580854489,ok,0,9,6,0.0
chb03,chb03_04.edf,2700.0,2704.0,0.5,0.7,66,0.3375933909545367,ok,0,11,9,0.0
chb03,chb03_04.edf,2700.0,2704.0,0.5,0.7,67,0.9471279716900027,ok,0,9,8,0.0
chb03,chb03_04.edf,2700.0,2704.0,0.5,0.7,68,1.266903495584209,ok,0,9,8,0.0
chb03,chb03_04.edf,2700.0,2704.0,0.5,0.7,69,1.196801294454979,ok,0,10,8,0.0
chb03,chb03_04.edf,2700.0,2704.0,0.5,0.7,70,0.509154547108042,ok,0,14,13,0.0
chb03,chb03_04.edf,2700.0,2704.0,0.5,0.7,71,1.5647842109751056,ok,0,12,11,0.0
chb03,chb03_04.edf,2700.0,2704.0,0.5,0.7,72,0.24098688218879177,ok,0,6,5,0.0
chb03,chb03_04.edf,2700.0,2704.0,0.5,0.7,73,0.6793137002542874,ok,0,10,9,0.0
chb03,chb03_04.edf,2700.0,2704.0,0.5,0.7,74,0.48266759455390335,ok,0,11,10,0.0
chb03,chb03_04.edf,2700.0,2704.0,0.5,0.7,75,1.0073829965460526,ok,0,11,9,0.0
chb03,chb03_04.edf,2700.0,2704.0,0.5,0.7,76,0.5446413777767587,ok,0,10,9,0.0
chb03,chb03_04.edf,2700.0,2704.0,0.5,0.7,77,1.488451392154644,ok,0,9,8,0.0
chb03,chb03_04.edf,2700.0,2704.0,0.5,0.7,78,0.79139923516667,ok,0,9,7,0.0
chb03,chb03_04.edf,2700.0,2704.0,0.5,0.7,79,0.15218217883084012,ok,0,8,6,0.0
chb03,chb03_04.edf,2700.0,2704.0,0.5,0.7,80,0.9226330389069755,ok,0,10,8,0.0
chb03,chb03_04.edf,2700.0,2704.0,0.5,0.7,81,1.3485722789127093,ok,0,10,9,0.0
chb03,chb03_04.edf,2700.0,2704.0,1.0,0.0,62,0.7743914046997703,ok,0,11,10,0.0
chb03,chb03_04.edf,2700.0,2704.0,1.0,0.0,63,0.21488489744161204,ok,0,8,7,0.0
chb03,chb03_04.edf,2700.0,2704.0,1.0,0.0,64,0.17192047651837583,ok,0,10,9,0.0
chb03,chb03_04.edf,2700.0,2704.0,1.0,0.0,65,0.48620003231413916,ok,0,12,9,0.0
chb03,chb03_04.edf,2700.0,2704.0,1.0,0.0,66,1.3756822323974554,ok,0,13,11,0.0
chb03,chb03_04.edf,2700.0,2704.0,1.0,0.0,67,1.0067830609804835,ok,0,9,8,0.0
chb03,chb03_04.edf,2700.0,2704.0,1.0,0.0,68,1.5176810316646947,ok,0,13,11,0.0
chb03,chb03_04.edf,2700.0,2704.0,1.0,0.0,69,1.0610836315798138,ok,0,8,5,0.0
chb03,chb03_04.edf,2700.0,2704.0,1.0,0.0,70,0.981919803246944,ok,0,12,11,0.0
chb03,chb03_04.edf,2700.0,2704.0,1.0,0.0,71,1.7937447317653397,ok,0,10,8,0.0
chb03,chb03_04.edf,2700.0,2704.0,1.0,0.0,72,0.18642507739616473,ok,0,6,5,0.0
chb03,chb03_04.edf,2700.0,2704.0,1.0,0.0,73,0.5987516059102022,ok,0,9,8,0.0
chb03,chb03_04.edf,2700.0,2704.0,1.0,0.0,74,0.6443582292066723,ok,0,11,10,0.0
chb03,chb03_04.edf,2700.0,2704.0,1.0,0.0,75,1.65888681246551,ok,0,10,7,0.0
chb03,chb03_04.edf,2700.0,2704.0,1.0,0.0,76,0.22553402254439306,ok,0,12,11,0.0
chb03,chb03_04.edf,2700.0,2704.0,1.0,0.0,77,1.261454559020981,ok,0,10,9,0.0
chb03,chb03_04.edf,2700.0,2704.0,1.0,0.0,78,1.9856992051961986,ok,0,12,11,0.0
chb03,chb03_04.edf,2700.0,2704.0,1.0,0.0,79,0.1609368397508929,ok,0,7,6,0.0
chb03,chb03_04.edf,2700.0,2704.0,1.0,0.0,80,0.8375512923759941,ok,0,11,9,0.0
chb03,chb03_04.edf,2700.0,2704.0,1.0,0.0,81,1.3218647883394035,ok,0,10,8,0.0
chb03,chb03_04.edf,2700.0,2704.0,1.0,0.175,62,0.7235284167972417,ok,0,11,9,0.0
chb03,chb03_04.edf,2700.0,2704.0,1.0,0.175,63,0.16726057798219393,ok,0,8,7,0.0
chb03,chb03_04.edf,2700.0,2704.0,1.0,0.175,64,0.17192047651837583,ok,0,10,9,0.0
chb03,chb03_04.edf,2700.0,2704.0,1.0,0.175,65,0.48620003231413916,ok,0,12,9,0.0
chb03,chb03_04.edf,2700.0,2704.0,1.0,0.175,66,1.3756822323974554,ok,0,13,11,0.0
chb03,chb03_04.edf,2700.0,2704.0,1.0,0.175,67,1.0067830609804835,ok,0,9,8,0.0
chb03,chb03_04.edf,2700.0,2704.0,1.0,0.175,68,1.4166560579148733,ok,0,12,10,0.0
chb03,chb03_04.edf,2700.0,2704.0,1.0,0.175,69,1.0610836315798138,ok,0,8,5,0.0
chb03,chb03_04.edf,2700.0,2704.0,1.0,0.175,70,0.981919803246944,ok,0,12,11,0.0
chb03,chb03_04.edf,2700.0,2704.0,1.0,0.175,71,1.7937447317653397,ok,0,10,8,0.0
chb03,chb03_04.edf,2700.0,2704.0,1.0,0.175,72,0.18642507739616473,ok,0,6,5,0.0
chb03,chb03_04.edf,2700.0,2704.0,1.0,0.175,73,0.5987516059102022,ok,0,9,8,0.0
chb03,chb03_04.edf,2700.0,2704.0,1.0,0.175,74,0.6443582292066723,ok,0,11,10,0.0
chb03,chb03_04.edf,2700.0,2704.0,1.0,0.175,75,1.65888681246551,ok,0,10,7,0.0
chb03,chb03_04.edf,2700.0,2704.0,1.0,0.175,76,0.22553402254439306,ok,0,12,11,0.0
chb03,chb03_04.edf,2700.0,2704.0,1.0,0.175,77,1.261454559020981,ok,0,10,9,0.0
chb03,chb03_04.edf,2700.0,2704.0,1.0,0.175,78,1.9856992051961986,ok,0,12,11,0.0
chb03,chb03_04.edf,2700.0,2704.0,1.0,0.175,79,0.1609368397508929,ok,0,7,6,0.0
chb03,chb03_04.edf,2700.0,2704.0,1.0,0.175,80,0.8359269573250298,ok,0,11,9,0.0
chb03,chb03_04.edf,2700.0,2704.0,1.0,0.175,81,1.3218647883394035,ok,0,10,8,0.0
chb03,chb03_04.edf,2700.0,2704.0,1.0,0.35,62,0.7208946329303869,ok,0,11,9,0.0
chb03,chb03_04.edf,2700.0,2704.0,1.0,0.35,63,0.16726057798219393,ok,0,8,7,0.0
chb03,chb03_04.edf,2700.0,2704.0,1.0,0.35,64,0.17192047651837583,ok,0,10,9,0.0
chb03,chb03_04.edf,2700.0,2704.0,1.0,0.35,65,0.48620003231413916,ok,0,12,9,0.0
chb03,chb03_04.edf,2700.0,2704.0,1.0,0.35,66,1.3756822323974554,ok,0,13,11,0.0
chb03,chb03_04.edf,2700.0,2704.0,1.0,0.35,67,1.0415983018471413,ok,0,10,9,0.0
chb03,chb03_04.edf,2700.0,2704.0,1.0,0.35,68,1.4166560579148733,ok,0,12,10,0.0
chb03,chb03_04.edf,2700.0,2704.0,1.0,0.35,69,1.0610836315798138,ok,0,8,5,0.0
chb03,chb03_04.edf,2700.0,2704.0,1.0,0.35,70,1.0713161689866328,ok,0,12,9,0.0
chb03,chb03_04.edf,2700.0,2704.0,1.0,0.35,71,1.7937447317653397,ok,0,10,8,0.0
chb03,chb03_04.edf,2700.0,2704.0,1.0,0.35,72,0.18642507739616473,ok,0,6,5,0.0
chb03,chb03_04.edf,2700.0,2704.0,1.0,0.35,73,0.6605292894149234,ok,0,10,9,0.0
chb03,chb03_04.edf,2700.0,2704.0,1.0,0.35,74,0.6443582292066723,ok,0,11,10,0.0
chb03,chb03_04.edf,2700.0,2704.0,1.0,0.35,75,1.6701884111809937,ok,0,9,6,0.0
chb03,chb03_04.edf,2700.0,2704.0,1.0,0.35,76,0.22553402254439306,ok,0,12,11,0.0
chb03,chb03_04.edf,2700.0,2704.0,1.0,0.35,77,1.261454559020981,ok,0,10,9,0.0
chb03,chb03_04.edf,2700.0,2704.0,1.0,0.35,78,1.9856992051961986,ok,0,12,11,0.0
chb03,chb03_04.edf,2700.0,2704.0,1.0,0.35,79,0.1609368397508929,ok,0,7,6,0.0
chb03,chb03_04.edf,2700.0,2704.0,1.0,0.35,80,0.8359269573250298,ok,0,11,9,0.0
chb03,chb03_04.edf,2700.0,2704.0,1.0,0.35,81,1.3218647883394035,ok,0,10,8,0.0
chb03,chb03_04.edf,2700.0,2704.0,1.0,0.7,62,0.6927396541417737,ok,0,10,8,0.0
chb03,chb03_04.edf,2700.0,2704.0,1.0,0.7,63,0.16726057798219393,ok,0,8,7,0.0
chb03,chb03_04.edf,2700.0,2704.0,1.0,0.7,64,0.17192047651837583,ok,0,10,9,0.0
chb03,chb03_04.edf,2700.0,2704.0,1.0,0.7,65,0.6215008114984083,ok,0,11,8,0.0
chb03,chb03_04.edf,2700.0,2704.0,1.0,0.7,66,1.3756822323974554,ok,0,13,11,0.0
chb03,chb03_04.edf,2700.0,2704.0,1.0,0.7,67,1.0415983018471413,ok,0,10,9,0.0
chb03,chb03_04.edf,2700.0,2704.0,1.0,0.7,68,1.4843538096478193,ok,0,11,9,0.0
chb03,chb03_04.edf,2700.0,2704.0,1.0,0.7,69,1.0610836315798138,ok,0,8,5,0.0
chb03,chb03_04.edf,2700.0,2704.0,1.0,0.7,70,0.8509412086479077,ok,0,9,6,0.0
chb03,chb03_04.edf,2700.0,2704.0,1.0,0.7,71,1.8713182836167332,ok,0,10,9,0.0
chb03,chb03_04.edf,2700.0,2704.0,1.0,0.7,72,0.24098688218879177,ok,0,6,5,0.0
chb03,chb03_04.edf,2700.0,2704.0,1.0,0.7,73,0.6624896538487556,ok,0,10,9,0.0
chb03,chb03_04.edf,2700.0,2704.0,1.0,0.7,74,0.6310197869425602,ok,0,11,10,0.0
chb03,chb03_04.edf,2700.0,2704.0,1.0,0.7,75,1.1549675585688501,ok,0,10,7,0.0
chb03,chb03_04.edf,2700.0,2704.0,1.0,0.7,76,0.2290690021431927,ok,0,12,11,0.0
chb03,chb03_04.edf,2700.0,2704.0,1.0,0.7,77,1.1675522566078946,ok,0,8,7,0.0
chb03,chb03_04.edf,2700.0,2704.0,1.0,0.7,78,1.9866592065374562,ok,0,12,11,0.0
chb03,chb03_04.edf,2700.0,2704.0,1.0,0.7,79,0.1609368397508929,ok,0,7,6,0.0
chb03,chb03_04.edf,2700.0,2704.0,1.0,0.7,80,0.8359269573250298,ok,0,11,9,0.0
chb03,chb03_04.edf,2700.0,2704.0,1.0,0.7,81,1.3218647883394035,ok,0,10,8,0.0
chb03,chb03_05.edf,904.0,908.0,0.25,0.0,62,0.6171842911523988,ok,0,10,9,0.0
chb03,chb03_05.edf,904.0,908.0,0.25,0.0,63,2.043747370146671,ok,0,9,8,0.0
chb03,chb03_05.edf,904.0,908.0,0.25,0.0,64,0.8756532617719204,ok,0,9,8,0.0
chb03,chb03_05.edf,904.0,908.0,0.25,0.0,65,0.9667718123938864,ok,0,11,10,0.0
chb03,chb03_05.edf,904.0,908.0,0.25,0.0,66,0.3631787913269073,ok,0,11,9,0.0
chb03,chb03_05.edf,904.0,908.0,0.25,0.0,67,0.8092054221906116,ok,0,11,9,0.0
chb03,chb03_05.edf,904.0,908.0,0.25,0.0,68,0.9681035064574081,ok,0,9,8,0.0
chb03,chb03_05.edf,904.0,908.0,0.25,0.0,69,1.241548694349417,ok,0,10,8,0.0
chb03,chb03_05.edf,904.0,908.0,0.25,0.0,70,0.2793983295119334,ok,0,9,8,0.0
chb03,chb03_05.edf,904.0,908.0,0.25,0.0,71,1.5904417843670142,ok,0,12,11,0.0
chb03,chb03_05.edf,904.0,908.0,0.25,0.0,72,0.9990557900479503,ok,0,11,9,0.0
chb03,chb03_05.edf,904.0,908.0,0.25,0.0,73,0.4814093715175572,ok,0,8,7,0.0
chb03,chb03_05.edf,904.0,908.0,0.25,0.0,74,0.6162790697674418,ok,0,11,8,0.0
chb03,chb03_05.edf,904.0,908.0,0.25,0.0,75,0.35394981220923855,ok,0,12,11,0.0
chb03,chb03_05.edf,904.0,908.0,0.25,0.0,76,0.3909772130214703,ok,0,12,11,0.0
chb03,chb03_05.edf,904.0,908.0,0.25,0.0,77,0.9447730595988872,ok,0,6,4,0.0
chb03,chb03_05.edf,904.0,908.0,0.25,0.0,78,1.3483863463099397,ok,0,11,10,0.0
chb03,chb03_05.edf,904.0,908.0,0.25,0.0,79,0.1609368397508929,ok,0,7,6,0.0
chb03,chb03_05.edf,904.0,908.0,0.25,0.0,80,0.1797136108456547,ok,0,12,10,0.0
chb03,chb03_05.edf,904.0,908.0,0.25,0.0,81,1.4033891062507988,ok,0,10,7,0.0
chb03,chb03_05.edf,904.0,908.0,0.25,0.175,62,0.6577601667559823,ok,0,10,9,0.0
chb03,chb03_05.edf,904.0,908.0,0.25,0.175,63,2.043747370146671,ok,0,9,8,0.0
chb03,chb03_05.edf,904.0,908.0,0.25,0.175,64,0.8756532617719204,ok,0,9,8,0.0
chb03,chb03_05.edf,904.0,908.0,0.25,0.175,65,0.9298094740999439,ok,0,10,9,0.0
chb03,chb03_05.edf,904.0,908.0,0.25,0.175,66,0.3631787913269073,ok,0,11,9,0.0
chb03,chb03_05.edf,904.0,908.0,0.25,0.175,67,0.7763942311691984,ok,0,11,9,0.0
chb03,chb03_05.edf,904.0,908.0,0.25,0.175,68,0.9848613212110338,ok,0,9,8,0.0
chb03,chb03_05.edf,904.0,908.0,0.25,0.175,69,1.3021781104089274,ok,0,9,7,0.0
chb03,chb03_05.edf,904.0,908.0,0.25,0.175,70,0.2793983295119334,ok,0,9,8,0.0
chb03,chb03_05.edf,904.0,908.0,0.25,0.175,71,1.5904417843670142,ok,0,12,11,0.0
chb03,chb03_05.edf,904.0,908.0,0.25,0.175,72,0.9990557900479503,ok,0,11,9,0.0
chb03,chb03_05.edf,904.0,908.0,0.25,0.175,73,0.528535438097711,ok,0,8,6,0.0
chb03,chb03_05.edf,904.0,908.0,0.25,0.175,74,0.3604077047099177,ok,0,12,9,0.0
chb03,chb03_05.edf,904.0,908.0,0.25,0.175,75,0.35394981220923855,ok,0,12,11,0.0
chb03,chb03_05.edf,904.0,908.0,0.25,0.175,76,0.3909772130214703,ok,0,12,11,0.0
chb03,chb03_05.edf,904.0,908.0,0.25,0.175,77,0.9447730595988872,ok,0,6,4,0.0
chb03,chb03_05.edf,904.0,908.0,0.25,0.175,78,1.3483863463099397,ok,0,11,10,0.0
chb03,chb03_05.edf,904.0,908.0,0.25,0.175,79,0.1609368397508929,ok,0,7,6,0.0
chb03,chb03_05.edf,904.0,908.0,0.25,0.175,80,0.1797136108456547,ok,0,12,10,0.0
chb03,chb03_05.edf,904.0,908.0,0.25,0.175,81,1.3529940374376748,ok,0,9,8,0.0
chb03,chb03_05.edf,904.0,908.0,0.25,0.35,62,0.6494808152811989,ok,0,10,9,0.0
chb03,chb03_05.edf,904.0,908.0,0.25,0.35,63,0.1592158794179117,ok,0,8,6,0.0
chb03,chb03_05.edf,904.0,908.0,0.25,0.35,64,1.0077050502172256,ok,0,9,8,0.0
chb03,chb03_05.edf,904.0,908.0,0.25,0.35,65,0.9298094740999439,ok,0,10,9,0.0
chb03,chb03_05.edf,904.0,908.0,0.25,0.35,66,0.3631787913269073,ok,0,11,9,0.0
chb03,chb03_05.edf,904.0,908.0,0.25,0.35,67,0.7763942311691984,ok,0,11,9,0.0
chb03,chb03_05.edf,904.0,908.0,0.25,0.35,68,1.0672821671980695,ok,0,9,8,0.0
chb03,chb03_05.edf,904.0,908.0,0.25,0.35,69,1.1574836254352978,ok,0,10,7,0.0
chb03,chb03_05.edf,904.0,908.0,0.25,0.35,70,0.24552668943746467,ok,0,9,8,0.0
chb03,chb03_05.edf,904.0,908.0,0.25,0.35,71,1.27922769929334,ok,0,13,12,0.0
chb03,chb03_05.edf,904.0,908.0,0.25,0.35,72,0.9896828532159381,ok,0,10,9,0.0
chb03,chb03_05.edf,904.0,908.0,0.25,0.35,73,0.5312701021867529,ok,0,9,7,0.0
chb03,chb03_05.edf,904.0,908.0,0.25,0.35,74,0.5079503086198807,ok,0,11,9,0.0
chb03,chb03_05.edf,904.0,908.0,0.25,0.35,75,0.36209868255118927,ok,0,12,11,0.0
chb03,chb03_05.edf,904.0,908.0,0.25,0.35,76,0.3664090987191406,ok,0,12,11,0.0
chb03,chb03_05.edf,904.0,908.0,0.25,0.35,77,0.5526000164907082,ok,0,7,5,0.0
chb03,chb03_05.edf,904.0,908.0,0.25,0.35,78,1.3483863463099397,ok,0,11,10,0.0
chb03,chb03_05.edf,904.0,908.0,0.25,0.35,79,0.18987544965233058,ok,0,7,6,0.0
chb03,chb03_05.edf,904.0,908.0,0.25,0.35,80,0.1797136108456547,ok,0,12,10,0.0
chb03,chb03_05.edf,904.0,908.0,0.25,0.35,81,1.3296643396872114,ok,0,9,8,0.0
chb03,chb03_05.edf,904.0,908.0,0.25,0.7,62,0.8691343329384317,ok,0,8,7,0.0
chb03,chb03_05.edf,904.0,908.0,0.25,0.7,63,0.19251337703729018,ok,0,8,7,0.0
chb03,chb03_05.edf,904.0,908.0,0.25,0.7,64,0.9682805907012556,ok,0,9,8,0.0
chb03,chb03_05.edf,904.0,908.0,0.25,0.7,65,0.8374915688910167,ok,0,8,7,0.0
chb03,chb03_05.edf,904.0,908.0,0.25,0.7,66,0.3631787913269073,ok,0,11,9,0.0
chb03,chb03_05.edf,904.0,908.0,0.25,0.7,67,0.35029377796188127,ok,0,12,11,0.0
chb03,chb03_05.edf,904.0,908.0,0.25,0.7,68,1.0625360956664684,ok,0,9,8,0.0
chb03,chb03_05.edf,904.0,908.0,0.25,0.7,69,1.2067362151472676,ok,0,11,8,0.0
chb03,chb03_05.edf,904.0,908.0,0.25,0.7,70,0.24552668943746467,ok,0,9,8,0.0
chb03,chb03_05.edf,904.0,908.0,0.25,0.7,71,1.2785628642784261,ok,0,12,11,0.0
chb03,chb03_05.edf,904.0,908.0,0.25,0.7,72,0.7480337102472691,ok,0,10,9,0.0
chb03,chb03_05.edf,904.0,908.0,0.25,0.7,73,0.511892746350293,ok,0,9,7,0.0
chb03,chb03_05.edf,904.0,908.0,0.25,0.7,74,0.4825631559917351,ok,0,10,9,0.0
chb03,chb03_05.edf,904.0,908.0,0.25,0.7,75,0.5700104787170661,ok,0,11,10,0.0
chb03,chb03_05.edf,904.0,908.0,0.25,0.7,76,0.3730890553450036,ok,0,12,11,0.0
chb03,chb03_05.edf,904.0,908.0,0.25,0.7,77,0.5526000164907082,ok,0,7,5,0.0
chb03,chb03_05.edf,904.0,908.0,0.25,0.7,78,1.3021866167396732,ok,0,11,10,0.0
chb03,chb03_05.edf,904.0,908.0,0.25,0.7,79,0.19232731454051805,ok,0,7,6,0.0
chb03,chb03_05.edf,904.0,908.0,0.25,0.7,80,0.15867794656459638,ok,0,11,10,0.0
chb03,chb03_05.edf,904.0,908.0,0.25,0.7,81,1.280835186708346,ok,0,10,9,0.0
chb03,chb03_05.edf,904.0,908.0,0.5,0.0,62,0.5712931377579745,ok,0,12,11,0.0
chb03,chb03_05.edf,904.0,908.0,0.5,0.0,63,0.16726057798219393,ok,0,8,7,0.0
chb03,chb03_05.edf,904.0,908.0,0.5,0.0,64,0.19637001542360058,ok,0,9,8,0.0
chb03,chb03_05.edf,904.0,908.0,0.5,0.0,65,0.546024803519956,ok,0,10,8,0.0
chb03,chb03_05.edf,904.0,908.0,0.5,0.0,66,0.3428004452807938,ok,0,11,9,0.0
chb03,chb03_05.edf,904.0,908.0,0.5,0.0,67,0.9454773281444654,ok,0,7,6,0.0
chb03,chb03_05.edf,904.0,908.0,0.5,0.0,68,1.2291207868644798,ok,0,12,11,0.0
chb03,chb03_05.edf,904.0,908.0,0.5,0.0,69,1.1682562182790923,ok,0,9,7,0.0
chb03,chb03_05.edf,904.0,908.0,0.5,0.0,70,0.5111811702061327,ok,0,14,13,0.0
chb03,chb03_05.edf,904.0,908.0,0.5,0.0,71,1.8179982256514546,ok,0,11,9,0.0
chb03,chb03_05.edf,904.0,908.0,0.5,0.0,72,0.18642507739616473,ok,0,6,5,0.0
chb03,chb03_05.edf,904.0,908.0,0.5,0.0,73,0.6286253346157429,ok,0,10,9,0.0
chb03,chb03_05.edf,904.0,908.0,0.5,0.0,74,0.6476197533905482,ok,0,9,7,0.0
chb03,chb03_05.edf,904.0,908.0,0.5,0.0,75,0.9626906857352386,ok,0,12,10,0.0
chb03,chb03_05.edf,904.0,908.0,0.5,0.0,76,0.48840569686484475,ok,0,10,9,0.0
chb03,chb03_05.edf,904.0,908.0,0.5,0.0,77,1.4397992123948258,ok,0,10,9,0.0
chb03,chb03_05.edf,904.0,908.0,0.5,0.0,78,0.8783739115481473,ok,0,10,9,0.0
chb03,chb03_05.edf,904.0,908.0,0.5,0.0,79,0.6660998123404629,ok,0,8,7,0.0
chb03,chb03_05.edf,904.0,908.0,0.5,0.0,80,0.48943288169382493,ok,0,10,8,0.0
chb03,chb03_05.edf,904.0,908.0,0.5,0.0,81,1.3487816138931745,ok,0,10,9,0.0
chb03,chb03_05.edf,904.0,908.0,0.5,0.175,62,0.6559757885363878,ok,0,12,11,0.0
chb03,chb03_05.edf,904.0,908.0,0.5,0.175,63,0.14655956456718455,ok,0,8,7,0.0
chb03,chb03_05.edf,904.0,908.0,0.5,0.175,64,0.19637001542360058,ok,0,9,8,0.0
chb03,chb03_05.edf,904.0,908.0,0.5,0.175,65,0.546024803519956,ok,0,10,8,0.0
chb03,chb03_05.edf,904.0,908.0,0.5,0.175,66,0.3428004452807938,ok,0,11,9,0.0
chb03,chb03_05.edf,904.0,908.0,0.5,0.175,67,0.9454773281444654,ok,0,7,6,0.0
chb03,chb03_05.edf,904.0,908.0,0.5,0.175,68,1.3869827491048006,ok,0,10,9,0.0
chb03,chb03_05.edf,904.0,908.0,0.5,0.175,69,1.2023157860598088,ok,0,8,6,0.0
chb03,chb03_05.edf,904.0,908.0,0.5,0.175,70,0.509154547108042,ok,0,14,13,0.0
chb03,chb03_05.edf,904.0,908.0,0.5,0.175,71,1.8179982256514546,ok,0,11,9,0.0
chb03,chb03_05.edf,904.0,908.0,0.5,0.175,72,0.18642507739616473,ok,0,6,5,0.0
chb03,chb03_05.edf,904.0,908.0,0.5,0.175,73,0.6804371095269275,ok,0,11,10,0.0
chb03,chb03_05.edf,904.0,908.0,0.5,0.175,74,0.6476197533905482,ok,0,9,7,0.0
chb03,chb03_05.edf,904.0,908.0,0.5,0.175,75,0.9304566943784026,ok,0,11,10,0.0
chb03,chb03_05.edf,904.0,908.0,0.5,0.175,76,0.48840569686484475,ok,0,10,9,0.0
chb03,chb03_05.edf,904.0,908.0,0.5,0.175,77,1.4397992123948258,ok,0,10,9,0.0
chb03,chb03_05.edf,904.0,908.0,0.5,0.175,78,0.5496293602183737,ok,0,11,10,0.0
chb03,chb03_05.edf,904.0,908.0,0.5,0.175,79,0.1568870781527907,ok,0,8,5,0.0
chb03,chb03_05.edf,904.0,908.0,0.5,0.175,80,0.5881380384128505,ok,0,9,7,0.0
chb03,chb03_05.edf,904.0,908.0,0.5,0.175,81,1.3455109473415157,ok,0,10,9,0.0
chb03,chb03_05.edf,904.0,908.0,0.5,0.35,62,0.6482655274814257,ok,0,12,11,0.0
chb03,chb03_05.edf,904.0,908.0,0.5,0.35,63,0.15255102400950155,ok,0,8,7,0.0
chb03,chb03_05.edf,904.0,908.0,0.5,0.35,64,0.19637001542360058,ok,0,9,8,0.0
chb03,chb03_05.edf,904.0,908.0,0.5,0.35,65,0.546024803519956,ok,0,10,8,0.0
chb03,chb03_05.edf,904.0,908.0,0.5,0.35,66,0.3428004452807938,ok,0,11,9,0.0
chb03,chb03_05.edf,904.0,908.0,0.5,0.35,67,0.8377672197615914,ok,0,6,5,0.0
chb03,chb03_05.edf,904.0,908.0,0.5,0.35,68,1.2639716591039436,ok,0,11,10,0.0
chb03,chb03_05.edf,904.0,908.0,0.5,0.35,69,1.2059610866277488,ok,0,8,6,0.0
chb03,chb03_05.edf,904.0,908.0,0.5,0.35,70,0.509154547108042,ok,0,14,13,0.0
chb03,chb03_05.edf,904.0,908.0,0.5,0.35,71,1.3994625095272129,ok,0,12,10,0.0
chb03,chb03_05.edf,904.0,908.0,0.5,0.35,72,1.1126781393996439,ok,0,7,6,0.0
chb03,chb03_05.edf,904.0,908.0,0.5,0.35,73,0.6823008839669013,ok,0,10,9,0.0
chb03,chb03_05.edf,904.0,908.0,0.5,0.35,74,0.6476197533905482,ok,0,9,7,0.0
chb03,chb03_05.edf,904.0,908.0,0.5,0.35,75,0.933210050881639,ok,0,11,10,0.0
chb03,chb03_05.edf,904.0,908.0,0.5,0.35,76,0.48840569686484475,ok,0,10,9,0.0
chb03,chb03_05.edf,904.0,908.0,0.5,0.35,77,1.4397992123948258,ok,0,10,9,0.0
chb03,chb03_05.edf,904.0,908.0,0.5,0.35,78,0.5201279910797982,ok,0,11,10,0.0
chb03,chb03_05.edf,904.0,908.0,0.5,0.35,79,0.1568870781527907,ok,0,8,5,0.0
chb03,chb03_05.edf,904.0,908.0,0.5,0.35,80,0.5881380384128505,ok,0,9,7,0.0
chb03,chb03_05.edf,904.0,908.0,0.5,0.35,81,1.2352964925903713,ok,0,11,10,0.0
chb03,chb03_05.edf,904.0,908.0,0.5,0.7,62,0.6482655274814257,ok,0,12,11,0.0
chb03,chb03_05.edf,904.0,908.0,0.5,0.7,63,0.15255102400950155,ok,0,8,7,0.0
chb03,chb03_05.edf,904.0,908.0,0.5,0.7,64,0.21579093677855796,ok,0,9,8,0.0
chb03,chb03_05.edf,904.0,908.0,0.5,0.7,65,0.5816266869948237,ok,0,10,8,0.0
chb03,chb03_05.edf,904.0,908.0,0.5,0.7,66,0.3428004452807938,ok,0,11,9,0.0
chb03,chb03_05.edf,904.0,908.0,0.5,0.7,67,0.8635900820828792,ok,0,7,6,0.0
chb03,chb03_05.edf,904.0,908.0,0.5,0.7,68,1.4431905808489671,ok,0,11,10,0.0
chb03,chb03_05.edf,904.0,908.0,0.5,0.7,69,1.23008095444379,ok,0,10,8,0.0
chb03,chb03_05.edf,904.0,908.0,0.5,0.7,70,0.45732410617529556,ok,0,13,12,0.0
chb03,chb03_05.edf,904.0,908.0,0.5,0.7,71,1.2211963601406426,ok,0,12,10,0.0
chb03,chb03_05.edf,904.0,908.0,0.5,0.7,72,1.1574325404417358,ok,0,8,7,0.0
chb03,chb03_05.edf,904.0,908.0,0.5,0.7,73,0.7221993667523426,ok,0,11,10,0.0
chb03,chb03_05.edf,904.0,908.0,0.5,0.7,74,0.47819567297911925,ok,0,10,8,0.0
chb03,chb03_05.edf,904.0,908.0,0.5,0.7,75,0.7046908645267806,ok,0,12,11,0.0
chb03,chb03_05.edf,904.0,908.0,0.5,0.7,76,0.4842799242824047,ok,0,10,9,0.0
chb03,chb03_05.edf,904.0,908.0,0.5,0.7,77,1.4314036395507514,ok,0,10,9,0.0
chb03,chb03_05.edf,904.0,908.0,0.5,0.7,78,0.56161478057836,ok,0,11,9,0.0
chb03,chb03_05.edf,904.0,908.0,0.5,0.7,79,0.18987544965233058,ok,0,7,6,0.0
chb03,chb03_05.edf,904.0,908.0,0.5,0.7,80,0.5566635258978104,ok,0,10,8,0.0
chb03,chb03_05.edf,904.0,908.0,0.5,0.7,81,1.3030980980649478,ok,0,10,9,0.0
chb03,chb03_05.edf,904.0,908.0,1.0,0.0,62,0.7743914046997703,ok,0,11,10,0.0
chb03,chb03_05.edf,904.0,908.0,1.0,0.0,63,0.21488489744161204,ok,0,8,7,0.0
chb03,chb03_05.edf,904.0,908.0,1.0,0.0,64,0.17192047651837583,ok,0,10,9,0.0
chb03,chb03_05.edf,904.0,908.0,1.0,0.0,65,0.48620003231413916,ok,0,12,9,0.0
chb03,chb03_05.edf,904.0,908.0,1.0,0.0,66,1.3756822323974554,ok,0,13,11,0.0
chb03,chb03_05.edf,904.0,908.0,1.0,0.0,67,1.0067830609804835,ok,0,9,8,0.0
chb03,chb03_05.edf,904.0,908.0,1.0,0.0,68,1.5176810316646947,ok,0,13,11,0.0
chb03,chb03_05.edf,904.0,908.0,1.0,0.0,69,1.0610836315798138,ok,0,8,5,0.0
chb03,chb03_05.edf,904.0,908.0,1.0,0.0,70,0.981919803246944,ok,0,12,11,0.0
chb03,chb03_05.edf,904.0,908.0,1.0,0.0,71,1.7937447317653397,ok,0,10,8,0.0
chb03,chb03_05.edf,904.0,908.0,1.0,0.0,72,0.18642507739616473,ok,0,6,5,0.0
chb03,chb03_05.edf,904.0,908.0,1.0,0.0,73,0.5987516059102022,ok,0,9,8,0.0
chb03,chb03_05.edf,904.0,908.0,1.0,0.0,74,0.6443582292066723,ok,0,11,10,0.0
chb03,chb03_05.edf,904.0,908.0,1.0,0.0,75,1.65888681246551,ok,0,10,7,0.0
chb03,chb03_05.edf,904.0,908.0,1.0,0.0,76,0.22553402254439306,ok,0,12,11,0.0
chb03,chb03_05.edf,904.0,908.0,1.0,0.0,77,1.261454559020981,ok,0,10,9,0.0
chb03,chb03_05.edf,904.0,908.0,1.0,0.0,78,1.9856992051961986,ok,0,12,11,0.0
chb03,chb03_05.edf,904.0,908.0,1.0,0.0,79,0.1609368397508929,ok,0,7,6,0.0
chb03,chb03_05.edf,904.0,908.0,1.0,0.0,80,0.8375512923759941,ok,0,11,9,0.0
chb03,chb03_05.edf,904.0,908.0,1.0,0.0,81,1.3218647883394035,ok,0,10,8,0.0
chb03,chb03_05.edf,904.0,908.0,1.0,0.175,62,0.7743914046997703,ok,0,11,10,0.0
chb03,chb03_05.edf,904.0,908.0,1.0,0.175,63,0.15845733372292342,ok,0,8,7,0.0
chb03,chb03_05.edf,904.0,908.0,1.0,0.175,64,0.17599259780918877,ok,0,10,8,0.0
chb03,chb03_05.edf,904.0,908.0,1.0,0.175,65,0.49292157435773215,ok,0,12,10,0.0
chb03,chb03_05.edf,904.0,908.0,1.0,0.175,66,1.3756822323974554,ok,0,13,11,0.0
chb03,chb03_05.edf,904.0,908.0,1.0,0.175,67,1.0067830609804835,ok,0,9,8,0.0
chb03,chb03_05.edf,904.0,908.0,1.0,0.175,68,1.4403478634378917,ok,0,12,10,0.0
chb03,chb03_05.edf,904.0,908.0,1.0,0.175,69,1.0610836315798138,ok,0,8,5,0.0
chb03,chb03_05.edf,904.0,908.0,1.0,0.175,70,0.981919803246944,ok,0,12,11,0.0
chb03,chb03_05.edf,904.0,908.0,1.0,0.175,71,1.7937447317653397,ok,0,10,8,0.0
chb03,chb03_05.edf,904.0,908.0,1.0,0.175,72,0.1692486635019696,ok,0,6,5,0.0
chb03,chb03_05.edf,904.0,908.0,1.0,0.175,73,0.5987516059102022,ok,0,9,8,0.0
chb03,chb03_05.edf,904.0,908.0,1.0,0.175,74,0.6459406006850896,ok,0,11,10,0.0
chb03,chb03_05.edf,904.0,908.0,1.0,0.175,75,1.65888681246551,ok,0,10,7,0.0
chb03,chb03_05.edf,904.0,908.0,1.0,0.175,76,0.22553402254439306,ok,0,12,11,0.0
chb03,chb03_05.edf,904.0,908.0,1.0,0.175,77,1.261454559020981,ok,0,10,9,0.0
chb03,chb03_05.edf,904.0,908.0,1.0,0.175,78,2.0008167178077203,ok,0,11,10,0.0
chb03,chb03_05.edf,904.0,908.0,1.0,0.175,79,0.1609368397508929,ok,0,7,6,0.0
chb03,chb03_05.edf,904.0,908.0,1.0,0.175,80,0.9244954663863411,ok,0,10,8,0.0
chb03,chb03_05.edf,904.0,908.0,1.0,0.175,81,1.3218647883394035,ok,0,10,8,0.0
chb03,chb03_05.edf,904.0,908.0,1.0,0.35,62,0.7743914046997703,ok,0,11,10,0.0
chb03,chb03_05.edf,904.0,908.0,1.0,0.35,63,0.14655956456718455,ok,0,8,7,0.0
chb03,chb03_05.edf,904.0,908.0,1.0,0.35,64,0.18593135984721057,ok,0,10,8,0.0
chb03,chb03_05.edf,904.0,908.0,1.0,0.35,65,0.49292157435773215,ok,0,12,10,0.0
chb03,chb03_05.edf,904.0,908.0,1.0,0.35,66,1.4451262207602147,ok,0,12,10,0.0
chb03,chb03_05.edf,904.0,908.0,1.0,0.35,67,1.0067830609804835,ok,0,9,8,0.0
chb03,chb03_05.edf,904.0,908.0,1.0,0.35,68,1.4403478634378917,ok,0,12,10,0.0
chb03,chb03_05.edf,904.0,908.0,1.0,0.35,69,1.0610836315798138,ok,0,8,5,0.0
chb03,chb03_05.edf,904.0,908.0,1.0,0.35,70,0.967657796849726,ok,0,11,10,0.0
chb03,chb03_05.edf,904.0,908.0,1.0,0.35,71,1.4062930318374938,ok,0,11,9,0.0
chb03,chb03_05.edf,904.0,908.0,1.0,0.35,72,0.14191928459977934,ok,0,6,5,0.0
chb03,chb03_05.edf,904.0,908.0,1.0,0.35,73,0.5987516059102022,ok,0,9,8,0.0
chb03,chb03_05.edf,904.0,908.0,1.0,0.35,74,0.6459406006850896,ok,0,11,10,0.0
chb03,chb03_05.edf,904.0,908.0,1.0,0.35,75,1.6701884111809937,ok,0,9,6,0.0
chb03,chb03_05.edf,904.0,908.0,1.0,0.35,76,0.23151137431097046,ok,0,12,11,0.0
chb03,chb03_05.edf,904.0,908.0,1.0,0.35,77,1.3301863919839045,ok,0,11,10,0.0
chb03,chb03_05.edf,904.0,908.0,1.0,0.35,78,2.00169954617915,ok,0,11,10,0.0
chb03,chb03_05.edf,904.0,908.0,1.0,0.35,79,0.1609368397508929,ok,0,7,6,0.0
chb03,chb03_05.edf,904.0,908.0,1.0,0.35,80,0.7202932391356864,ok,0,11,9,0.0
chb03,chb03_05.edf,904.0,908.0,1.0,0.35,81,1.3218647883394035,ok,0,10,8,0.0
chb03,chb03_05.edf,904.0,908.0,1.0,0.7,62,1.0599433752934637,ok,0,8,7,0.0
chb03,chb03_05.edf,904.0,908.0,1.0,0.7,63,0.15255102400950155,ok,0,8,7,0.0
chb03,chb03_05.edf,904.0,908.0,1.0,0.7,64,0.19973261853091984,ok,0,10,8,0.0
chb03,chb03_05.edf,904.0,908.0,1.0,0.7,65,0.49183117746034816,ok,0,12,10,0.0
chb03,chb03_05.edf,904.0,908.0,1.0,0.7,66,1.4451262207602147,ok,0,12,10,0.0
chb03,chb03_05.edf,904.0,908.0,1.0,0.7,67,1.0346292392189875,ok,0,10,9,0.0
chb03,chb03_05.edf,904.0,908.0,1.0,0.7,68,1.440442792034368,ok,0,12,10,0.0
chb03,chb03_05.edf,904.0,908.0,1.0,0.7,69,1.0610836315798138,ok,0,8,5,0.0
chb03,chb03_05.edf,904.0,908.0,1.0,0.7,70,0.967657796849726,ok,0,11,10,0.0
chb03,chb03_05.edf,904.0,908.0,1.0,0.7,71,1.484481288734455,ok,0,12,10,0.0
chb03,chb03_05.edf,904.0,908.0,1.0,0.7,72,1.0918985464171242,ok,0,7,6,0.0
chb03,chb03_05.edf,904.0,908.0,1.0,0.7,73,0.6607166923201049,ok,0,10,9,0.0
chb03,chb03_05.edf,904.0,908.0,1.0,0.7,74,0.6288403684535347,ok,0,10,9,0.0
chb03,chb03_05.edf,904.0,908.0,1.0,0.7,75,1.6701884111809937,ok,0,9,6,0.0
chb03,chb03_05.edf,904.0,908.0,1.0,0.7,76,0.23151137431097046,ok,0,12,11,0.0
chb03,chb03_05.edf,904.0,908.0,1.0,0.7,77,1.3301863919839045,ok,0,11,10,0.0
chb03,chb03_05.edf,904.0,908.0,1.0,0.7,78,1.9436130854309739,ok,0,10,9,0.0
chb03,chb03_05.edf,904.0,908.0,1.0,0.7,79,0.1609368397508929,ok,0,7,6,0.0
chb03,chb03_05.edf,904.0,908.0,1.0,0.7,80,0.7202932391356864,ok,0,11,9,0.0
chb03,chb03_05.edf,904.0,908.0,1.0,0.7,81,1.2780298521640623,ok,0,10,8,0.0
chb03,chb03_05.edf,2700.0,2704.0,0.25,0.0,62,0.6171842911523988,ok,0,10,9,0.0
chb03,chb03_05.edf,2700.0,2704.0,0.25,0.0,63,2.043747370146671,ok,0,9,8,0.0
chb03,chb03_05.edf,2700.0,2704.0,0.25,0.0,64,0.8756532617719204,ok,0,9,8,0.0
chb03,chb03_05.edf,2700.0,2704.0,0.25,0.0,65,0.9667718123938864,ok,0,11,10,0.0
chb03,chb03_05.edf,2700.0,2704.0,0.25,0.0,66,0.3631787913269073,ok,0,11,9,0.0
chb03,chb03_05.edf,2700.0,2704.0,0.25,0.0,67,0.8092054221906116,ok,0,11,9,0.0
chb03,chb03_05.edf,2700.0,2704.0,0.25,0.0,68,0.9681035064574081,ok,0,9,8,0.0
chb03,chb03_05.edf,2700.0,2704.0,0.25,0.0,69,1.241548694349417,ok,0,10,8,0.0
chb03,chb03_05.edf,2700.0,2704.0,0.25,0.0,70,0.2793983295119334,ok,0,9,8,0.0
chb03,chb03_05.edf,2700.0,2704.0,0.25,0.0,71,1.5904417843670142,ok,0,12,11,0.0
chb03,chb03_05.edf,2700.0,2704.0,0.25,0.0,72,0.9990557900479503,ok,0,11,9,0.0
chb03,chb03_05.edf,2700.0,2704.0,0.25,0.0,73,0.4814093715175572,ok,0,8,7,0.0
chb03,chb03_05.edf,2700.0,2704.0,0.25,0.0,74,0.6162790697674418,ok,0,11,8,0.0
chb03,chb03_05.edf,2700.0,2704.0,0.25,0.0,75,0.35394981220923855,ok,0,12,11,0.0
chb03,chb03_05.edf,2700.0,2704.0,0.25,0.0,76,0.3909772130214703,ok,0,12,11,0.0
chb03,chb03_05.edf,2700.0,2704.0,0.25,0.0,77,0.9447730595988872,ok,0,6,4,0.0
chb03,chb03_05.edf,2700.0,2704.0,0.25,0.0,78,1.3483863463099397,ok,0,11,10,0.0
chb03,chb03_05.edf,2700.0,2704.0,0.25,0.0,79,0.1609368397508929,ok,0,7,6,0.0
chb03,chb03_05.edf,2700.0,2704.0,0.25,0.0,80,0.1797136108456547,ok,0,12,10,0.0
chb03,chb03_05.edf,2700.0,2704.0,0.25,0.0,81,1.4033891062507988,ok,0,10,7,0.0
chb03,chb03_05.edf,2700.0,2704.0,0.25,0.175,62,0.7877462884085299,ok,0,8,7,0.0
chb03,chb03_05.edf,2700.0,2704.0,0.25,0.175,63,2.0343025634694656,ok,0,9,8,0.0
chb03,chb03_05.edf,2700.0,2704.0,0.25,0.175,64,0.8374454816418183,ok,0,9,8,0.0
chb03,chb03_05.edf,2700.0,2704.0,0.25,0.175,65,0.9667718123938864,ok,0,11,10,0.0
chb03,chb03_05.edf,2700.0,2704.0,0.25,0.175,66,0.3631787913269073,ok,0,11,9,0.0
chb03,chb03_05.edf,2700.0,2704.0,0.25,0.175,67,0.52767225996826,ok,0,12,10,0.0
chb03,chb03_05.edf,2700.0,2704.0,0.25,0.175,68,0.9689650886745115,ok,0,9,8,0.0
chb03,chb03_05.edf,2700.0,2704.0,0.25,0.175,69,1.359861211925088,ok,0,10,8,0.0
chb03,chb03_05.edf,2700.0,2704.0,0.25,0.175,70,0.2793983295119334,ok,0,9,8,0.0
chb03,chb03_05.edf,2700.0,2704.0,0.25,0.175,71,1.3876786571804698,ok,0,13,12,0.0
chb03,chb03_05.edf,2700.0,2704.0,0.25,0.175,72,1.3489534857678576,ok,0,8,7,0.0
chb03,chb03_05.edf,2700.0,2704.0,0.25,0.175,73,0.5512208557574529,ok,0,8,7,0.0
chb03,chb03_05.edf,2700.0,2704.0,0.25,0.175,74,0.360793174048842,ok,0,12,9,0.0
chb03,chb03_05.edf,2700.0,2704.0,0.25,0.175,75,0.31416375525267726,ok,0,12,11,0.0
chb03,chb03_05.edf,2700.0,2704.0,0.25,0.175,76,0.4312746799350088,ok,0,14,13,0.0
chb03,chb03_05.edf,2700.0,2704.0,0.25,0.175,77,0.8082721727422603,ok,0,5,3,0.0
chb03,chb03_05.edf,2700.0,2704.0,0.25,0.175,78,1.2713646471543896,ok,0,12,11,0.0
chb03,chb03_05.edf,2700.0,2704.0,0.25,0.175,79,0.1609368397508929,ok,0,7,6,0.0
chb03,chb03_05.edf,2700.0,2704.0,0.25,0.175,80,0.18317349230170574,ok,0,11,9,0.0
chb03,chb03_05.edf,2700.0,2704.0,0.25,0.175,81,1.3560844473539941,ok,0,10,9,0.0
chb03,chb03_05.edf,2700.0,2704.0,0.25,0.35,62,0.8001817483147683,ok,0,8,7,0.0
chb03,chb03_05.edf,2700.0,2704.0,0.25,0.35,63,2.006693976612136,ok,0,9,8,0.0
chb03,chb03_05.edf,2700.0,2704.0,0.25,0.35,64,0.8239878521599199,ok,0,9,8,0.0
chb03,chb03_05.edf,2700.0,2704.0,0.25,0.35,65,0.7864849622609631,ok,0,12,10,0.0
chb03,chb03_05.edf,2700.0,2704.0,0.25,0.35,66,0.3631787913269073,ok,0,11,9,0.0
chb03,chb03_05.edf,2700.0,2704.0,0.25,0.35,67,0.2910378776748961,ok,0,13,12,0.0
chb03,chb03_05.edf,2700.0,2704.0,0.25,0.35,68,1.0819180466150908,ok,0,8,7,0.0
chb03,chb03_05.edf,2700.0,2704.0,0.25,0.35,69,1.1789607797421027,ok,0,9,6,0.0
chb03,chb03_05.edf,2700.0,2704.0,0.25,0.35,70,0.3140517632162173,ok,0,11,9,0.0
chb03,chb03_05.edf,2700.0,2704.0,0.25,0.35,71,1.3876786571804698,ok,0,13,12,0.0
chb03,chb03_05.edf,2700.0,2704.0,0.25,0.35,72,1.6256482318883327,ok,0,7,6,0.0
chb03,chb03_05.edf,2700.0,2704.0,0.25,0.35,73,0.5077540351184721,ok,0,9,8,0.0
chb03,chb03_05.edf,2700.0,2704.0,0.25,0.35,74,0.5783078709396671,ok,0,10,9,0.0
chb03,chb03_05.edf,2700.0,2704.0,0.25,0.35,75,0.3013016981688933,ok,0,11,10,0.0
chb03,chb03_05.edf,2700.0,2704.0,0.25,0.35,76,0.4312746799350088,ok,0,14,13,0.0
chb03,chb03_05.edf,2700.0,2704.0,0.25,0.35,77,0.8082721727422603,ok,0,5,3,0.0
chb03,chb03_05.edf,2700.0,2704.0,0.25,0.35,78,1.6971929328122723,ok,0,10,9,0.0
chb03,chb03_05.edf,2700.0,2704.0,0.25,0.35,79,1.7412479613225444,ok,0,9,7,0.0
chb03,chb03_05.edf,2700.0,2704.0,0.25,0.35,80,0.18317349230170574,ok,0,11,9,0.0
chb03,chb03_05.edf,2700.0,2704.0,0.25,0.35,81,1.3559537551153218,ok,0,10,9,0.0
chb03,chb03_05.edf,2700.0,2704.0,0.25,0.7,62,0.3494404964657059,ok,0,11,10,0.0
chb03,chb03_05.edf,2700.0,2704.0,0.25,0.7,63,1.617184427318587,ok,0,10,9,0.0
chb03,chb03_05.edf,2700.0,2704.0,0.25,0.7,64,0.7740276851197981,ok,0,10,9,0.0
chb03,chb03_05.edf,2700.0,2704.0,0.25,0.7,65,0.7940437706669526,ok,0,11,10,0.0
chb03,chb03_05.edf,2700.0,2704.0,0.25,0.7,66,0.3643824172284932,ok,0,11,9,0.0
chb03,chb03_05.edf,2700.0,2704.0,0.25,0.7,67,0.8504048342066228,ok,0,11,10,0.0
chb03,chb03_05.edf,2700.0,2704.0,0.25,0.7,68,1.1484683812338246,ok,0,7,6,0.0
chb03,chb03_05.edf,2700.0,2704.0,0.25,0.7,69,1.1951127124304268,ok,0,10,8,0.0
chb03,chb03_05.edf,2700.0,2704.0,0.25,0.7,70,0.25911318886385687,ok,0,13,11,0.0
chb03,chb03_05.edf,2700.0,2704.0,0.25,0.7,71,1.4713501225818433,ok,0,11,10,0.0
chb03,chb03_05.edf,2700.0,2704.0,0.25,0.7,72,1.5005023715720864,ok,0,7,5,0.0
chb03,chb03_05.edf,2700.0,2704.0,0.25,0.7,73,0.5273323948985869,ok,0,8,7,0.0
chb03,chb03_05.edf,2700.0,2704.0,0.25,0.7,74,0.19539293390978962,ok,0,9,8,0.0
chb03,chb03_05.edf,2700.0,2704.0,0.25,0.7,75,0.6122298225661872,ok,0,12,11,0.0
chb03,chb03_05.edf,2700.0,2704.0,0.25,0.7,76,0.5063421071507821,ok,0,13,12,0.0
chb03,chb03_05.edf,2700.0,2704.0,0.25,0.7,77,0.5807383924900169,ok,0,6,4,0.0
chb03,chb03_05.edf,2700.0,2704.0,0.25,0.7,78,1.4053828073881316,ok,0,7,6,0.0
chb03,chb03_05.edf,2700.0,2704.0,0.25,0.7,79,1.7822255815251997,ok,0,10,8,0.0
chb03,chb03_05.edf,2700.0,2704.0,0.25,0.7,80,0.22517434256512975,ok,0,12,9,0.0
chb03,chb03_05.edf,2700.0,2704.0,0.25,0.7,81,1.0710141851939297,ok,0,11,9,0.0
chb03,chb03_05.edf,2700.0,2704.0,0.5,0.0,62,0.5712931377579745,ok,0,12,11,0.0
chb03,chb03_05.edf,2700.0,2704.0,0.5,0.0,63,0.16726057798219393,ok,0,8,7,0.0
chb03,chb03_05.edf,2700.0,2704.0,0.5,0.0,64,0.19637001542360058,ok,0,9,8,0.0
chb03,chb03_05.edf,2700.0,2704.0,0.5,0.0,65,0.546024803519956,ok,0,10,8,0.0
chb03,chb03_05.edf,2700.0,2704.0,0.5,0.0,66,0.3428004452807938,ok,0,11,9,0.0
chb03,chb03_05.edf,2700.0,2704.0,0.5,0.0,67,0.9454773281444654,ok,0,7,6,0.0
chb03,chb03_05.edf,2700.0,2704.0,0.5,0.0,68,1.2291207868644798,ok,0,12,11,0.0
chb03,chb03_05.edf,2700.0,2704.0,0.5,0.0,69,1.1682562182790923,ok,0,9,7,0.0
chb03,chb03_05.edf,2700.0,2704.0,0.5,0.0,70,0.5111811702061327,ok,0,14,13,0.0
chb03,chb03_05.edf,2700.0,2704.0,0.5,0.0,71,1.8179982256514546,ok,0,11,9,0.0
chb03,chb03_05.edf,2700.0,2704.0,0.5,0.0,72,0.18642507739616473,ok,0,6,5,0.0
chb03,chb03_05.edf,2700.0,2704.0,0.5,0.0,73,0.6286253346157429,ok,0,10,9,0.0
chb03,chb03_05.edf,2700.0,2704.0,0.5,0.0,74,0.6476197533905482,ok,0,9,7,0.0
chb03,chb03_05.edf,2700.0,2704.0,0.5,0.0,75,0.9626906857352386,ok,0,12,10,0.0
chb03,chb03_05.edf,2700.0,2704.0,0.5,0.0,76,0.48840569686484475,ok,0,10,9,0.0
chb03,chb03_05.edf,2700.0,2704.0,0.5,0.0,77,1.4397992123948258,ok,0,10,9,0.0
chb03,chb03_05.edf,2700.0,2704.0,0.5,0.0,78,0.8783739115481473,ok,0,10,9,0.0
chb03,chb03_05.edf,2700.0,2704.0,0.5,0.0,79,0.6660998123404629,ok,0,8,7,0.0
chb03,chb03_05.edf,2700.0,2704.0,0.5,0.0,80,0.48943288169382493,ok,0,10,8,0.0
chb03,chb03_05.edf,2700.0,2704.0,0.5,0.0,81,1.3487816138931745,ok,0,10,9,0.0
chb03,chb03_05.edf,2700.0,2704.0,0.5,0.175,62,0.5687028088741318,ok,0,12,11,0.0
chb03,chb03_05.edf,2700.0,2704.0,0.5,0.175,63,0.1829500100318099,ok,0,8,7,0.0
chb03,chb03_05.edf,2700.0,2704.0,0.5,0.175,64,0.2026525423725464,ok,0,9,7,0.0
chb03,chb03_05.edf,2700.0,2704.0,0.5,0.175,65,0.546024803519956,ok,0,10,8,0.0
chb03,chb03_05.edf,2700.0,2704.0,0.5,0.175,66,0.3428004452807938,ok,0,11,9,0.0
chb03,chb03_05.edf,2700.0,2704.0,0.5,0.175,67,0.9454773281444654,ok,0,7,6,0.0
chb03,chb03_05.edf,2700.0,2704.0,0.5,0.175,68,1.2411825746152814,ok,0,12,11,0.0
chb03,chb03_05.edf,2700.0,2704.0,0.5,0.175,69,1.2023157860598088,ok,0,8,6,0.0
chb03,chb03_05.edf,2700.0,2704.0,0.5,0.175,70,0.5111811702061327,ok,0,14,13,0.0
chb03,chb03_05.edf,2700.0,2704.0,0.5,0.175,71,1.5957623648460275,ok,0,12,11,0.0
chb03,chb03_05.edf,2700.0,2704.0,0.5,0.175,72,0.18642507739616473,ok,0,6,5,0.0
chb03,chb03_05.edf,2700.0,2704.0,0.5,0.175,73,0.7237436789225511,ok,0,11,10,0.0
chb03,chb03_05.edf,2700.0,2704.0,0.5,0.175,74,0.6982363301432898,ok,0,11,9,0.0
chb03,chb03_05.edf,2700.0,2704.0,0.5,0.175,75,0.9626906857352386,ok,0,12,10,0.0
chb03,chb03_05.edf,2700.0,2704.0,0.5,0.175,76,0.18714469308139628,ok,0,11,10,0.0
chb03,chb03_05.edf,2700.0,2704.0,0.5,0.175,77,1.4397992123948258,ok,0,10,9,0.0
chb03,chb03_05.edf,2700.0,2704.0,0.5,0.175,78,0.880069717963589,ok,0,10,9,0.0
chb03,chb03_05.edf,2700.0,2704.0,0.5,0.175,79,0.15218217883084012,ok,0,8,6,0.0
chb03,chb03_05.edf,2700.0,2704.0,0.5,0.175,80,0.572034171700632,ok,0,11,9,0.0
chb03,chb03_05.edf,2700.0,2704.0,0.5,0.175,81,1.3949521781254495,ok,0,9,8,0.0
chb03,chb03_05.edf,2700.0,2704.0,0.5,0.35,62,0.6559757885363878,ok,0,12,11,0.0
chb03,chb03_05.edf,2700.0,2704.0,0.5,0.35,63,2.0067219152423363,ok,0,9,8,0.0
chb03,chb03_05.edf,2700.0,2704.0,0.5,0.35,64,0.21943522302646706,ok,0,8,6,0.0
chb03,chb03_05.edf,2700.0,2704.0,0.5,0.35,65,0.9506198359681981,ok,0,13,11,0.0
chb03,chb03_05.edf,2700.0,2704.0,0.5,0.35,66,0.3464378370998594,ok,0,10,8,0.0
chb03,chb03_05.edf,2700.0,2704.0,0.5,0.35,67,0.9454773281444654,ok,0,7,6,0.0
chb03,chb03_05.edf,2700.0,2704.0,0.5,0.35,68,1.2941386613991324,ok,0,12,11,0.0
chb03,chb03_05.edf,2700.0,2704.0,0.5,0.35,69,1.2985507582412577,ok,0,9,7,0.0
chb03,chb03_05.edf,2700.0,2704.0,0.5,0.35,70,0.509154547108042,ok,0,14,13,0.0
chb03,chb03_05.edf,2700.0,2704.0,0.5,0.35,71,1.5957623648460275,ok,0,12,11,0.0
chb03,chb03_05.edf,2700.0,2704.0,0.5,0.35,72,0.18642507739616473,ok,0,6,5,0.0
chb03,chb03_05.edf,2700.0,2704.0,0.5,0.35,73,0.6379827589457235,ok,0,10,9,0.0
chb03,chb03_05.edf,2700.0,2704.0,0.5,0.35,74,0.5676782562522674,ok,0,12,9,0.0
chb03,chb03_05.edf,2700.0,2704.0,0.5,0.35,75,0.9654666566235744,ok,0,12,10,0.0
chb03,chb03_05.edf,2700.0,2704.0,0.5,0.35,76,0.2904781347835556,ok,0,9,8,0.0
chb03,chb03_05.edf,2700.0,2704.0,0.5,0.35,77,0.14113296980235743,ok,0,9,8,0.0
chb03,chb03_05.edf,2700.0,2704.0,0.5,0.35,78,0.880069717963589,ok,0,10,9,0.0
chb03,chb03_05.edf,2700.0,2704.0,0.5,0.35,79,0.15218217883084012,ok,0,8,6,0.0
chb03,chb03_05.edf,2700.0,2704.0,0.5,0.35,80,0.7062087258859295,ok,0,10,8,0.0
chb03,chb03_05.edf,2700.0,2704.0,0.5,0.35,81,1.3949521781254495,ok,0,9,8,0.0
chb03,chb03_05.edf,2700.0,2704.0,0.5,0.7,62,0.6559757885363878,ok,0,12,11,0.0
chb03,chb03_05.edf,2700.0,2704.0,0.5,0.7,63,1.7672361541313217,ok,0,11,10,0.0
chb03,chb03_05.edf,2700.0,2704.0,0.5,0.7,64,0.8122263630708659,ok,0,9,8,0.0
chb03,chb03_05.edf,2700.0,2704.0,0.5,0.7,65,0.8377720993867136,ok,0,14,12,0.0
chb03,chb03_05.edf,2700.0,2704.0,0.5,0.7,66,0.3094821816829214,ok,0,11,9,0.0
chb03,chb03_05.edf,2700.0,2704.0,0.5,0.7,67,0.8555131066654353,ok,0,6,5,0.0
chb03,chb03_05.edf,2700.0,2704.0,0.5,0.7,68,1.3155280226507695,ok,0,11,10,0.0
chb03,chb03_05.edf,2700.0,2704.0,0.5,0.7,69,1.2715966348944487,ok,0,11,9,0.0
chb03,chb03_05.edf,2700.0,2704.0,0.5,0.7,70,0.5169340275795097,ok,0,12,11,0.0
chb03,chb03_05.edf,2700.0,2704.0,0.5,0.7,71,1.4024158125697244,ok,0,10,9,0.0
chb03,chb03_05.edf,2700.0,2704.0,0.5,0.7,72,1.6037308463250441,ok,0,7,6,0.0
chb03,chb03_05.edf,2700.0,2704.0,0.5,0.7,73,0.6569875261141281,ok,0,11,10,0.0
chb03,chb03_05.edf,2700.0,2704.0,0.5,0.7,74,0.5658697184968443,ok,0,11,10,0.0
chb03,chb03_05.edf,2700.0,2704.0,0.5,0.7,75,1.0744032679449615,ok,0,9,8,0.0
chb03,chb03_05.edf,2700.0,2704.0,0.5,0.7,76,0.27839668599774914,ok,0,9,8,0.0
chb03,chb03_05.edf,2700.0,2704.0,0.5,0.7,77,0.1403159073603611,ok,0,10,8,0.0
chb03,chb03_05.edf,2700.0,2704.0,0.5,0.7,78,0.9659640891692189,ok,0,7,6,0.0
chb03,chb03_05.edf,2700.0,2704.0,0.5,0.7,79,1.7412479613225444,ok,0,9,7,0.0
chb03,chb03_05.edf,2700.0,2704.0,0.5,0.7,80,0.7603591214813012,ok,0,9,7,0.0
chb03,chb03_05.edf,2700.0,2704.0,0.5,0.7,81,1.3123613409180128,ok,0,9,7,0.0
chb03,chb03_05.edf,2700.0,2704.0,1.0,0.0,62,0.7743914046997703,ok,0,11,10,0.0
chb03,chb03_05.edf,2700.0,2704.0,1.0,0.0,63,0.21488489744161204,ok,0,8,7,0.0
chb03,chb03_05.edf,2700.0,2704.0,1.0,0.0,64,0.17192047651837583,ok,0,10,9,0.0
chb03,chb03_05.edf,2700.0,2704.0,1.0,0.0,65,0.48620003231413916,ok,0,12,9,0.0
chb03,chb03_05.edf,2700.0,2704.0,1.0,0.0,66,1.3756822323974554,ok,0,13,11,0.0
chb03,chb03_05.edf,2700.0,2704.0,1.0,0.0,67,1.0067830609804835,ok,0,9,8,0.0
chb03,chb03_05.edf,2700.0,2704.0,1.0,0.0,68,1.5176810316646947,ok,0,13,11,0.0
chb03,chb03_05.edf,2700.0,2704.0,1.0,0.0,69,1.0610836315798138,ok,0,8,5,0.0
chb03,chb03_05.edf,2700.0,2704.0,1.0,0.0,70,0.981919803246944,ok,0,12,11,0.0
chb03,chb03_05.edf,2700.0,2704.0,1.0,0.0,71,1.7937447317653397,ok,0,10,8,0.0
chb03,chb03_05.edf,2700.0,2704.0,1.0,0.0,72,0.18642507739616473,ok,0,6,5,0.0
chb03,chb03_05.edf,2700.0,2704.0,1.0,0.0,73,0.5987516059102022,ok,0,9,8,0.0
chb03,chb03_05.edf,2700.0,2704.0,1.0,0.0,74,0.6443582292066723,ok,0,11,10,0.0
chb03,chb03_05.edf,2700.0,2704.0,1.0,0.0,75,1.65888681246551,ok,0,10,7,0.0
chb03,chb03_05.edf,2700.0,2704.0,1.0,0.0,76,0.22553402254439306,ok,0,12,11,0.0
chb03,chb03_05.edf,2700.0,2704.0,1.0,0.0,77,1.261454559020981,ok,0,10,9,0.0
chb03,chb03_05.edf,2700.0,2704.0,1.0,0.0,78,1.9856992051961986,ok,0,12,11,0.0
chb03,chb03_05.edf,2700.0,2704.0,1.0,0.0,79,0.1609368397508929,ok,0,7,6,0.0
chb03,chb03_05.edf,2700.0,2704.0,1.0,0.0,80,0.8375512923759941,ok,0,11,9,0.0
chb03,chb03_05.edf,2700.0,2704.0,1.0,0.0,81,1.3218647883394035,ok,0,10,8,0.0
chb03,chb03_05.edf,2700.0,2704.0,1.0,0.175,62,0.8207228509784782,ok,0,12,11,0.0
chb03,chb03_05.edf,2700.0,2704.0,1.0,0.175,63,0.16726057798219393,ok,0,8,7,0.0
chb03,chb03_05.edf,2700.0,2704.0,1.0,0.175,64,0.17192047651837583,ok,0,10,9,0.0
chb03,chb03_05.edf,2700.0,2704.0,1.0,0.175,65,0.49292157435773215,ok,0,12,10,0.0
chb03,chb03_05.edf,2700.0,2704.0,1.0,0.175,66,1.3756822323974554,ok,0,13,11,0.0
chb03,chb03_05.edf,2700.0,2704.0,1.0,0.175,67,1.0067830609804835,ok,0,9,8,0.0
chb03,chb03_05.edf,2700.0,2704.0,1.0,0.175,68,1.4912089150286119,ok,0,12,10,0.0
chb03,chb03_05.edf,2700.0,2704.0,1.0,0.175,69,1.0610836315798138,ok,0,8,5,0.0
chb03,chb03_05.edf,2700.0,2704.0,1.0,0.175,70,1.0713161689866328,ok,0,12,9,0.0
chb03,chb03_05.edf,2700.0,2704.0,1.0,0.175,71,1.7937447317653397,ok,0,10,8,0.0
chb03,chb03_05.edf,2700.0,2704.0,1.0,0.175,72,0.18642507739616473,ok,0,6,5,0.0
chb03,chb03_05.edf,2700.0,2704.0,1.0,0.175,73,0.6191720810400293,ok,0,9,8,0.0
chb03,chb03_05.edf,2700.0,2704.0,1.0,0.175,74,0.6443582292066723,ok,0,11,10,0.0
chb03,chb03_05.edf,2700.0,2704.0,1.0,0.175,75,1.5723762842569506,ok,0,9,7,0.0
chb03,chb03_05.edf,2700.0,2704.0,1.0,0.175,76,0.22553402254439306,ok,0,12,11,0.0
chb03,chb03_05.edf,2700.0,2704.0,1.0,0.175,77,1.261454559020981,ok,0,10,9,0.0
chb03,chb03_05.edf,2700.0,2704.0,1.0,0.175,78,1.9856992051961986,ok,0,12,11,0.0
chb03,chb03_05.edf,2700.0,2704.0,1.0,0.175,79,0.1609368397508929,ok,0,7,6,0.0
chb03,chb03_05.edf,2700.0,2704.0,1.0,0.175,80,0.9244954663863411,ok,0,10,8,0.0
chb03,chb03_05.edf,2700.0,2704.0,1.0,0.175,81,1.3218647883394035,ok,0,10,8,0.0
chb03,chb03_05.edf,2700.0,2704.0,1.0,0.35,62,0.8025463047177279,ok,0,11,10,0.0
chb03,chb03_05.edf,2700.0,2704.0,1.0,0.35,63,0.16726057798219393,ok,0,8,7,0.0
chb03,chb03_05.edf,2700.0,2704.0,1.0,0.35,64,0.31937919213630495,ok,0,9,8,0.0
chb03,chb03_05.edf,2700.0,2704.0,1.0,0.35,65,0.49292157435773215,ok,0,12,10,0.0
chb03,chb03_05.edf,2700.0,2704.0,1.0,0.35,66,1.5630924733586862,ok,0,11,9,0.0
chb03,chb03_05.edf,2700.0,2704.0,1.0,0.35,67,1.0067830609804835,ok,0,9,8,0.0
chb03,chb03_05.edf,2700.0,2704.0,1.0,0.35,68,1.4912089150286119,ok,0,12,10,0.0
chb03,chb03_05.edf,2700.0,2704.0,1.0,0.35,69,1.0577240820781741,ok,0,7,5,0.0
chb03,chb03_05.edf,2700.0,2704.0,1.0,0.35,70,0.9436745798009193,ok,0,10,7,0.0
chb03,chb03_05.edf,2700.0,2704.0,1.0,0.35,71,1.7937447317653397,ok,0,10,8,0.0
chb03,chb03_05.edf,2700.0,2704.0,1.0,0.35,72,0.1692486635019696,ok,0,6,5,0.0
chb03,chb03_05.edf,2700.0,2704.0,1.0,0.35,73,0.6191720810400293,ok,0,9,8,0.0
chb03,chb03_05.edf,2700.0,2704.0,1.0,0.35,74,0.6946793456684438,ok,0,10,9,0.0
chb03,chb03_05.edf,2700.0,2704.0,1.0,0.35,75,1.577872887193188,ok,0,10,8,0.0
chb03,chb03_05.edf,2700.0,2704.0,1.0,0.35,76,0.22553402254439306,ok,0,12,11,0.0
chb03,chb03_05.edf,2700.0,2704.0,1.0,0.35,77,1.1675522566078946,ok,0,8,7,0.0
chb03,chb03_05.edf,2700.0,2704.0,1.0,0.35,78,1.9399579787191303,ok,0,11,10,0.0
chb03,chb03_05.edf,2700.0,2704.0,1.0,0.35,79,0.1878077787684282,ok,0,7,6,0.0
chb03,chb03_05.edf,2700.0,2704.0,1.0,0.35,80,0.8667296522251868,ok,0,9,7,0.0
chb03,chb03_05.edf,2700.0,2704.0,1.0,0.35,81,1.3218647883394035,ok,0,10,8,0.0
chb03,chb03_05.edf,2700.0,2704.0,1.0,0.7,62,0.7589847811365648,ok,0,9,8,0.0
chb03,chb03_05.edf,2700.0,2704.0,1.0,0.7,63,1.8682304266038903,ok,0,11,10,0.0
chb03,chb03_05.edf,2700.0,2704.0,1.0,0.7,64,0.32705386164709893,ok,0,9,8,0.0
chb03,chb03_05.edf,2700.0,2704.0,1.0,0.7,65,0.49542366355877077,ok,0,12,10,0.0
chb03,chb03_05.edf,2700.0,2704.0,1.0,0.7,66,1.5630924733586862,ok,0,11,9,0.0
chb03,chb03_05.edf,2700.0,2704.0,1.0,0.7,67,1.0067830609804835,ok,0,9,8,0.0
chb03,chb03_05.edf,2700.0,2704.0,1.0,0.7,68,1.256130880386853,ok,0,13,11,0.0
chb03,chb03_05.edf,2700.0,2704.0,1.0,0.7,69,1.1778194368696275,ok,0,8,6,0.0
chb03,chb03_05.edf,2700.0,2704.0,1.0,0.7,70,0.8681951567102278,ok,0,10,7,0.0
chb03,chb03_05.edf,2700.0,2704.0,1.0,0.7,71,1.4347586636999086,ok,0,10,8,0.0
chb03,chb03_05.edf,2700.0,2704.0,1.0,0.7,72,0.11878598740307757,ok,0,7,5,0.0
chb03,chb03_05.edf,2700.0,2704.0,1.0,0.7,73,0.572232370481879,ok,0,8,7,0.0
chb03,chb03_05.edf,2700.0,2704.0,1.0,0.7,74,0.7497222611253722,ok,0,11,10,0.0
chb03,chb03_05.edf,2700.0,2704.0,1.0,0.7,75,1.577872887193188,ok,0,10,8,0.0
chb03,chb03_05.edf,2700.0,2704.0,1.0,0.7,76,0.5111297385677903,ok,0,11,10,0.0
chb03,chb03_05.edf,2700.0,2704.0,1.0,0.7,77,1.1592595074010315,ok,0,8,7,0.0
chb03,chb03_05.edf,2700.0,2704.0,1.0,0.7,78,1.868910135234864,ok,0,11,9,0.0
chb03,chb03_05.edf,2700.0,2704.0,1.0,0.7,79,1.6648465545590965,ok,0,8,7,0.0
chb03,chb03_05.edf,2700.0,2704.0,1.0,0.7,80,0.864991424825118,ok,0,9,7,0.0
chb03,chb03_05.edf,2700.0,2704.0,1.0,0.7,81,1.2401741745838033,ok,0,10,8,0.0
chb03,chb03_06.edf,904.0,908.0,0.25,0.0,62,0.6171842911523988,ok,0,10,9,0.0
chb03,chb03_06.edf,904.0,908.0,0.25,0.0,63,2.043747370146671,ok,0,9,8,0.0
chb03,chb03_06.edf,904.0,908.0,0.25,0.0,64,0.8756532617719204,ok,0,9,8,0.0
chb03,chb03_06.edf,904.0,908.0,0.25,0.0,65,0.9667718123938864,ok,0,11,10,0.0
chb03,chb03_06.edf,904.0,908.0,0.25,0.0,66,0.3631787913269073,ok,0,11,9,0.0
chb03,chb03_06.edf,904.0,908.0,0.25,0.0,67,0.8092054221906116,ok,0,11,9,0.0
chb03,chb03_06.edf,904.0,908.0,0.25,0.0,68,0.9681035064574081,ok,0,9,8,0.0
chb03,chb03_06.edf,904.0,908.0,0.25,0.0,69,1.241548694349417,ok,0,10,8,0.0
chb03,chb03_06.edf,904.0,908.0,0.25,0.0,70,0.2793983295119334,ok,0,9,8,0.0
chb03,chb03_06.edf,904.0,908.0,0.25,0.0,71,1.5904417843670142,ok,0,12,11,0.0
chb03,chb03_06.edf,904.0,908.0,0.25,0.0,72,0.9990557900479503,ok,0,11,9,0.0
chb03,chb03_06.edf,904.0,908.0,0.25,0.0,73,0.4814093715175572,ok,0,8,7,0.0
chb03,chb03_06.edf,904.0,908.0,0.25,0.0,74,0.6162790697674418,ok,0,11,8,0.0
chb03,chb03_06.edf,904.0,908.0,0.25,0.0,75,0.35394981220923855,ok,0,12,11,0.0
chb03,chb03_06.edf,904.0,908.0,0.25,0.0,76,0.3909772130214703,ok,0,12,11,0.0
chb03,chb03_06.edf,904.0,908.0,0.25,0.0,77,0.9447730595988872,ok,0,6,4,0.0
chb03,chb03_06.edf,904.0,908.0,0.25,0.0,78,1.3483863463099397,ok,0,11,10,0.0
chb03,chb03_06.edf,904.0,908.0,0.25,0.0,79,0.1609368397508929,ok,0,7,6,0.0
chb03,chb03_06.edf,904.0,908.0,0.25,0.0,80,0.1797136108456547,ok,0,12,10,0.0
chb03,chb03_06.edf,904.0,908.0,0.25,0.0,81,1.4033891062507988,ok,0,10,7,0.0
chb03,chb03_06.edf,904.0,908.0,0.25,0.175,62,0.6196207900565306,ok,0,10,9,0.0
chb03,chb03_06.edf,904.0,908.0,0.25,0.175,63,2.043747370146671,ok,0,9,8,0.0
chb03,chb03_06.edf,904.0,908.0,0.25,0.175,64,0.8756532617719204,ok,0,9,8,0.0
chb03,chb03_06.edf,904.0,908.0,0.25,0.175,65,1.4330982587574554,ok,0,9,8,0.0
chb03,chb03_06.edf,904.0,908.0,0.25,0.175,66,0.3455869941264749,ok,0,11,9,0.0
chb03,chb03_06.edf,904.0,908.0,0.25,0.175,67,0.7966936727547026,ok,0,10,8,0.0
chb03,chb03_06.edf,904.0,908.0,0.25,0.175,68,1.0502650788202241,ok,0,8,7,0.0
chb03,chb03_06.edf,904.0,908.0,0.25,0.175,69,1.241548694349417,ok,0,10,8,0.0
chb03,chb03_06.edf,904.0,908.0,0.25,0.175,70,0.2793983295119334,ok,0,9,8,0.0
chb03,chb03_06.edf,904.0,908.0,0.25,0.175,71,1.5450415179488939,ok,0,12,10,0.0
chb03,chb03_06.edf,904.0,908.0,0.25,0.175,72,0.9231532110367958,ok,0,11,8,0.0
chb03,chb03_06.edf,904.0,908.0,0.25,0.175,73,0.4964099431426518,ok,0,7,6,0.0
chb03,chb03_06.edf,904.0,908.0,0.25,0.175,74,0.6162790697674418,ok,0,11,8,0.0
chb03,chb03_06.edf,904.0,908.0,0.25,0.175,75,0.39952434160103156,ok,0,12,11,0.0
chb03,chb03_06.edf,904.0,908.0,0.25,0.175,76,0.6458582493463446,ok,0,11,10,0.0
chb03,chb03_06.edf,904.0,908.0,0.25,0.175,77,0.8585052603311499,ok,0,7,5,0.0
chb03,chb03_06.edf,904.0,908.0,0.25,0.175,78,1.3407604740280588,ok,0,11,10,0.0
chb03,chb03_06.edf,904.0,908.0,0.25,0.175,79,0.1609368397508929,ok,0,7,6,0.0
chb03,chb03_06.edf,904.0,908.0,0.25,0.175,80,0.20805602846257226,ok,0,12,9,0.0
chb03,chb03_06.edf,904.0,908.0,0.25,0.175,81,1.391697303472564,ok,0,9,8,0.0
chb03,chb03_06.edf,904.0,908.0,0.25,0.35,62,0.7173254000264461,ok,0,12,11,0.0
chb03,chb03_06.edf,904.0,908.0,0.25,0.35,63,1.8974852433835454,ok,0,9,7,0.0
chb03,chb03_06.edf,904.0,908.0,0.25,0.35,64,0.8756532617719204,ok,0,9,8,0.0
chb03,chb03_06.edf,904.0,908.0,0.25,0.35,65,1.432639164534687,ok,0,8,7,0.0
chb03,chb03_06.edf,904.0,908.0,0.25,0.35,66,0.3455869941264749,ok,0,11,9,0.0
chb03,chb03_06.edf,904.0,908.0,0.25,0.35,67,0.5613459745024206,ok,0,10,9,0.0
chb03,chb03_06.edf,904.0,908.0,0.25,0.35,68,1.0502650788202241,ok,0,8,7,0.0
chb03,chb03_06.edf,904.0,908.0,0.25,0.35,69,1.1493631610129051,ok,0,9,7,0.0
chb03,chb03_06.edf,904.0,908.0,0.25,0.35,70,0.2793983295119334,ok,0,9,8,0.0
chb03,chb03_06.edf,904.0,908.0,0.25,0.35,71,1.4714323400885425,ok,0,11,9,0.0
chb03,chb03_06.edf,904.0,908.0,0.25,0.35,72,1.036602579331663,ok,0,12,9,0.0
chb03,chb03_06.edf,904.0,908.0,0.25,0.35,73,0.4273041958262216,ok,0,8,7,0.0
chb03,chb03_06.edf,904.0,908.0,0.25,0.35,74,0.6162790697674418,ok,0,11,8,0.0
chb03,chb03_06.edf,904.0,908.0,0.25,0.35,75,0.39952434160103156,ok,0,12,11,0.0
chb03,chb03_06.edf,904.0,908.0,0.25,0.35,76,0.6141251545787507,ok,0,11,10,0.0
chb03,chb03_06.edf,904.0,908.0,0.25,0.35,77,0.8853596604742402,ok,0,6,4,0.0
chb03,chb03_06.edf,904.0,908.0,0.25,0.35,78,1.2615519736320662,ok,0,11,9,0.0
chb03,chb03_06.edf,904.0,908.0,0.25,0.35,79,0.1609368397508929,ok,0,7,6,0.0
chb03,chb03_06.edf,904.0,908.0,0.25,0.35,80,0.20805602846257226,ok,0,12,9,0.0
chb03,chb03_06.edf,904.0,908.0,0.25,0.35,81,1.3173781419490558,ok,0,8,7,0.0
chb03,chb03_06.edf,904.0,908.0,0.25,0.7,62,1.0989531708687432,ok,0,12,11,0.0
chb03,chb03_06.edf,904.0,908.0,0.25,0.7,63,1.8974659404379102,ok,0,9,7,0.0
chb03,chb03_06.edf,904.0,908.0,0.25,0.7,64,0.9506260337014101,ok,0,9,8,0.0
chb03,chb03_06.edf,904.0,908.0,0.25,0.7,65,0.9549455025352442,ok,0,10,9,0.0
chb03,chb03_06.edf,904.0,908.0,0.25,0.7,66,0.5920813231315348,ok,0,10,8,0.0
chb03,chb03_06.edf,904.0,908.0,0.25,0.7,67,0.5034837906649894,ok,0,11,10,0.0
chb03,chb03_06.edf,904.0,908.0,0.25,0.7,68,1.1245613812384856,ok,0,9,8,0.0
chb03,chb03_06.edf,904.0,908.0,0.25,0.7,69,1.0614852205382435,ok,0,8,6,0.0
chb03,chb03_06.edf,904.0,908.0,0.25,0.7,70,0.20935809767377592,ok,0,7,6,0.0
chb03,chb03_06.edf,904.0,908.0,0.25,0.7,71,1.273792513167311,ok,0,14,12,0.0
chb03,chb03_06.edf,904.0,908.0,0.25,0.7,72,1.082546593002705,ok,0,13,10,0.0
chb03,chb03_06.edf,904.0,908.0,0.25,0.7,73,0.47209970553797326,ok,0,8,7,0.0
chb03,chb03_06.edf,904.0,908.0,0.25,0.7,74,0.5207756681638427,ok,0,11,9,0.0
chb03,chb03_06.edf,904.0,908.0,0.25,0.7,75,0.4708321681529616,ok,0,10,8,0.0
chb03,chb03_06.edf,904.0,908.0,0.25,0.7,76,0.8357549652133486,ok,0,9,8,0.0
chb03,chb03_06.edf,904.0,908.0,0.25,0.7,77,0.695871478502438,ok,0,6,5,0.0
chb03,chb03_06.edf,904.0,908.0,0.25,0.7,78,1.1652433773553583,ok,0,10,8,0.0
chb03,chb03_06.edf,904.0,908.0,0.25,0.7,79,0.15092040263009227,ok,0,7,6,0.0
chb03,chb03_06.edf,904.0,908.0,0.25,0.7,80,0.2207057202771217,ok,0,12,10,0.0
chb03,chb03_06.edf,904.0,908.0,0.25,0.7,81,1.3173781419490558,ok,0,8,7,0.0
chb03,chb03_06.edf,904.0,908.0,0.5,0.0,62,0.5712931377579745,ok,0,12,11,0.0
chb03,chb03_06.edf,904.0,908.0,0.5,0.0,63,0.16726057798219393,ok,0,8,7,0.0
chb03,chb03_06.edf,904.0,908.0,0.5,0.0,64,0.19637001542360058,ok,0,9,8,0.0
chb03,chb03_06.edf,904.0,908.0,0.5,0.0,65,0.546024803519956,ok,0,10,8,0.0
chb03,chb03_06.edf,904.0,908.0,0.5,0.0,66,0.3428004452807938,ok,0,11,9,0.0
chb03,chb03_06.edf,904.0,908.0,0.5,0.0,67,0.9454773281444654,ok,0,7,6,0.0
chb03,chb03_06.edf,904.0,908.0,0.5,0.0,68,1.2291207868644798,ok,0,12,11,0.0
chb03,chb03_06.edf,904.0,908.0,0.5,0.0,69,1.1682562182790923,ok,0,9,7,0.0
chb03,chb03_06.edf,904.0,908.0,0.5,0.0,70,0.5111811702061327,ok,0,14,13,0.0
chb03,chb03_06.edf,904.0,908.0,0.5,0.0,71,1.8179982256514546,ok,0,11,9,0.0
chb03,chb03_06.edf,904.0,908.0,0.5,0.0,72,0.18642507739616473,ok,0,6,5,0.0
chb03,chb03_06.edf,904.0,908.0,0.5,0.0,73,0.6286253346157429,ok,0,10,9,0.0
chb03,chb03_06.edf,904.0,908.0,0.5,0.0,74,0.6476197533905482,ok,0,9,7,0.0
chb03,chb03_06.edf,904.0,908.0,0.5,0.0,75,0.9626906857352386,ok,0,12,10,0.0
chb03,chb03_06.edf,904.0,908.0,0.5,0.0,76,0.48840569686484475,ok,0,10,9,0.0
chb03,chb03_06.edf,904.0,908.0,0.5,0.0,77,1.4397992123948258,ok,0,10,9,0.0
chb03,chb03_06.edf,904.0,908.0,0.5,0.0,78,0.8783739115481473,ok,0,10,9,0.0
chb03,chb03_06.edf,904.0,908.0,0.5,0.0,79,0.6660998123404629,ok,0,8,7,0.0
chb03,chb03_06.edf,904.0,908.0,0.5,0.0,80,0.48943288169382493,ok,0,10,8,0.0
chb03,chb03_06.edf,904.0,908.0,0.5,0.0,81,1.3487816138931745,ok,0,10,9,0.0
chb03,chb03_06.edf,904.0,908.0,0.5,0.175,62,0.5712931377579745,ok,0,12,11,0.0
chb03,chb03_06.edf,904.0,908.0,0.5,0.175,63,0.16401474193133586,ok,0,8,7,0.0
chb03,chb03_06.edf,904.0,908.0,0.5,0.175,64,0.19637001542360058,ok,0,9,8,0.0
chb03,chb03_06.edf,904.0,908.0,0.5,0.175,65,0.546024803519956,ok,0,10,8,0.0
chb03,chb03_06.edf,904.0,908.0,0.5,0.175,66,0.3428004452807938,ok,0,11,9,0.0
chb03,chb03_06.edf,904.0,908.0,0.5,0.175,67,0.9454773281444654,ok,0,7,6,0.0
chb03,chb03_06.edf,904.0,908.0,0.5,0.175,68,1.3869827491048006,ok,0,10,9,0.0
chb03,chb03_06.edf,904.0,908.0,0.5,0.175,69,1.2636524125816837,ok,0,9,8,0.0
chb03,chb03_06.edf,904.0,908.0,0.5,0.175,70,0.5007056837946776,ok,0,14,13,0.0
chb03,chb03_06.edf,904.0,908.0,0.5,0.175,71,1.7937447317653397,ok,0,10,8,0.0
chb03,chb03_06.edf,904.0,908.0,0.5,0.175,72,0.18642507739616473,ok,0,6,5,0.0
chb03,chb03_06.edf,904.0,908.0,0.5,0.175,73,0.6055742018279381,ok,0,9,8,0.0
chb03,chb03_06.edf,904.0,908.0,0.5,0.175,74,0.6476197533905482,ok,0,9,7,0.0
chb03,chb03_06.edf,904.0,908.0,0.5,0.175,75,0.9654666566235744,ok,0,12,10,0.0
chb03,chb03_06.edf,904.0,908.0,0.5,0.175,76,0.48840569686484475,ok,0,10,9,0.0
chb03,chb03_06.edf,904.0,908.0,0.5,0.175,77,1.4397992123948258,ok,0,10,9,0.0
chb03,chb03_06.edf,904.0,908.0,0.5,0.175,78,0.8764622074007292,ok,0,10,9,0.0
chb03,chb03_06.edf,904.0,908.0,0.5,0.175,79,0.6660998123404629,ok,0,8,7,0.0
chb03,chb03_06.edf,904.0,908.0,0.5,0.175,80,0.7001723173641382,ok,0,11,9,0.0
chb03,chb03_06.edf,904.0,908.0,0.5,0.175,81,1.3487816138931745,ok,0,10,9,0.0
chb03,chb03_06.edf,904.0,908.0,0.5,0.35,62,0.5294834872571414,ok,0,12,10,0.0
chb03,chb03_06.edf,904.0,908.0,0.5,0.35,63,0.15255102400950155,ok,0,8,7,0.0
chb03,chb03_06.edf,904.0,908.0,0.5,0.35,64,0.19637001542360058,ok,0,9,8,0.0
chb03,chb03_06.edf,904.0,908.0,0.5,0.35,65,0.546024803519956,ok,0,10,8,0.0
chb03,chb03_06.edf,904.0,908.0,0.5,0.35,66,0.3455869941264749,ok,0,11,9,0.0
chb03,chb03_06.edf,904.0,908.0,0.5,0.35,67,0.6682484126819563,ok,0,6,5,0.0
chb03,chb03_06.edf,904.0,908.0,0.5,0.35,68,1.3201040578381287,ok,0,9,8,0.0
chb03,chb03_06.edf,904.0,908.0,0.5,0.35,69,1.2636524125816837,ok,0,9,8,0.0
chb03,chb03_06.edf,904.0,908.0,0.5,0.35,70,0.6261426787098686,ok,0,13,12,0.0
chb03,chb03_06.edf,904.0,908.0,0.5,0.35,71,1.7937447317653397,ok,0,10,8,0.0
chb03,chb03_06.edf,904.0,908.0,0.5,0.35,72,1.1783191670479833,ok,0,8,7,0.0
chb03,chb03_06.edf,904.0,908.0,0.5,0.35,73,0.6775584925731184,ok,0,10,9,0.0
chb03,chb03_06.edf,904.0,908.0,0.5,0.35,74,0.6476197533905482,ok,0,9,7,0.0
chb03,chb03_06.edf,904.0,908.0,0.5,0.35,75,0.7489612183380355,ok,0,12,10,0.0
chb03,chb03_06.edf,904.0,908.0,0.5,0.35,76,0.3297550339148682,ok,0,11,10,0.0
chb03,chb03_06.edf,904.0,908.0,0.5,0.35,77,0.14113296980235743,ok,0,9,8,0.0
chb03,chb03_06.edf,904.0,908.0,0.5,0.35,78,0.876475497501451,ok,0,10,9,0.0
chb03,chb03_06.edf,904.0,908.0,0.5,0.35,79,0.6660998123404629,ok,0,8,7,0.0
chb03,chb03_06.edf,904.0,908.0,0.5,0.35,80,0.6462806672409313,ok,0,10,8,0.0
chb03,chb03_06.edf,904.0,908.0,0.5,0.35,81,1.3487816138931745,ok,0,10,9,0.0
chb03,chb03_06.edf,904.0,908.0,0.5,0.7,62,0.5098577151818459,ok,0,13,10,0.0
chb03,chb03_06.edf,904.0,908.0,0.5,0.7,63,0.18923887770069645,ok,0,9,8,0.0
chb03,chb03_06.edf,904.0,908.0,0.5,0.7,64,0.19637001542360058,ok,0,9,8,0.0
chb03,chb03_06.edf,904.0,908.0,0.5,0.7,65,1.3799602206100678,ok,0,10,8,0.0
chb03,chb03_06.edf,904.0,908.0,0.5,0.7,66,0.4807154609008402,ok,0,11,8,0.0
chb03,chb03_06.edf,904.0,908.0,0.5,0.7,67,0.9674734643256606,ok,0,7,6,0.0
chb03,chb03_06.edf,904.0,908.0,0.5,0.7,68,1.328615655099051,ok,0,9,8,0.0
chb03,chb03_06.edf,904.0,908.0,0.5,0.7,69,1.2636524125816837,ok,0,9,8,0.0
chb03,chb03_06.edf,904.0,908.0,0.5,0.7,70,0.6261426787098686,ok,0,13,12,0.0
chb03,chb03_06.edf,904.0,908.0,0.5,0.7,71,1.4739428582315122,ok,0,12,10,0.0
chb03,chb03_06.edf,904.0,908.0,0.5,0.7,72,1.0862466222425131,ok,0,8,6,0.0
chb03,chb03_06.edf,904.0,908.0,0.5,0.7,73,0.629824406475855,ok,0,11,10,0.0
chb03,chb03_06.edf,904.0,908.0,0.5,0.7,74,0.6476197533905482,ok,0,9,7,0.0
chb03,chb03_06.edf,904.0,908.0,0.5,0.7,75,0.6635335836331094,ok,0,13,11,0.0
chb03,chb03_06.edf,904.0,908.0,0.5,0.7,76,0.36286397755079597,ok,0,11,10,0.0
chb03,chb03_06.edf,904.0,908.0,0.5,0.7,77,0.46730937288918284,ok,0,9,7,0.0
chb03,chb03_06.edf,904.0,908.0,0.5,0.7,78,0.8764887874006564,ok,0,10,9,0.0
chb03,chb03_06.edf,904.0,908.0,0.5,0.7,79,0.6660998123404629,ok,0,8,7,0.0
chb03,chb03_06.edf,904.0,908.0,0.5,0.7,80,0.6878308366957175,ok,0,9,7,0.0
chb03,chb03_06.edf,904.0,908.0,0.5,0.7,81,1.3951320693161031,ok,0,9,8,0.0
chb03,chb03_06.edf,904.0,908.0,1.0,0.0,62,0.7743914046997703,ok,0,11,10,0.0
chb03,chb03_06.edf,904.0,908.0,1.0,0.0,63,0.21488489744161204,ok,0,8,7,0.0
chb03,chb03_06.edf,904.0,908.0,1.0,0.0,64,0.17192047651837583,ok,0,10,9,0.0
chb03,chb03_06.edf,904.0,908.0,1.0,0.0,65,0.48620003231413916,ok,0,12,9,0.0
chb03,chb03_06.edf,904.0,908.0,1.0,0.0,66,1.3756822323974554,ok,0,13,11,0.0
chb03,chb03_06.edf,904.0,908.0,1.0,0.0,67,1.0067830609804835,ok,0,9,8,0.0
chb03,chb03_06.edf,904.0,908.0,1.0,0.0,68,1.5176810316646947,ok,0,13,11,0.0
chb03,chb03_06.edf,904.0,908.0,1.0,0.0,69,1.0610836315798138,ok,0,8,5,0.0
chb03,chb03_06.edf,904.0,908.0,1.0,0.0,70,0.981919803246944,ok,0,12,11,0.0
chb03,chb03_06.edf,904.0,908.0,1.0,0.0,71,1.7937447317653397,ok,0,10,8,0.0
chb03,chb03_06.edf,904.0,908.0,1.0,0.0,72,0.18642507739616473,ok,0,6,5,0.0
chb03,chb03_06.edf,904.0,908.0,1.0,0.0,73,0.5987516059102022,ok,0,9,8,0.0
chb03,chb03_06.edf,904.0,908.0,1.0,0.0,74,0.6443582292066723,ok,0,11,10,0.0
chb03,chb03_06.edf,904.0,908.0,1.0,0.0,75,1.65888681246551,ok,0,10,7,0.0
chb03,chb03_06.edf,904.0,908.0,1.0,0.0,76,0.22553402254439306,ok,0,12,11,0.0
chb03,chb03_06.edf,904.0,908.0,1.0,0.0,77,1.261454559020981,ok,0,10,9,0.0
chb03,chb03_06.edf,904.0,908.0,1.0,0.0,78,1.9856992051961986,ok,0,12,11,0.0
chb03,chb03_06.edf,904.0,908.0,1.0,0.0,79,0.1609368397508929,ok,0,7,6,0.0
chb03,chb03_06.edf,904.0,908.0,1.0,0.0,80,0.8375512923759941,ok,0,11,9,0.0
chb03,chb03_06.edf,904.0,908.0,1.0,0.0,81,1.3218647883394035,ok,0,10,8,0.0
chb03,chb03_06.edf,904.0,908.0,1.0,0.175,62,0.829051313747091,ok,0,12,11,0.0
chb03,chb03_06.edf,904.0,908.0,1.0,0.175,63,0.21488489744161204,ok,0,8,7,0.0
chb03,chb03_06.edf,904.0,908.0,1.0,0.175,64,0.17192047651837583,ok,0,10,9,0.0
chb03,chb03_06.edf,904.0,908.0,1.0,0.175,65,0.49292157435773215,ok,0,12,10,0.0
chb03,chb03_06.edf,904.0,908.0,1.0,0.175,66,1.3756822323974554,ok,0,13,11,0.0
chb03,chb03_06.edf,904.0,908.0,1.0,0.175,67,1.0067830609804835,ok,0,9,8,0.0
chb03,chb03_06.edf,904.0,908.0,1.0,0.175,68,1.4403478634378917,ok,0,12,10,0.0
chb03,chb03_06.edf,904.0,908.0,1.0,0.175,69,1.062607072954729,ok,0,9,6,0.0
chb03,chb03_06.edf,904.0,908.0,1.0,0.175,70,0.981919803246944,ok,0,12,11,0.0
chb03,chb03_06.edf,904.0,908.0,1.0,0.175,71,1.7937447317653397,ok,0,10,8,0.0
chb03,chb03_06.edf,904.0,908.0,1.0,0.175,72,0.18642507739616473,ok,0,6,5,0.0
chb03,chb03_06.edf,904.0,908.0,1.0,0.175,73,0.5987516059102022,ok,0,9,8,0.0
chb03,chb03_06.edf,904.0,908.0,1.0,0.175,74,0.6443582292066723,ok,0,11,10,0.0
chb03,chb03_06.edf,904.0,908.0,1.0,0.175,75,1.65888681246551,ok,0,10,7,0.0
chb03,chb03_06.edf,904.0,908.0,1.0,0.175,76,0.22553402254439306,ok,0,12,11,0.0
chb03,chb03_06.edf,904.0,908.0,1.0,0.175,77,1.1993834364071327,ok,0,9,8,0.0
chb03,chb03_06.edf,904.0,908.0,1.0,0.175,78,1.9856992051961986,ok,0,12,11,0.0
chb03,chb03_06.edf,904.0,908.0,1.0,0.175,79,0.1609368397508929,ok,0,7,6,0.0
chb03,chb03_06.edf,904.0,908.0,1.0,0.175,80,0.847592558041268,ok,0,12,10,0.0
chb03,chb03_06.edf,904.0,908.0,1.0,0.175,81,1.3218647883394035,ok,0,10,8,0.0
chb03,chb03_06.edf,904.0,908.0,1.0,0.35,62,0.7690713961500337,ok,0,11,9,0.0
chb03,chb03_06.edf,904.0,908.0,1.0,0.35,63,0.21488489744161204,ok,0,8,7,0.0
chb03,chb03_06.edf,904.0,908.0,1.0,0.35,64,0.18593135984721057,ok,0,10,8,0.0
chb03,chb03_06.edf,904.0,908.0,1.0,0.35,65,0.49292157435773215,ok,0,12,10,0.0
chb03,chb03_06.edf,904.0,908.0,1.0,0.35,66,1.4500666645278386,ok,0,13,11,0.0
chb03,chb03_06.edf,904.0,908.0,1.0,0.35,67,1.0067830609804835,ok,0,9,8,0.0
chb03,chb03_06.edf,904.0,908.0,1.0,0.35,68,1.4403478634378917,ok,0,12,10,0.0
chb03,chb03_06.edf,904.0,908.0,1.0,0.35,69,1.062607072954729,ok,0,9,6,0.0
chb03,chb03_06.edf,904.0,908.0,1.0,0.35,70,0.981919803246944,ok,0,12,11,0.0
chb03,chb03_06.edf,904.0,908.0,1.0,0.35,71,1.366071928271404,ok,0,11,9,0.0
chb03,chb03_06.edf,904.0,908.0,1.0,0.35,72,0.26769910093606086,ok,0,6,4,0.0
chb03,chb03_06.edf,904.0,908.0,1.0,0.35,73,0.5823203888824564,ok,0,8,7,0.0
chb03,chb03_06.edf,904.0,908.0,1.0,0.35,74,0.6443582292066723,ok,0,11,10,0.0
chb03,chb03_06.edf,904.0,908.0,1.0,0.35,75,1.65888681246551,ok,0,10,7,0.0
chb03,chb03_06.edf,904.0,908.0,1.0,0.35,76,0.22553402254439306,ok,0,12,11,0.0
chb03,chb03_06.edf,904.0,908.0,1.0,0.35,77,1.1993834364071327,ok,0,9,8,0.0
chb03,chb03_06.edf,904.0,908.0,1.0,0.35,78,1.9856992051961986,ok,0,12,11,0.0
chb03,chb03_06.edf,904.0,908.0,1.0,0.35,79,0.1609368397508929,ok,0,7,6,0.0
chb03,chb03_06.edf,904.0,908.0,1.0,0.35,80,0.7258628778606676,ok,0,12,10,0.0
chb03,chb03_06.edf,904.0,908.0,1.0,0.35,81,1.215686175817603,ok,0,9,7,0.0
chb03,chb03_06.edf,904.0,908.0,1.0,0.7,62,1.2150560831888468,ok,0,10,7,0.0
chb03,chb03_06.edf,904.0,908.0,1.0,0.7,63,0.10490482357853723,ok,0,8,6,0.0
chb03,chb03_06.edf,904.0,908.0,1.0,0.7,64,0.18593135984721057,ok,0,10,8,0.0
chb03,chb03_06.edf,904.0,908.0,1.0,0.7,65,0.49292157435773215,ok,0,12,10,0.0
chb03,chb03_06.edf,904.0,908.0,1.0,0.7,66,1.4500666645278386,ok,0,13,11,0.0
chb03,chb03_06.edf,904.0,908.0,1.0,0.7,67,0.9828507256367232,ok,0,9,8,0.0
chb03,chb03_06.edf,904.0,908.0,1.0,0.7,68,1.44167629497798,ok,0,12,10,0.0
chb03,chb03_06.edf,904.0,908.0,1.0,0.7,69,1.1764082802397795,ok,0,9,7,0.0
chb03,chb03_06.edf,904.0,908.0,1.0,0.7,70,1.2857663124469596,ok,0,10,9,0.0
chb03,chb03_06.edf,904.0,908.0,1.0,0.7,71,1.4851267801397103,ok,0,14,10,0.0
chb03,chb03_06.edf,904.0,908.0,1.0,0.7,72,1.2152640557442895,ok,0,8,6,0.0
chb03,chb03_06.edf,904.0,908.0,1.0,0.7,73,0.5813928972279899,ok,0,8,7,0.0
chb03,chb03_06.edf,904.0,908.0,1.0,0.7,74,0.5637608364500631,ok,0,12,10,0.0
chb03,chb03_06.edf,904.0,908.0,1.0,0.7,75,1.6701884111809937,ok,0,9,6,0.0
chb03,chb03_06.edf,904.0,908.0,1.0,0.7,76,0.22553402254439306,ok,0,12,11,0.0
chb03,chb03_06.edf,904.0,908.0,1.0,0.7,77,1.1993834364071327,ok,0,9,8,0.0
chb03,chb03_06.edf,904.0,908.0,1.0,0.7,78,1.9866896406678933,ok,0,12,11,0.0
chb03,chb03_06.edf,904.0,908.0,1.0,0.7,79,0.1609368397508929,ok,0,7,6,0.0
chb03,chb03_06.edf,904.0,908.0,1.0,0.7,80,0.7919743514290865,ok,0,13,11,0.0
chb03,chb03_06.edf,904.0,908.0,1.0,0.7,81,1.215686175817603,ok,0,9,7,0.0
chb03,chb03_06.edf,2700.0,2704.0,0.25,0.0,62,0.6171842911523988,ok,0,10,9,0.0
chb03,chb03_06.edf,2700.0,2704.0,0.25,0.0,63,2.043747370146671,ok,0,9,8,0.0
chb03,chb03_06.edf,2700.0,2704.0,0.25,0.0,64,0.8756532617719204,ok,0,9,8,0.0
chb03,chb03_06.edf,2700.0,2704.0,0.25,0.0,65,0.9667718123938864,ok,0,11,10,0.0
chb03,chb03_06.edf,2700.0,2704.0,0.25,0.0,66,0.3631787913269073,ok,0,11,9,0.0
chb03,chb03_06.edf,2700.0,2704.0,0.25,0.0,67,0.8092054221906116,ok,0,11,9,0.0
chb03,chb03_06.edf,2700.0,2704.0,0.25,0.0,68,0.9681035064574081,ok,0,9,8,0.0
chb03,chb03_06.edf,2700.0,2704.0,0.25,0.0,69,1.241548694349417,ok,0,10,8,0.0
chb03,chb03_06.edf,2700.0,2704.0,0.25,0.0,70,0.2793983295119334,ok,0,9,8,0.0
chb03,chb03_06.edf,2700.0,2704.0,0.25,0.0,71,1.5904417843670142,ok,0,12,11,0.0
chb03,chb03_06.edf,2700.0,2704.0,0.25,0.0,72,0.9990557900479503,ok,0,11,9,0.0
chb03,chb03_06.edf,2700.0,2704.0,0.25,0.0,73,0.4814093715175572,ok,0,8,7,0.0
chb03,chb03_06.edf,2700.0,2704.0,0.25,0.0,74,0.6162790697674418,ok,0,11,8,0.0
chb03,chb03_06.edf,2700.0,2704.0,0.25,0.0,75,0.35394981220923855,ok,0,12,11,0.0
chb03,chb03_06.edf,2700.0,2704.0,0.25,0.0,76,0.3909772130214703,ok,0,12,11,0.0
chb03,chb03_06.edf,2700.0,2704.0,0.25,0.0,77,0.9447730595988872,ok,0,6,4,0.0
chb03,chb03_06.edf,2700.0,2704.0,0.25,0.0,78,1.3483863463099397,ok,0,11,10,0.0
chb03,chb03_06.edf,2700.0,2704.0,0.25,0.0,79,0.1609368397508929,ok,0,7,6,0.0
chb03,chb03_06.edf,2700.0,2704.0,0.25,0.0,80,0.1797136108456547,ok,0,12,10,0.0
chb03,chb03_06.edf,2700.0,2704.0,0.25,0.0,81,1.4033891062507988,ok,0,10,7,0.0
chb03,chb03_06.edf,2700.0,2704.0,0.25,0.175,62,0.8199931984143265,ok,0,10,9,0.0
chb03,chb03_06.edf,2700.0,2704.0,0.25,0.175,63,2.034173947693193,ok,0,9,8,0.0
chb03,chb03_06.edf,2700.0,2704.0,0.25,0.175,64,0.8188259878606116,ok,0,8,7,0.0
chb03,chb03_06.edf,2700.0,2704.0,0.25,0.175,65,0.9667718123938864,ok,0,11,10,0.0
chb03,chb03_06.edf,2700.0,2704.0,0.25,0.175,66,0.3428004452807938,ok,0,11,9,0.0
chb03,chb03_06.edf,2700.0,2704.0,0.25,0.175,67,0.3632060189526681,ok,0,10,8,0.0
chb03,chb03_06.edf,2700.0,2704.0,0.25,0.175,68,0.887810658802592,ok,0,8,7,0.0
chb03,chb03_06.edf,2700.0,2704.0,0.25,0.175,69,1.133030991562399,ok,0,10,7,0.0
chb03,chb03_06.edf,2700.0,2704.0,0.25,0.175,70,0.2793983295119334,ok,0,9,8,0.0
chb03,chb03_06.edf,2700.0,2704.0,0.25,0.175,71,1.5904417843670142,ok,0,12,11,0.0
chb03,chb03_06.edf,2700.0,2704.0,0.25,0.175,72,1.1780654647121798,ok,0,8,7,0.0
chb03,chb03_06.edf,2700.0,2704.0,0.25,0.175,73,0.5133812415611179,ok,0,7,5,0.0
chb03,chb03_06.edf,2700.0,2704.0,0.25,0.175,74,0.3604077047099177,ok,0,12,9,0.0
chb03,chb03_06.edf,2700.0,2704.0,0.25,0.175,75,0.35394981220923855,ok,0,12,11,0.0
chb03,chb03_06.edf,2700.0,2704.0,0.25,0.175,76,0.3909772130214703,ok,0,12,11,0.0
chb03,chb03_06.edf,2700.0,2704.0,0.25,0.175,77,0.9447730595988872,ok,0,6,4,0.0
chb03,chb03_06.edf,2700.0,2704.0,0.25,0.175,78,1.3010646421373222,ok,0,11,9,0.0
chb03,chb03_06.edf,2700.0,2704.0,0.25,0.175,79,0.1609368397508929,ok,0,7,6,0.0
chb03,chb03_06.edf,2700.0,2704.0,0.25,0.175,80,0.18508067986596996,ok,0,11,9,0.0
chb03,chb03_06.edf,2700.0,2704.0,0.25,0.175,81,1.3520115535179535,ok,0,10,6,0.0
chb03,chb03_06.edf,2700.0,2704.0,0.25,0.35,62,0.7877462884085299,ok,0,8,7,0.0
chb03,chb03_06.edf,2700.0,2704.0,0.25,0.35,63,2.0067219152423363,ok,0,9,8,0.0
chb03,chb03_06.edf,2700.0,2704.0,0.25,0.35,64,0.8248531529434139,ok,0,9,8,0.0
chb03,chb03_06.edf,2700.0,2704.0,0.25,0.35,65,0.9667718123938864,ok,0,11,10,0.0
chb03,chb03_06.edf,2700.0,2704.0,0.25,0.35,66,0.3428004452807938,ok,0,11,9,0.0
chb03,chb03_06.edf,2700.0,2704.0,0.25,0.35,67,0.5446276260332311,ok,0,11,9,0.0
chb03,chb03_06.edf,2700.0,2704.0,0.25,0.35,68,0.6148804459165511,ok,0,10,9,0.0
chb03,chb03_06.edf,2700.0,2704.0,0.25,0.35,69,1.1897159227563119,ok,0,11,8,0.0
chb03,chb03_06.edf,2700.0,2704.0,0.25,0.35,70,0.2793983295119334,ok,0,9,8,0.0
chb03,chb03_06.edf,2700.0,2704.0,0.25,0.35,71,1.5988655661353666,ok,0,12,11,0.0
chb03,chb03_06.edf,2700.0,2704.0,0.25,0.35,72,1.1791168203218365,ok,0,8,7,0.0
chb03,chb03_06.edf,2700.0,2704.0,0.25,0.35,73,0.45665887589145726,ok,0,8,6,0.0
chb03,chb03_06.edf,2700.0,2704.0,0.25,0.35,74,0.39051766960899875,ok,0,12,9,0.0
chb03,chb03_06.edf,2700.0,2704.0,0.25,0.35,75,0.5355789168200913,ok,0,13,12,0.0
chb03,chb03_06.edf,2700.0,2704.0,0.25,0.35,76,0.4638002289731565,ok,0,12,11,0.0
chb03,chb03_06.edf,2700.0,2704.0,0.25,0.35,77,0.8082721727422603,ok,0,5,3,0.0
chb03,chb03_06.edf,2700.0,2704.0,0.25,0.35,78,1.2954396739846774,ok,0,10,8,0.0
chb03,chb03_06.edf,2700.0,2704.0,0.25,0.35,79,1.6645984136381196,ok,0,8,7,0.0
chb03,chb03_06.edf,2700.0,2704.0,0.25,0.35,80,0.16139070270625072,ok,0,11,10,0.0
chb03,chb03_06.edf,2700.0,2704.0,0.25,0.35,81,1.325594146921814,ok,0,10,8,0.0
chb03,chb03_06.edf,2700.0,2704.0,0.25,0.7,62,0.6587160614893968,ok,0,8,7,0.0
chb03,chb03_06.edf,2700.0,2704.0,0.25,0.7,63,1.6441793375428246,ok,0,9,8,0.0
chb03,chb03_06.edf,2700.0,2704.0,0.25,0.7,64,0.8588217235003982,ok,0,9,8,0.0
chb03,chb03_06.edf,2700.0,2704.0,0.25,0.7,65,0.9544861977341788,ok,0,11,10,0.0
chb03,chb03_06.edf,2700.0,2704.0,0.25,0.7,66,0.171265006287195,ok,0,12,10,0.0
chb03,chb03_06.edf,2700.0,2704.0,0.25,0.7,67,0.36769917026670296,ok,0,11,10,0.0
chb03,chb03_06.edf,2700.0,2704.0,0.25,0.7,68,0.5715051796376712,ok,0,9,8,0.0
chb03,chb03_06.edf,2700.0,2704.0,0.25,0.7,69,1.1380923573869555,ok,0,10,7,0.0
chb03,chb03_06.edf,2700.0,2704.0,0.25,0.7,70,0.3140517632162173,ok,0,11,9,0.0
chb03,chb03_06.edf,2700.0,2704.0,0.25,0.7,71,1.2586939585535828,ok,0,11,10,0.0
chb03,chb03_06.edf,2700.0,2704.0,0.25,0.7,72,1.3379225588093326,ok,0,7,6,0.0
chb03,chb03_06.edf,2700.0,2704.0,0.25,0.7,73,0.445178280497499,ok,0,8,7,0.0
chb03,chb03_06.edf,2700.0,2704.0,0.25,0.7,74,0.3468016589856884,ok,0,13,9,0.0
chb03,chb03_06.edf,2700.0,2704.0,0.25,0.7,75,0.5757575757575758,ok,0,11,10,0.0
chb03,chb03_06.edf,2700.0,2704.0,0.25,0.7,76,0.4912207814758391,ok,0,12,11,0.0
chb03,chb03_06.edf,2700.0,2704.0,0.25,0.7,77,0.5807383924900169,ok,0,6,4,0.0
chb03,chb03_06.edf,2700.0,2704.0,0.25,0.7,78,1.1703418915441353,ok,0,9,7,0.0
chb03,chb03_06.edf,2700.0,2704.0,0.25,0.7,79,1.6645984136381196,ok,0,8,7,0.0
chb03,chb03_06.edf,2700.0,2704.0,0.25,0.7,80,0.16800102129378722,ok,0,11,10,0.0
chb03,chb03_06.edf,2700.0,2704.0,0.25,0.7,81,1.276804712595046,ok,0,11,9,0.0
chb03,chb03_06.edf,2700.0,2704.0,0.5,0.0,62,0.5712931377579745,ok,0,12,11,0.0
chb03,chb03_06.edf,2700.0,2704.0,0.5,0.0,63,0.16726057798219393,ok,0,8,7,0.0
chb03,chb03_06.edf,2700.0,2704.0,0.5,0.0,64,0.19637001542360058,ok,0,9,8,0.0
chb03,chb03_06.edf,2700.0,2704.0,0.5,0.0,65,0.546024803519956,ok,0,10,8,0.0
chb03,chb03_06.edf,2700.0,2704.0,0.5,0.0,66,0.3428004452807938,ok,0,11,9,0.0
chb03,chb03_06.edf,2700.0,2704.0,0.5,0.0,67,0.9454773281444654,ok,0,7,6,0.0
chb03,chb03_06.edf,2700.0,2704.0,0.5,0.0,68,1.2291207868644798,ok,0,12,11,0.0
chb03,chb03_06.edf,2700.0,2704.0,0.5,0.0,69,1.1682562182790923,ok,0,9,7,0.0
chb03,chb03_06.edf,2700.0,2704.0,0.5,0.0,70,0.5111811702061327,ok,0,14,13,0.0
chb03,chb03_06.edf,2700.0,2704.0,0.5,0.0,71,1.8179982256514546,ok,0,11,9,0.0
chb03,chb03_06.edf,2700.0,2704.0,0.5,0.0,72,0.18642507739616473,ok,0,6,5,0.0
chb03,chb03_06.edf,2700.0,2704.0,0.5,0.0,73,0.6286253346157429,ok,0,10,9,0.0
chb03,chb03_06.edf,2700.0,2704.0,0.5,0.0,74,0.6476197533905482,ok,0,9,7,0.0
chb03,chb03_06.edf,2700.0,2704.0,0.5,0.0,75,0.9626906857352386,ok,0,12,10,0.0
chb03,chb03_06.edf,2700.0,2704.0,0.5,0.0,76,0.48840569686484475,ok,0,10,9,0.0
chb03,chb03_06.edf,2700.0,2704.0,0.5,0.0,77,1.4397992123948258,ok,0,10,9,0.0
chb03,chb03_06.edf,2700.0,2704.0,0.5,0.0,78,0.8783739115481473,ok,0,10,9,0.0
chb03,chb03_06.edf,2700.0,2704.0,0.5,0.0,79,0.6660998123404629,ok,0,8,7,0.0
chb03,chb03_06.edf,2700.0,2704.0,0.5,0.0,80,0.48943288169382493,ok,0,10,8,0.0
chb03,chb03_06.edf,2700.0,2704.0,0.5,0.0,81,1.3487816138931745,ok,0,10,9,0.0
chb03,chb03_06.edf,2700.0,2704.0,0.5,0.175,62,0.5687028088741318,ok,0,12,11,0.0
chb03,chb03_06.edf,2700.0,2704.0,0.5,0.175,63,0.19759201224112374,ok,0,9,8,0.0
chb03,chb03_06.edf,2700.0,2704.0,0.5,0.175,64,0.19269613344196232,ok,0,9,8,0.0
chb03,chb03_06.edf,2700.0,2704.0,0.5,0.175,65,0.5518250131061467,ok,0,10,8,0.0
chb03,chb03_06.edf,2700.0,2704.0,0.5,0.175,66,0.3428004452807938,ok,0,11,9,0.0
chb03,chb03_06.edf,2700.0,2704.0,0.5,0.175,67,0.8841785669893321,ok,0,7,6,0.0
chb03,chb03_06.edf,2700.0,2704.0,0.5,0.175,68,1.2291207868644798,ok,0,12,11,0.0
chb03,chb03_06.edf,2700.0,2704.0,0.5,0.175,69,1.2192157557534467,ok,0,10,8,0.0
chb03,chb03_06.edf,2700.0,2704.0,0.5,0.175,70,0.509154547108042,ok,0,14,13,0.0
chb03,chb03_06.edf,2700.0,2704.0,0.5,0.175,71,1.8814282450408817,ok,0,11,10,0.0
chb03,chb03_06.edf,2700.0,2704.0,0.5,0.175,72,0.1586900018443984,ok,0,6,5,0.0
chb03,chb03_06.edf,2700.0,2704.0,0.5,0.175,73,0.6775584925731184,ok,0,10,9,0.0
chb03,chb03_06.edf,2700.0,2704.0,0.5,0.175,74,0.655280757217913,ok,0,10,8,0.0
chb03,chb03_06.edf,2700.0,2704.0,0.5,0.175,75,0.9304566943784026,ok,0,11,10,0.0
chb03,chb03_06.edf,2700.0,2704.0,0.5,0.175,76,0.33053599871445877,ok,0,11,10,0.0
chb03,chb03_06.edf,2700.0,2704.0,0.5,0.175,77,1.487661106245009,ok,0,9,8,0.0
chb03,chb03_06.edf,2700.0,2704.0,0.5,0.175,78,0.8783739115481473,ok,0,10,9,0.0
chb03,chb03_06.edf,2700.0,2704.0,0.5,0.175,79,0.1609368397508929,ok,0,7,6,0.0
chb03,chb03_06.edf,2700.0,2704.0,0.5,0.175,80,0.5323112117185054,ok,0,9,7,0.0
chb03,chb03_06.edf,2700.0,2704.0,0.5,0.175,81,1.3487816138931745,ok,0,10,9,0.0
chb03,chb03_06.edf,2700.0,2704.0,0.5,0.35,62,0.5687028088741318,ok,0,12,11,0.0
chb03,chb03_06.edf,2700.0,2704.0,0.5,0.35,63,0.1829500100318099,ok,0,8,7,0.0
chb03,chb03_06.edf,2700.0,2704.0,0.5,0.35,64,0.2124531602066324,ok,0,9,8,0.0
chb03,chb03_06.edf,2700.0,2704.0,0.5,0.35,65,0.5518250131061467,ok,0,10,8,0.0
chb03,chb03_06.edf,2700.0,2704.0,0.5,0.35,66,0.3428004452807938,ok,0,11,9,0.0
chb03,chb03_06.edf,2700.0,2704.0,0.5,0.35,67,0.8841785669893321,ok,0,7,6,0.0
chb03,chb03_06.edf,2700.0,2704.0,0.5,0.35,68,1.249200275680096,ok,0,12,11,0.0
chb03,chb03_06.edf,2700.0,2704.0,0.5,0.35,69,1.2192157557534467,ok,0,10,8,0.0
chb03,chb03_06.edf,2700.0,2704.0,0.5,0.35,70,0.509154547108042,ok,0,14,13,0.0
chb03,chb03_06.edf,2700.0,2704.0,0.5,0.35,71,1.9023929873762566,ok,0,11,10,0.0
chb03,chb03_06.edf,2700.0,2704.0,0.5,0.35,72,0.1586900018443984,ok,0,6,5,0.0
chb03,chb03_06.edf,2700.0,2704.0,0.5,0.35,73,0.5732426983148021,ok,0,9,8,0.0
chb03,chb03_06.edf,2700.0,2704.0,0.5,0.35,74,0.6438873094192759,ok,0,10,8,0.0
chb03,chb03_06.edf,2700.0,2704.0,0.5,0.35,75,0.9559132708163744,ok,0,10,9,0.0
chb03,chb03_06.edf,2700.0,2704.0,0.5,0.35,76,0.1893022713354319,ok,0,11,10,0.0
chb03,chb03_06.edf,2700.0,2704.0,0.5,0.35,77,1.4882095124675974,ok,0,9,8,0.0
chb03,chb03_06.edf,2700.0,2704.0,0.5,0.35,78,0.6030114744673475,ok,0,9,7,0.0
chb03,chb03_06.edf,2700.0,2704.0,0.5,0.35,79,0.1609368397508929,ok,0,7,6,0.0
chb03,chb03_06.edf,2700.0,2704.0,0.5,0.35,80,0.5323112117185054,ok,0,9,7,0.0
chb03,chb03_06.edf,2700.0,2704.0,0.5,0.35,81,1.3487816138931745,ok,0,10,9,0.0
chb03,chb03_06.edf,2700.0,2704.0,0.5,0.7,62,0.5301270526305951,ok,0,12,10,0.0
chb03,chb03_06.edf,2700.0,2704.0,0.5,0.7,63,0.2090551466840513,ok,0,8,7,0.0
chb03,chb03_06.edf,2700.0,2704.0,0.5,0.7,64,0.22656809681213902,ok,0,9,7,0.0
chb03,chb03_06.edf,2700.0,2704.0,0.5,0.7,65,1.0220510895881185,ok,0,11,9,0.0
chb03,chb03_06.edf,2700.0,2704.0,0.5,0.7,66,0.3428004452807938,ok,0,11,9,0.0
chb03,chb03_06.edf,2700.0,2704.0,0.5,0.7,67,1.0119476364224187,ok,0,8,7,0.0
chb03,chb03_06.edf,2700.0,2704.0,0.5,0.7,68,1.249200275680096,ok,0,12,11,0.0
chb03,chb03_06.edf,2700.0,2704.0,0.5,0.7,69,1.2947734134393052,ok,0,9,7,0.0
chb03,chb03_06.edf,2700.0,2704.0,0.5,0.7,70,0.5062509477338263,ok,0,14,13,0.0
chb03,chb03_06.edf,2700.0,2704.0,0.5,0.7,71,1.7822326801012094,ok,0,10,9,0.0
chb03,chb03_06.edf,2700.0,2704.0,0.5,0.7,72,0.15927485905071012,ok,0,6,5,0.0
chb03,chb03_06.edf,2700.0,2704.0,0.5,0.7,73,0.4952502055617297,ok,0,9,8,0.0
chb03,chb03_06.edf,2700.0,2704.0,0.5,0.7,74,0.5015978153515925,ok,0,12,10,0.0
chb03,chb03_06.edf,2700.0,2704.0,0.5,0.7,75,0.9058769535975991,ok,0,10,9,0.0
chb03,chb03_06.edf,2700.0,2704.0,0.5,0.7,76,0.22023045436622996,ok,0,11,10,0.0
chb03,chb03_06.edf,2700.0,2704.0,0.5,0.7,77,1.4404366547069316,ok,0,10,9,0.0
chb03,chb03_06.edf,2700.0,2704.0,0.5,0.7,78,0.6048880218756292,ok,0,9,7,0.0
chb03,chb03_06.edf,2700.0,2704.0,0.5,0.7,79,1.6648465545590965,ok,0,8,7,0.0
chb03,chb03_06.edf,2700.0,2704.0,0.5,0.7,80,0.5498073528135942,ok,0,10,8,0.0
chb03,chb03_06.edf,2700.0,2704.0,0.5,0.7,81,1.3425202243865721,ok,0,10,9,0.0
chb03,chb03_06.edf,2700.0,2704.0,1.0,0.0,62,0.7743914046997703,ok,0,11,10,0.0
chb03,chb03_06.edf,2700.0,2704.0,1.0,0.0,63,0.21488489744161204,ok,0,8,7,0.0
chb03,chb03_06.edf,2700.0,2704.0,1.0,0.0,64,0.17192047651837583,ok,0,10,9,0.0
chb03,chb03_06.edf,2700.0,2704.0,1.0,0.0,65,0.48620003231413916,ok,0,12,9,0.0
chb03,chb03_06.edf,2700.0,2704.0,1.0,0.0,66,1.3756822323974554,ok,0,13,11,0.0
chb03,chb03_06.edf,2700.0,2704.0,1.0,0.0,67,1.0067830609804835,ok,0,9,8,0.0
chb03,chb03_06.edf,2700.0,2704.0,1.0,0.0,68,1.5176810316646947,ok,0,13,11,0.0
chb03,chb03_06.edf,2700.0,2704.0,1.0,0.0,69,1.0610836315798138,ok,0,8,5,0.0
chb03,chb03_06.edf,2700.0,2704.0,1.0,0.0,70,0.981919803246944,ok,0,12,11,0.0
chb03,chb03_06.edf,2700.0,2704.0,1.0,0.0,71,1.7937447317653397,ok,0,10,8,0.0
chb03,chb03_06.edf,2700.0,2704.0,1.0,0.0,72,0.18642507739616473,ok,0,6,5,0.0
chb03,chb03_06.edf,2700.0,2704.0,1.0,0.0,73,0.5987516059102022,ok,0,9,8,0.0
chb03,chb03_06.edf,2700.0,2704.0,1.0,0.0,74,0.6443582292066723,ok,0,11,10,0.0
chb03,chb03_06.edf,2700.0,2704.0,1.0,0.0,75,1.65888681246551,ok,0,10,7,0.0
chb03,chb03_06.edf,2700.0,2704.0,1.0,0.0,76,0.22553402254439306,ok,0,12,11,0.0
chb03,chb03_06.edf,2700.0,2704.0,1.0,0.0,77,1.261454559020981,ok,0,10,9,0.0
chb03,chb03_06.edf,2700.0,2704.0,1.0,0.0,78,1.9856992051961986,ok,0,12,11,0.0
chb03,chb03_06.edf,2700.0,2704.0,1.0,0.0,79,0.1609368397508929,ok,0,7,6,0.0
chb03,chb03_06.edf,2700.0,2704.0,1.0,0.0,80,0.8375512923759941,ok,0,11,9,0.0
chb03,chb03_06.edf,2700.0,2704.0,1.0,0.0,81,1.3218647883394035,ok,0,10,8,0.0
chb03,chb03_06.edf,2700.0,2704.0,1.0,0.175,62,0.7743914046997703,ok,0,11,10,0.0
chb03,chb03_06.edf,2700.0,2704.0,1.0,0.175,63,0.16726057798219393,ok,0,8,7,0.0
chb03,chb03_06.edf,2700.0,2704.0,1.0,0.175,64,0.17192047651837583,ok,0,10,9,0.0
chb03,chb03_06.edf,2700.0,2704.0,1.0,0.175,65,0.48620003231413916,ok,0,12,9,0.0
chb03,chb03_06.edf,2700.0,2704.0,1.0,0.175,66,1.3756822323974554,ok,0,13,11,0.0
chb03,chb03_06.edf,2700.0,2704.0,1.0,0.175,67,1.0346292392189875,ok,0,10,9,0.0
chb03,chb03_06.edf,2700.0,2704.0,1.0,0.175,68,1.5176810316646947,ok,0,13,11,0.0
chb03,chb03_06.edf,2700.0,2704.0,1.0,0.175,69,1.0610836315798138,ok,0,8,5,0.0
chb03,chb03_06.edf,2700.0,2704.0,1.0,0.175,70,1.0503580581633432,ok,0,12,10,0.0
chb03,chb03_06.edf,2700.0,2704.0,1.0,0.175,71,1.7937447317653397,ok,0,10,8,0.0
chb03,chb03_06.edf,2700.0,2704.0,1.0,0.175,72,0.18642507739616473,ok,0,6,5,0.0
chb03,chb03_06.edf,2700.0,2704.0,1.0,0.175,73,0.6607166923201049,ok,0,10,9,0.0
chb03,chb03_06.edf,2700.0,2704.0,1.0,0.175,74,0.6443582292066723,ok,0,11,10,0.0
chb03,chb03_06.edf,2700.0,2704.0,1.0,0.175,75,1.6701884111809937,ok,0,9,6,0.0
chb03,chb03_06.edf,2700.0,2704.0,1.0,0.175,76,0.22553402254439306,ok,0,12,11,0.0
chb03,chb03_06.edf,2700.0,2704.0,1.0,0.175,77,1.261454559020981,ok,0,10,9,0.0
chb03,chb03_06.edf,2700.0,2704.0,1.0,0.175,78,1.9856992051961986,ok,0,12,11,0.0
chb03,chb03_06.edf,2700.0,2704.0,1.0,0.175,79,0.1609368397508929,ok,0,7,6,0.0
chb03,chb03_06.edf,2700.0,2704.0,1.0,0.175,80,0.9244954663863411,ok,0,10,8,0.0
chb03,chb03_06.edf,2700.0,2704.0,1.0,0.175,81,1.3218647883394035,ok,0,10,8,0.0
chb03,chb03_06.edf,2700.0,2704.0,1.0,0.35,62,0.7416796627763578,ok,0,10,9,0.0
chb03,chb03_06.edf,2700.0,2704.0,1.0,0.35,63,0.16726057798219393,ok,0,8,7,0.0
chb03,chb03_06.edf,2700.0,2704.0,1.0,0.35,64,0.19066012295924756,ok,0,10,9,0.0
chb03,chb03_06.edf,2700.0,2704.0,1.0,0.35,65,0.48620003231413916,ok,0,12,9,0.0
chb03,chb03_06.edf,2700.0,2704.0,1.0,0.35,66,1.3756822323974554,ok,0,13,11,0.0
chb03,chb03_06.edf,2700.0,2704.0,1.0,0.35,67,1.0346292392189875,ok,0,10,9,0.0
chb03,chb03_06.edf,2700.0,2704.0,1.0,0.35,68,1.5176810316646947,ok,0,13,11,0.0
chb03,chb03_06.edf,2700.0,2704.0,1.0,0.35,69,1.174500866722712,ok,0,9,6,0.0
chb03,chb03_06.edf,2700.0,2704.0,1.0,0.35,70,0.955680997982501,ok,0,10,8,0.0
chb03,chb03_06.edf,2700.0,2704.0,1.0,0.35,71,1.7937447317653397,ok,0,10,8,0.0
chb03,chb03_06.edf,2700.0,2704.0,1.0,0.35,72,0.1586900018443984,ok,0,6,5,0.0
chb03,chb03_06.edf,2700.0,2704.0,1.0,0.35,73,0.5522794415056488,ok,0,9,8,0.0
chb03,chb03_06.edf,2700.0,2704.0,1.0,0.35,74,0.6373761215671587,ok,0,11,10,0.0
chb03,chb03_06.edf,2700.0,2704.0,1.0,0.35,75,1.6701884111809937,ok,0,9,6,0.0
chb03,chb03_06.edf,2700.0,2704.0,1.0,0.35,76,0.22652733919178974,ok,0,12,11,0.0
chb03,chb03_06.edf,2700.0,2704.0,1.0,0.35,77,1.261454559020981,ok,0,10,9,0.0
chb03,chb03_06.edf,2700.0,2704.0,1.0,0.35,78,1.9856992051961986,ok,0,12,11,0.0
chb03,chb03_06.edf,2700.0,2704.0,1.0,0.35,79,0.1609368397508929,ok,0,7,6,0.0
chb03,chb03_06.edf,2700.0,2704.0,1.0,0.35,80,0.9244954663863411,ok,0,10,8,0.0
chb03,chb03_06.edf,2700.0,2704.0,1.0,0.35,81,1.3218647883394035,ok,0,10,8,0.0
chb03,chb03_06.edf,2700.0,2704.0,1.0,0.7,62,0.8123366531380267,ok,0,11,10,0.0
chb03,chb03_06.edf,2700.0,2704.0,1.0,0.7,63,0.5921667517275981,ok,0,9,8,0.0
chb03,chb03_06.edf,2700.0,2704.0,1.0,0.7,64,0.1874512077875906,ok,0,10,9,0.0
chb03,chb03_06.edf,2700.0,2704.0,1.0,0.7,65,0.48620003231413916,ok,0,12,9,0.0
chb03,chb03_06.edf,2700.0,2704.0,1.0,0.7,66,1.405290535280621,ok,0,12,10,0.0
chb03,chb03_06.edf,2700.0,2704.0,1.0,0.7,67,0.8595080805742515,ok,0,10,9,0.0
chb03,chb03_06.edf,2700.0,2704.0,1.0,0.7,68,1.4911630044135273,ok,0,12,10,0.0
chb03,chb03_06.edf,2700.0,2704.0,1.0,0.7,69,1.174500866722712,ok,0,9,6,0.0
chb03,chb03_06.edf,2700.0,2704.0,1.0,0.7,70,0.8136135033778563,ok,0,9,8,0.0
chb03,chb03_06.edf,2700.0,2704.0,1.0,0.7,71,1.6463737242568683,ok,0,9,7,0.0
chb03,chb03_06.edf,2700.0,2704.0,1.0,0.7,72,0.23679731128714482,ok,0,6,5,0.0
chb03,chb03_06.edf,2700.0,2704.0,1.0,0.7,73,0.5522794415056488,ok,0,9,8,0.0
chb03,chb03_06.edf,2700.0,2704.0,1.0,0.7,74,0.5545067497199474,ok,0,12,10,0.0
chb03,chb03_06.edf,2700.0,2704.0,1.0,0.7,75,0.6711152423179422,ok,0,9,6,0.0
chb03,chb03_06.edf,2700.0,2704.0,1.0,0.7,76,0.22652733919178974,ok,0,12,11,0.0
chb03,chb03_06.edf,2700.0,2704.0,1.0,0.7,77,1.2333830368384289,ok,0,11,10,0.0
chb03,chb03_06.edf,2700.0,2704.0,1.0,0.7,78,1.9147453216410002,ok,0,12,10,0.0
chb03,chb03_06.edf,2700.0,2704.0,1.0,0.7,79,1.6648465545590965,ok,0,8,7,0.0
chb03,chb03_06.edf,2700.0,2704.0,1.0,0.7,80,0.8836372464876472,ok,0,9,8,0.0
chb03,chb03_06.edf,2700.0,2704.0,1.0,0.7,81,1.3218647883394035,ok,0,10,8,0.0
chb03,chb03_07.edf,904.0,908.0,0.25,0.0,62,0.6171842911523988,ok,0,10,9,0.0
chb03,chb03_07.edf,904.0,908.0,0.25,0.0,63,2.043747370146671,ok,0,9,8,0.0
chb03,chb03_07.edf,904.0,908.0,0.25,0.0,64,0.8756532617719204,ok,0,9,8,0.0
chb03,chb03_07.edf,904.0,908.0,0.25,0.0,65,0.9667718123938864,ok,0,11,10,0.0
chb03,chb03_07.edf,904.0,908.0,0.25,0.0,66,0.3631787913269073,ok,0,11,9,0.0
chb03,chb03_07.edf,904.0,908.0,0.25,0.0,67,0.8092054221906116,ok,0,11,9,0.0
chb03,chb03_07.edf,904.0,908.0,0.25,0.0,68,0.9681035064574081,ok,0,9,8,0.0
chb03,chb03_07.edf,904.0,908.0,0.25,0.0,69,1.241548694349417,ok,0,10,8,0.0
chb03,chb03_07.edf,904.0,908.0,0.25,0.0,70,0.2793983295119334,ok,0,9,8,0.0
chb03,chb03_07.edf,904.0,908.0,0.25,0.0,71,1.5904417843670142,ok,0,12,11,0.0
chb03,chb03_07.edf,904.0,908.0,0.25,0.0,72,0.9990557900479503,ok,0,11,9,0.0
chb03,chb03_07.edf,904.0,908.0,0.25,0.0,73,0.4814093715175572,ok,0,8,7,0.0
chb03,chb03_07.edf,904.0,908.0,0.25,0.0,74,0.6162790697674418,ok,0,11,8,0.0
chb03,chb03_07.edf,904.0,908.0,0.25,0.0,75,0.35394981220923855,ok,0,12,11,0.0
chb03,chb03_07.edf,904.0,908.0,0.25,0.0,76,0.3909772130214703,ok,0,12,11,0.0
chb03,chb03_07.edf,904.0,908.0,0.25,0.0,77,0.9447730595988872,ok,0,6,4,0.0
chb03,chb03_07.edf,904.0,908.0,0.25,0.0,78,1.3483863463099397,ok,0,11,10,0.0
chb03,chb03_07.edf,904.0,908.0,0.25,0.0,79,0.1609368397508929,ok,0,7,6,0.0
chb03,chb03_07.edf,904.0,908.0,0.25,0.0,80,0.1797136108456547,ok,0,12,10,0.0
chb03,chb03_07.edf,904.0,908.0,0.25,0.0,81,1.4033891062507988,ok,0,10,7,0.0
chb03,chb03_07.edf,904.0,908.0,0.25,0.175,62,0.9731071514963526,ok,0,11,9,0.0
chb03,chb03_07.edf,904.0,908.0,0.25,0.175,63,0.20945292038035432,ok,0,9,8,0.0
chb03,chb03_07.edf,904.0,908.0,0.25,0.175,64,0.8756532617719204,ok,0,9,8,0.0
chb03,chb03_07.edf,904.0,908.0,0.25,0.175,65,0.9667718123938864,ok,0,11,10,0.0
chb03,chb03_07.edf,904.0,908.0,0.25,0.175,66,0.3631787913269073,ok,0,11,9,0.0
chb03,chb03_07.edf,904.0,908.0,0.25,0.175,67,0.3632060189526681,ok,0,10,8,0.0
chb03,chb03_07.edf,904.0,908.0,0.25,0.175,68,1.046349240967186,ok,0,10,9,0.0
chb03,chb03_07.edf,904.0,908.0,0.25,0.175,69,1.3021781104089274,ok,0,9,7,0.0
chb03,chb03_07.edf,904.0,908.0,0.25,0.175,70,0.2850088804323723,ok,0,8,7,0.0
chb03,chb03_07.edf,904.0,908.0,0.25,0.175,71,1.5904417843670142,ok,0,12,11,0.0
chb03,chb03_07.edf,904.0,908.0,0.25,0.175,72,0.9990557900479503,ok,0,11,9,0.0
chb03,chb03_07.edf,904.0,908.0,0.25,0.175,73,0.5332931772084676,ok,0,9,8,0.0
chb03,chb03_07.edf,904.0,908.0,0.25,0.175,74,0.5676782562522674,ok,0,12,9,0.0
chb03,chb03_07.edf,904.0,908.0,0.25,0.175,75,0.61100352877444,ok,0,11,10,0.0
chb03,chb03_07.edf,904.0,908.0,0.25,0.175,76,0.7138814258560351,ok,0,8,7,0.0
chb03,chb03_07.edf,904.0,908.0,0.25,0.175,77,0.9447730595988872,ok,0,6,4,0.0
chb03,chb03_07.edf,904.0,908.0,0.25,0.175,78,1.3407604740280588,ok,0,11,10,0.0
chb03,chb03_07.edf,904.0,908.0,0.25,0.175,79,0.1878077787684282,ok,0,7,6,0.0
chb03,chb03_07.edf,904.0,908.0,0.25,0.175,80,0.175793722481424,ok,0,14,12,0.0
chb03,chb03_07.edf,904.0,908.0,0.25,0.175,81,1.3255251167689142,ok,0,10,8,0.0
chb03,chb03_07.edf,904.0,908.0,0.25,0.35,62,1.7598108184112469,ok,0,11,9,0.0
chb03,chb03_07.edf,904.0,908.0,0.25,0.35,63,0.20945292038035432,ok,0,9,8,0.0
chb03,chb03_07.edf,904.0,908.0,0.25,0.35,64,0.8756532617719204,ok,0,9,8,0.0
chb03,chb03_07.edf,904.0,908.0,0.25,0.35,65,1.5039934639535797,ok,0,11,10,0.0
chb03,chb03_07.edf,904.0,908.0,0.25,0.35,66,0.3631787913269073,ok,0,11,9,0.0
chb03,chb03_07.edf,904.0,908.0,0.25,0.35,67,0.3243455798573478,ok,0,9,8,0.0
chb03,chb03_07.edf,904.0,908.0,0.25,0.35,68,1.0726340872569498,ok,0,11,10,0.0
chb03,chb03_07.edf,904.0,908.0,0.25,0.35,69,1.3681975462867721,ok,0,10,8,0.0
chb03,chb03_07.edf,904.0,908.0,0.25,0.35,70,0.27296956278070617,ok,0,7,6,0.0
chb03,chb03_07.edf,904.0,908.0,0.25,0.35,71,1.638694282615287,ok,0,13,12,0.0
chb03,chb03_07.edf,904.0,908.0,0.25,0.35,72,0.8465921568230715,ok,0,10,8,0.0
chb03,chb03_07.edf,904.0,908.0,0.25,0.35,73,0.6241624511218643,ok,0,9,8,0.0
chb03,chb03_07.edf,904.0,908.0,0.25,0.35,74,0.5389518960337527,ok,0,10,7,0.0
chb03,chb03_07.edf,904.0,908.0,0.25,0.35,75,0.480737924719142,ok,0,10,9,0.0
chb03,chb03_07.edf,904.0,908.0,0.25,0.35,76,0.8669800132314991,ok,0,10,8,0.0
chb03,chb03_07.edf,904.0,908.0,0.25,0.35,77,0.9447730595988872,ok,0,6,4,0.0
chb03,chb03_07.edf,904.0,908.0,0.25,0.35,78,1.3398964670083215,ok,0,11,10,0.0
chb03,chb03_07.edf,904.0,908.0,0.25,0.35,79,0.12906557820918113,ok,0,8,6,0.0
chb03,chb03_07.edf,904.0,908.0,0.25,0.35,80,0.5781167585401784,ok,0,11,9,0.0
chb03,chb03_07.edf,904.0,908.0,0.25,0.35,81,1.3255251167689142,ok,0,10,8,0.0
chb03,chb03_07.edf,904.0,908.0,0.25,0.7,62,1.6998035225123536,ok,0,10,9,0.0
chb03,chb03_07.edf,904.0,908.0,0.25,0.7,63,0.2638110129251955,ok,0,9,8,0.0
chb03,chb03_07.edf,904.0,908.0,0.25,0.7,64,0.9465353212006156,ok,0,8,7,0.0
chb03,chb03_07.edf,904.0,908.0,0.25,0.7,65,1.5039934639535797,ok,0,11,10,0.0
chb03,chb03_07.edf,904.0,908.0,0.25,0.7,66,0.15420939431192512,ok,0,9,7,0.0
chb03,chb03_07.edf,904.0,908.0,0.25,0.7,67,0.3716474803631947,ok,0,13,12,0.0
chb03,chb03_07.edf,904.0,908.0,0.25,0.7,68,1.0866616629512569,ok,0,10,9,0.0
chb03,chb03_07.edf,904.0,908.0,0.25,0.7,69,1.2905571965122586,ok,0,10,7,0.0
chb03,chb03_07.edf,904.0,908.0,0.25,0.7,70,0.271910044401085,ok,0,6,5,0.0
chb03,chb03_07.edf,904.0,908.0,0.25,0.7,71,1.638694282615287,ok,0,13,12,0.0
chb03,chb03_07.edf,904.0,908.0,0.25,0.7,72,1.2412557654953467,ok,0,10,8,0.0
chb03,chb03_07.edf,904.0,908.0,0.25,0.7,73,0.6069159457469011,ok,0,10,9,0.0
chb03,chb03_07.edf,904.0,908.0,0.25,0.7,74,0.6476197533905482,ok,0,9,7,0.0
chb03,chb03_07.edf,904.0,908.0,0.25,0.7,75,0.5384617787342895,ok,0,11,10,0.0
chb03,chb03_07.edf,904.0,908.0,0.25,0.7,76,0.2773126614158369,ok,0,10,9,0.0
chb03,chb03_07.edf,904.0,908.0,0.25,0.7,77,0.8472260305815239,ok,0,6,5,0.0
chb03,chb03_07.edf,904.0,908.0,0.25,0.7,78,1.7058076330503646,ok,0,10,8,0.0
chb03,chb03_07.edf,904.0,908.0,0.25,0.7,79,0.4309162223516495,ok,0,10,8,0.0
chb03,chb03_07.edf,904.0,908.0,0.25,0.7,80,0.33191981288019545,ok,0,5,4,0.0
chb03,chb03_07.edf,904.0,908.0,0.25,0.7,81,1.1597493771267526,ok,0,8,7,0.0
chb03,chb03_07.edf,904.0,908.0,0.5,0.0,62,0.5712931377579745,ok,0,12,11,0.0
chb03,chb03_07.edf,904.0,908.0,0.5,0.0,63,0.16726057798219393,ok,0,8,7,0.0
chb03,chb03_07.edf,904.0,908.0,0.5,0.0,64,0.19637001542360058,ok,0,9,8,0.0
chb03,chb03_07.edf,904.0,908.0,0.5,0.0,65,0.546024803519956,ok,0,10,8,0.0
chb03,chb03_07.edf,904.0,908.0,0.5,0.0,66,0.3428004452807938,ok,0,11,9,0.0
chb03,chb03_07.edf,904.0,908.0,0.5,0.0,67,0.9454773281444654,ok,0,7,6,0.0
chb03,chb03_07.edf,904.0,908.0,0.5,0.0,68,1.2291207868644798,ok,0,12,11,0.0
chb03,chb03_07.edf,904.0,908.0,0.5,0.0,69,1.1682562182790923,ok,0,9,7,0.0
chb03,chb03_07.edf,904.0,908.0,0.5,0.0,70,0.5111811702061327,ok,0,14,13,0.0
chb03,chb03_07.edf,904.0,908.0,0.5,0.0,71,1.8179982256514546,ok,0,11,9,0.0
chb03,chb03_07.edf,904.0,908.0,0.5,0.0,72,0.18642507739616473,ok,0,6,5,0.0
chb03,chb03_07.edf,904.0,908.0,0.5,0.0,73,0.6286253346157429,ok,0,10,9,0.0
chb03,chb03_07.edf,904.0,908.0,0.5,0.0,74,0.6476197533905482,ok,0,9,7,0.0
chb03,chb03_07.edf,904.0,908.0,0.5,0.0,75,0.9626906857352386,ok,0,12,10,0.0
chb03,chb03_07.edf,904.0,908.0,0.5,0.0,76,0.48840569686484475,ok,0,10,9,0.0
chb03,chb03_07.edf,904.0,908.0,0.5,0.0,77,1.4397992123948258,ok,0,10,9,0.0
chb03,chb03_07.edf,904.0,908.0,0.5,0.0,78,0.8783739115481473,ok,0,10,9,0.0
chb03,chb03_07.edf,904.0,908.0,0.5,0.0,79,0.6660998123404629,ok,0,8,7,0.0
chb03,chb03_07.edf,904.0,908.0,0.5,0.0,80,0.48943288169382493,ok,0,10,8,0.0
chb03,chb03_07.edf,904.0,908.0,0.5,0.0,81,1.3487816138931745,ok,0,10,9,0.0
chb03,chb03_07.edf,904.0,908.0,0.5,0.175,62,0.5712931377579745,ok,0,12,11,0.0
chb03,chb03_07.edf,904.0,908.0,0.5,0.175,63,0.16726057798219393,ok,0,8,7,0.0
chb03,chb03_07.edf,904.0,908.0,0.5,0.175,64,0.33066737835270793,ok,0,10,9,0.0
chb03,chb03_07.edf,904.0,908.0,0.5,0.175,65,0.546024803519956,ok,0,10,8,0.0
chb03,chb03_07.edf,904.0,908.0,0.5,0.175,66,0.3428004452807938,ok,0,11,9,0.0
chb03,chb03_07.edf,904.0,908.0,0.5,0.175,67,0.9454773281444654,ok,0,7,6,0.0
chb03,chb03_07.edf,904.0,908.0,0.5,0.175,68,1.298487349908119,ok,0,11,10,0.0
chb03,chb03_07.edf,904.0,908.0,0.5,0.175,69,1.3020448419914015,ok,0,9,7,0.0
chb03,chb03_07.edf,904.0,908.0,0.5,0.175,70,0.509154547108042,ok,0,14,13,0.0
chb03,chb03_07.edf,904.0,908.0,0.5,0.175,71,1.8814282450408817,ok,0,11,10,0.0
chb03,chb03_07.edf,904.0,908.0,0.5,0.175,72,0.18642507739616473,ok,0,6,5,0.0
chb03,chb03_07.edf,904.0,908.0,0.5,0.175,73,0.6055742018279381,ok,0,9,8,0.0
chb03,chb03_07.edf,904.0,908.0,0.5,0.175,74,0.5906725215417822,ok,0,10,8,0.0
chb03,chb03_07.edf,904.0,908.0,0.5,0.175,75,0.9626906857352386,ok,0,12,10,0.0
chb03,chb03_07.edf,904.0,908.0,0.5,0.175,76,0.4917726859794421,ok,0,11,10,0.0
chb03,chb03_07.edf,904.0,908.0,0.5,0.175,77,1.487661106245009,ok,0,9,8,0.0
chb03,chb03_07.edf,904.0,908.0,0.5,0.175,78,0.8424382520242342,ok,0,10,9,0.0
chb03,chb03_07.edf,904.0,908.0,0.5,0.175,79,0.669320371720449,ok,0,8,7,0.0
chb03,chb03_07.edf,904.0,908.0,0.5,0.175,80,0.6865578344552838,ok,0,10,8,0.0
chb03,chb03_07.edf,904.0,908.0,0.5,0.175,81,1.3485722789127093,ok,0,10,9,0.0
chb03,chb03_07.edf,904.0,908.0,0.5,0.35,62,0.5712931377579745,ok,0,12,11,0.0
chb03,chb03_07.edf,904.0,908.0,0.5,0.35,63,0.5748948410982928,ok,0,10,9,0.0
chb03,chb03_07.edf,904.0,908.0,0.5,0.35,64,0.2635944817975786,ok,0,10,9,0.0
chb03,chb03_07.edf,904.0,908.0,0.5,0.35,65,0.546024803519956,ok,0,10,8,0.0
chb03,chb03_07.edf,904.0,908.0,0.5,0.35,66,0.3464378370998594,ok,0,10,8,0.0
chb03,chb03_07.edf,904.0,908.0,0.5,0.35,67,0.8377672197615914,ok,0,6,5,0.0
chb03,chb03_07.edf,904.0,908.0,0.5,0.35,68,1.4147498679112749,ok,0,10,9,0.0
chb03,chb03_07.edf,904.0,908.0,0.5,0.35,69,1.1865336541958327,ok,0,9,6,0.0
chb03,chb03_07.edf,904.0,908.0,0.5,0.35,70,0.509154547108042,ok,0,14,13,0.0
chb03,chb03_07.edf,904.0,908.0,0.5,0.35,71,1.8814282450408817,ok,0,11,10,0.0
chb03,chb03_07.edf,904.0,908.0,0.5,0.35,72,0.18642507739616473,ok,0,6,5,0.0
chb03,chb03_07.edf,904.0,908.0,0.5,0.35,73,0.553243068179286,ok,0,8,7,0.0
chb03,chb03_07.edf,904.0,908.0,0.5,0.35,74,0.5906725215417822,ok,0,10,8,0.0
chb03,chb03_07.edf,904.0,908.0,0.5,0.35,75,0.9605316794705087,ok,0,12,10,0.0
chb03,chb03_07.edf,904.0,908.0,0.5,0.35,76,0.49585752748975154,ok,0,11,10,0.0
chb03,chb03_07.edf,904.0,908.0,0.5,0.35,77,1.4882095124675974,ok,0,9,8,0.0
chb03,chb03_07.edf,904.0,908.0,0.5,0.35,78,0.8426604597829634,ok,0,10,9,0.0
chb03,chb03_07.edf,904.0,908.0,0.5,0.35,79,0.669320371720449,ok,0,8,7,0.0
chb03,chb03_07.edf,904.0,908.0,0.5,0.35,80,0.864991424825118,ok,0,9,7,0.0
chb03,chb03_07.edf,904.0,908.0,0.5,0.35,81,1.2717281243691743,ok,0,11,10,0.0
chb03,chb03_07.edf,904.0,908.0,0.5,0.7,62,0.6654994536836131,ok,0,11,10,0.0
chb03,chb03_07.edf,904.0,908.0,0.5,0.7,63,0.6210495046003822,ok,0,10,9,0.0
chb03,chb03_07.edf,904.0,908.0,0.5,0.7,64,0.4754326850379017,ok,0,9,8,0.0
chb03,chb03_07.edf,904.0,908.0,0.5,0.7,65,0.546024803519956,ok,0,10,8,0.0
chb03,chb03_07.edf,904.0,908.0,0.5,0.7,66,0.33855126761504584,ok,0,9,8,0.0
chb03,chb03_07.edf,904.0,908.0,0.5,0.7,67,0.9343185937699157,ok,0,7,6,0.0
chb03,chb03_07.edf,904.0,908.0,0.5,0.7,68,1.3095330959939022,ok,0,11,10,0.0
chb03,chb03_07.edf,904.0,908.0,0.5,0.7,69,1.2874831637072623,ok,0,10,7,0.0
chb03,chb03_07.edf,904.0,908.0,0.5,0.7,70,0.5041044622452359,ok,0,13,12,0.0
chb03,chb03_07.edf,904.0,908.0,0.5,0.7,71,1.6149460009452228,ok,0,12,11,0.0
chb03,chb03_07.edf,904.0,908.0,0.5,0.7,72,1.6256482318883327,ok,0,7,6,0.0
chb03,chb03_07.edf,904.0,908.0,0.5,0.7,73,0.6324072620607141,ok,0,9,8,0.0
chb03,chb03_07.edf,904.0,908.0,0.5,0.7,74,0.679518065785539,ok,0,9,8,0.0
chb03,chb03_07.edf,904.0,908.0,0.5,0.7,75,0.9984027035607969,ok,0,10,8,0.0
chb03,chb03_07.edf,904.0,908.0,0.5,0.7,76,0.22652733919178974,ok,0,12,11,0.0
chb03,chb03_07.edf,904.0,908.0,0.5,0.7,77,1.4882095124675974,ok,0,9,8,0.0
chb03,chb03_07.edf,904.0,908.0,0.5,0.7,78,0.7737418704613951,ok,0,9,8,0.0
chb03,chb03_07.edf,904.0,908.0,0.5,0.7,79,0.7543533889617581,ok,0,9,7,0.0
chb03,chb03_07.edf,904.0,908.0,0.5,0.7,80,0.7925840543398626,ok,0,6,5,0.0
chb03,chb03_07.edf,904.0,908.0,0.5,0.7,81,1.3497833023372876,ok,0,11,10,0.0
chb03,chb03_07.edf,904.0,908.0,1.0,0.0,62,0.7743914046997703,ok,0,11,10,0.0
chb03,chb03_07.edf,904.0,908.0,1.0,0.0,63,0.21488489744161204,ok,0,8,7,0.0
chb03,chb03_07.edf,904.0,908.0,1.0,0.0,64,0.17192047651837583,ok,0,10,9,0.0
chb03,chb03_07.edf,904.0,908.0,1.0,0.0,65,0.48620003231413916,ok,0,12,9,0.0
chb03,chb03_07.edf,904.0,908.0,1.0,0.0,66,1.3756822323974554,ok,0,13,11,0.0
chb03,chb03_07.edf,904.0,908.0,1.0,0.0,67,1.0067830609804835,ok,0,9,8,0.0
chb03,chb03_07.edf,904.0,908.0,1.0,0.0,68,1.5176810316646947,ok,0,13,11,0.0
chb03,chb03_07.edf,904.0,908.0,1.0,0.0,69,1.0610836315798138,ok,0,8,5,0.0
chb03,chb03_07.edf,904.0,908.0,1.0,0.0,70,0.981919803246944,ok,0,12,11,0.0
chb03,chb03_07.edf,904.0,908.0,1.0,0.0,71,1.7937447317653397,ok,0,10,8,0.0
chb03,chb03_07.edf,904.0,908.0,1.0,0.0,72,0.18642507739616473,ok,0,6,5,0.0
chb03,chb03_07.edf,904.0,908.0,1.0,0.0,73,0.5987516059102022,ok,0,9,8,0.0
chb03,chb03_07.edf,904.0,908.0,1.0,0.0,74,0.6443582292066723,ok,0,11,10,0.0
chb03,chb03_07.edf,904.0,908.0,1.0,0.0,75,1.65888681246551,ok,0,10,7,0.0
chb03,chb03_07.edf,904.0,908.0,1.0,0.0,76,0.22553402254439306,ok,0,12,11,0.0
chb03,chb03_07.edf,904.0,908.0,1.0,0.0,77,1.261454559020981,ok,0,10,9,0.0
chb03,chb03_07.edf,904.0,908.0,1.0,0.0,78,1.9856992051961986,ok,0,12,11,0.0
chb03,chb03_07.edf,904.0,908.0,1.0,0.0,79,0.1609368397508929,ok,0,7,6,0.0
chb03,chb03_07.edf,904.0,908.0,1.0,0.0,80,0.8375512923759941,ok,0,11,9,0.0
chb03,chb03_07.edf,904.0,908.0,1.0,0.0,81,1.3218647883394035,ok,0,10,8,0.0
chb03,chb03_07.edf,904.0,908.0,1.0,0.175,62,0.7743914046997703,ok,0,11,10,0.0
chb03,chb03_07.edf,904.0,908.0,1.0,0.175,63,0.2173990092096237,ok,0,9,8,0.0
chb03,chb03_07.edf,904.0,908.0,1.0,0.175,64,0.17192047651837583,ok,0,10,9,0.0
chb03,chb03_07.edf,904.0,908.0,1.0,0.175,65,0.48620003231413916,ok,0,12,9,0.0
chb03,chb03_07.edf,904.0,908.0,1.0,0.175,66,1.3756822323974554,ok,0,13,11,0.0
chb03,chb03_07.edf,904.0,908.0,1.0,0.175,67,1.0067830609804835,ok,0,9,8,0.0
chb03,chb03_07.edf,904.0,908.0,1.0,0.175,68,1.4166560579148733,ok,0,12,10,0.0
chb03,chb03_07.edf,904.0,908.0,1.0,0.175,69,1.0610836315798138,ok,0,8,5,0.0
chb03,chb03_07.edf,904.0,908.0,1.0,0.175,70,0.9179431296367879,ok,0,11,10,0.0
chb03,chb03_07.edf,904.0,908.0,1.0,0.175,71,1.7937447317653397,ok,0,10,8,0.0
chb03,chb03_07.edf,904.0,908.0,1.0,0.175,72,0.18642507739616473,ok,0,6,5,0.0
chb03,chb03_07.edf,904.0,908.0,1.0,0.175,73,0.5823203888824564,ok,0,8,7,0.0
chb03,chb03_07.edf,904.0,908.0,1.0,0.175,74,0.6443582292066723,ok,0,11,10,0.0
chb03,chb03_07.edf,904.0,908.0,1.0,0.175,75,1.6701884111809937,ok,0,9,6,0.0
chb03,chb03_07.edf,904.0,908.0,1.0,0.175,76,0.22553402254439306,ok,0,12,11,0.0
chb03,chb03_07.edf,904.0,908.0,1.0,0.175,77,1.261454559020981,ok,0,10,9,0.0
chb03,chb03_07.edf,904.0,908.0,1.0,0.175,78,2.0008167178077203,ok,0,11,10,0.0
chb03,chb03_07.edf,904.0,908.0,1.0,0.175,79,0.1878077787684282,ok,0,7,6,0.0
chb03,chb03_07.edf,904.0,908.0,1.0,0.175,80,0.8460001481744026,ok,0,12,10,0.0
chb03,chb03_07.edf,904.0,908.0,1.0,0.175,81,1.3218647883394035,ok,0,10,8,0.0
chb03,chb03_07.edf,904.0,908.0,1.0,0.35,62,0.7743914046997703,ok,0,11,10,0.0
chb03,chb03_07.edf,904.0,908.0,1.0,0.35,63,0.2173990092096237,ok,0,9,8,0.0
chb03,chb03_07.edf,904.0,908.0,1.0,0.35,64,0.17599259780918877,ok,0,10,8,0.0
chb03,chb03_07.edf,904.0,908.0,1.0,0.35,65,0.49292157435773215,ok,0,12,10,0.0
chb03,chb03_07.edf,904.0,908.0,1.0,0.35,66,1.3756822323974554,ok,0,13,11,0.0
chb03,chb03_07.edf,904.0,908.0,1.0,0.35,67,1.0346292392189875,ok,0,10,9,0.0
chb03,chb03_07.edf,904.0,908.0,1.0,0.35,68,0.4749170925663271,ok,0,11,9,0.0
chb03,chb03_07.edf,904.0,908.0,1.0,0.35,69,1.0610836315798138,ok,0,8,5,0.0
chb03,chb03_07.edf,904.0,908.0,1.0,0.35,70,1.3726632659495912,ok,0,10,9,0.0
chb03,chb03_07.edf,904.0,908.0,1.0,0.35,71,1.7937447317653397,ok,0,10,8,0.0
chb03,chb03_07.edf,904.0,908.0,1.0,0.35,72,0.18642507739616473,ok,0,6,5,0.0
chb03,chb03_07.edf,904.0,908.0,1.0,0.35,73,0.5823203888824564,ok,0,8,7,0.0
chb03,chb03_07.edf,904.0,908.0,1.0,0.35,74,0.6440110737677656,ok,0,11,10,0.0
chb03,chb03_07.edf,904.0,908.0,1.0,0.35,75,0.2601478788641387,ok,0,7,5,0.0
chb03,chb03_07.edf,904.0,908.0,1.0,0.35,76,0.21554187051388352,ok,0,13,12,0.0
chb03,chb03_07.edf,904.0,908.0,1.0,0.35,77,1.261454559020981,ok,0,10,9,0.0
chb03,chb03_07.edf,904.0,908.0,1.0,0.35,78,2.0008167178077203,ok,0,11,10,0.0
chb03,chb03_07.edf,904.0,908.0,1.0,0.35,79,0.1878077787684282,ok,0,7,6,0.0
chb03,chb03_07.edf,904.0,908.0,1.0,0.35,80,0.8460001481744026,ok,0,12,10,0.0
chb03,chb03_07.edf,904.0,908.0,1.0,0.35,81,1.3949521781254495,ok,0,9,8,0.0
chb03,chb03_07.edf,904.0,908.0,1.0,0.7,62,0.7235284167972417,ok,0,11,9,0.0
chb03,chb03_07.edf,904.0,908.0,1.0,0.7,63,0.22435705695529193,ok,0,10,9,0.0
chb03,chb03_07.edf,904.0,908.0,1.0,0.7,64,0.24211462901500436,ok,0,10,8,0.0
chb03,chb03_07.edf,904.0,908.0,1.0,0.7,65,0.49542366355877077,ok,0,12,10,0.0
chb03,chb03_07.edf,904.0,908.0,1.0,0.7,66,1.4451262207602147,ok,0,12,10,0.0
chb03,chb03_07.edf,904.0,908.0,1.0,0.7,67,1.0642984661700254,ok,0,10,9,0.0
chb03,chb03_07.edf,904.0,908.0,1.0,0.7,68,0.4749170925663271,ok,0,11,9,0.0
chb03,chb03_07.edf,904.0,908.0,1.0,0.7,69,1.1459909039619782,ok,0,9,6,0.0
chb03,chb03_07.edf,904.0,908.0,1.0,0.7,70,1.1683369149283336,ok,0,9,7,0.0
chb03,chb03_07.edf,904.0,908.0,1.0,0.7,71,1.7937447317653397,ok,0,10,8,0.0
chb03,chb03_07.edf,904.0,908.0,1.0,0.7,72,0.18642507739616473,ok,0,6,5,0.0
chb03,chb03_07.edf,904.0,908.0,1.0,0.7,73,0.6705387751805706,ok,0,9,8,0.0
chb03,chb03_07.edf,904.0,908.0,1.0,0.7,74,0.6617892325239175,ok,0,12,11,0.0
chb03,chb03_07.edf,904.0,908.0,1.0,0.7,75,0.11134353376110565,ok,0,10,7,0.0
chb03,chb03_07.edf,904.0,908.0,1.0,0.7,76,0.5959022533363755,ok,0,15,14,0.0
chb03,chb03_07.edf,904.0,908.0,1.0,0.7,77,1.261454559020981,ok,0,10,9,0.0
chb03,chb03_07.edf,904.0,908.0,1.0,0.7,78,2.0423488854055787,ok,0,11,10,0.0
chb03,chb03_07.edf,904.0,908.0,1.0,0.7,79,0.09712900388081638,ok,0,8,6,0.0
chb03,chb03_07.edf,904.0,908.0,1.0,0.7,80,0.8460001481744026,ok,0,13,10,0.0
chb03,chb03_07.edf,904.0,908.0,1.0,0.7,81,1.3949521781254495,ok,0,9,8,0.0
chb03,chb03_07.edf,2700.0,2704.0,0.25,0.0,62,0.6171842911523988,ok,0,10,9,0.0
chb03,chb03_07.edf,2700.0,2704.0,0.25,0.0,63,2.043747370146671,ok,0,9,8,0.0
chb03,chb03_07.edf,2700.0,2704.0,0.25,0.0,64,0.8756532617719204,ok,0,9,8,0.0
chb03,chb03_07.edf,2700.0,2704.0,0.25,0.0,65,0.9667718123938864,ok,0,11,10,0.0
chb03,chb03_07.edf,2700.0,2704.0,0.25,0.0,66,0.3631787913269073,ok,0,11,9,0.0
chb03,chb03_07.edf,2700.0,2704.0,0.25,0.0,67,0.8092054221906116,ok,0,11,9,0.0
chb03,chb03_07.edf,2700.0,2704.0,0.25,0.0,68,0.9681035064574081,ok,0,9,8,0.0
chb03,chb03_07.edf,2700.0,2704.0,0.25,0.0,69,1.241548694349417,ok,0,10,8,0.0
chb03,chb03_07.edf,2700.0,2704.0,0.25,0.0,70,0.2793983295119334,ok,0,9,8,0.0
chb03,chb03_07.edf,2700.0,2704.0,0.25,0.0,71,1.5904417843670142,ok,0,12,11,0.0
chb03,chb03_07.edf,2700.0,2704.0,0.25,0.0,72,0.9990557900479503,ok,0,11,9,0.0
chb03,chb03_07.edf,2700.0,2704.0,0.25,0.0,73,0.4814093715175572,ok,0,8,7,0.0
chb03,chb03_07.edf,2700.0,2704.0,0.25,0.0,74,0.6162790697674418,ok,0,11,8,0.0
chb03,chb03_07.edf,2700.0,2704.0,0.25,0.0,75,0.35394981220923855,ok,0,12,11,0.0
chb03,chb03_07.edf,2700.0,2704.0,0.25,0.0,76,0.3909772130214703,ok,0,12,11,0.0
chb03,chb03_07.edf,2700.0,2704.0,0.25,0.0,77,0.9447730595988872,ok,0,6,4,0.0
chb03,chb03_07.edf,2700.0,2704.0,0.25,0.0,78,1.3483863463099397,ok,0,11,10,0.0
chb03,chb03_07.edf,2700.0,2704.0,0.25,0.0,79,0.1609368397508929,ok,0,7,6,0.0
chb03,chb03_07.edf,2700.0,2704.0,0.25,0.0,80,0.1797136108456547,ok,0,12,10,0.0
chb03,chb03_07.edf,2700.0,2704.0,0.25,0.0,81,1.4033891062507988,ok,0,10,7,0.0
chb03,chb03_07.edf,2700.0,2704.0,0.25,0.175,62,0.6216716487633867,ok,0,12,10,0.0
chb03,chb03_07.edf,2700.0,2704.0,0.25,0.175,63,0.227675812532863,ok,0,9,8,0.0
chb03,chb03_07.edf,2700.0,2704.0,0.25,0.175,64,0.8756532617719204,ok,0,9,8,0.0
chb03,chb03_07.edf,2700.0,2704.0,0.25,0.175,65,0.9778806893064224,ok,0,12,10,0.0
chb03,chb03_07.edf,2700.0,2704.0,0.25,0.175,66,0.3428004452807938,ok,0,11,9,0.0
chb03,chb03_07.edf,2700.0,2704.0,0.25,0.175,67,0.2617973204672759,ok,0,9,8,0.0
chb03,chb03_07.edf,2700.0,2704.0,0.25,0.175,68,0.9681035064574081,ok,0,9,8,0.0
chb03,chb03_07.edf,2700.0,2704.0,0.25,0.175,69,1.2744508647722061,ok,0,11,9,0.0
chb03,chb03_07.edf,2700.0,2704.0,0.25,0.175,70,0.2793983295119334,ok,0,9,8,0.0
chb03,chb03_07.edf,2700.0,2704.0,0.25,0.175,71,1.5904417843670142,ok,0,12,11,0.0
chb03,chb03_07.edf,2700.0,2704.0,0.25,0.175,72,0.9990557900479503,ok,0,11,9,0.0
chb03,chb03_07.edf,2700.0,2704.0,0.25,0.175,73,0.7168408806561023,ok,0,8,7,0.0
chb03,chb03_07.edf,2700.0,2704.0,0.25,0.175,74,0.5676782562522674,ok,0,12,9,0.0
chb03,chb03_07.edf,2700.0,2704.0,0.25,0.175,75,0.3191220844546496,ok,0,11,10,0.0
chb03,chb03_07.edf,2700.0,2704.0,0.25,0.175,76,0.9964108069984473,ok,0,12,10,0.0
chb03,chb03_07.edf,2700.0,2704.0,0.25,0.175,77,0.9447730595988872,ok,0,6,4,0.0
chb03,chb03_07.edf,2700.0,2704.0,0.25,0.175,78,1.3475272288530968,ok,0,11,10,0.0
chb03,chb03_07.edf,2700.0,2704.0,0.25,0.175,79,0.1609368397508929,ok,0,7,6,0.0
chb03,chb03_07.edf,2700.0,2704.0,0.25,0.175,80,0.1553054214720489,ok,0,12,11,0.0
chb03,chb03_07.edf,2700.0,2704.0,0.25,0.175,81,1.3275084767181569,ok,0,9,8,0.0
chb03,chb03_07.edf,2700.0,2704.0,0.25,0.35,62,0.573259042235315,ok,0,11,9,0.0
chb03,chb03_07.edf,2700.0,2704.0,0.25,0.35,63,0.227675812532863,ok,0,9,8,0.0
chb03,chb03_07.edf,2700.0,2704.0,0.25,0.35,64,0.9207203457969749,ok,0,9,8,0.0
chb03,chb03_07.edf,2700.0,2704.0,0.25,0.35,65,0.9984154721741337,ok,0,13,11,0.0
chb03,chb03_07.edf,2700.0,2704.0,0.25,0.35,66,0.3428004452807938,ok,0,11,9,0.0
chb03,chb03_07.edf,2700.0,2704.0,0.25,0.35,67,0.2617973204672759,ok,0,9,8,0.0
chb03,chb03_07.edf,2700.0,2704.0,0.25,0.35,68,0.9681035064574081,ok,0,9,8,0.0
chb03,chb03_07.edf,2700.0,2704.0,0.25,0.35,69,1.2744508647722061,ok,0,11,9,0.0
chb03,chb03_07.edf,2700.0,2704.0,0.25,0.35,70,0.2793983295119334,ok,0,9,8,0.0
chb03,chb03_07.edf,2700.0,2704.0,0.25,0.35,71,1.2961959727790466,ok,0,13,12,0.0
chb03,chb03_07.edf,2700.0,2704.0,0.25,0.35,72,0.9990557900479503,ok,0,11,9,0.0
chb03,chb03_07.edf,2700.0,2704.0,0.25,0.35,73,0.5920022950117377,ok,0,9,6,0.0
chb03,chb03_07.edf,2700.0,2704.0,0.25,0.35,74,0.4460235627023066,ok,0,11,9,0.0
chb03,chb03_07.edf,2700.0,2704.0,0.25,0.35,75,0.3097564268334399,ok,0,12,11,0.0
chb03,chb03_07.edf,2700.0,2704.0,0.25,0.35,76,0.34489992451269424,ok,0,7,6,0.0
chb03,chb03_07.edf,2700.0,2704.0,0.25,0.35,77,0.7204219413681691,ok,0,7,6,0.0
chb03,chb03_07.edf,2700.0,2704.0,0.25,0.35,78,1.3010646421373222,ok,0,11,9,0.0
chb03,chb03_07.edf,2700.0,2704.0,0.25,0.35,79,0.1609368397508929,ok,0,7,6,0.0
chb03,chb03_07.edf,2700.0,2704.0,0.25,0.35,80,0.1687039599108696,ok,0,13,11,0.0
chb03,chb03_07.edf,2700.0,2704.0,0.25,0.35,81,1.3275084767181569,ok,0,9,8,0.0
chb03,chb03_07.edf,2700.0,2704.0,0.25,0.7,62,0.468937218817687,ok,0,12,10,0.0
chb03,chb03_07.edf,2700.0,2704.0,0.25,0.7,63,0.20805116380691183,ok,0,8,7,0.0
chb03,chb03_07.edf,2700.0,2704.0,0.25,0.7,64,1.010188491543887,ok,0,8,7,0.0
chb03,chb03_07.edf,2700.0,2704.0,0.25,0.7,65,1.578770156645079,ok,0,12,10,0.0
chb03,chb03_07.edf,2700.0,2704.0,0.25,0.7,66,0.3482913940735138,ok,0,11,9,0.0
chb03,chb03_07.edf,2700.0,2704.0,0.25,0.7,67,0.2654173087216414,ok,0,9,8,0.0
chb03,chb03_07.edf,2700.0,2704.0,0.25,0.7,68,0.9932790393938091,ok,0,10,9,0.0
chb03,chb03_07.edf,2700.0,2704.0,0.25,0.7,69,1.0810677707475587,ok,0,13,10,0.0
chb03,chb03_07.edf,2700.0,2704.0,0.25,0.7,70,0.2477142646578784,ok,0,9,8,0.0
chb03,chb03_07.edf,2700.0,2704.0,0.25,0.7,71,1.2610432064402697,ok,0,13,12,0.0
chb03,chb03_07.edf,2700.0,2704.0,0.25,0.7,72,0.9784307722196368,ok,0,11,10,0.0
chb03,chb03_07.edf,2700.0,2704.0,0.25,0.7,73,0.5367383140334583,ok,0,10,7,0.0
chb03,chb03_07.edf,2700.0,2704.0,0.25,0.7,74,0.3321848922399475,ok,0,12,10,0.0
chb03,chb03_07.edf,2700.0,2704.0,0.25,0.7,75,0.3097564268334399,ok,0,12,11,0.0
chb03,chb03_07.edf,2700.0,2704.0,0.25,0.7,76,0.7707118902926174,ok,0,10,9,0.0
chb03,chb03_07.edf,2700.0,2704.0,0.25,0.7,77,0.7204219413681691,ok,0,7,6,0.0
chb03,chb03_07.edf,2700.0,2704.0,0.25,0.7,78,1.340167379361531,ok,0,11,9,0.0
chb03,chb03_07.edf,2700.0,2704.0,0.25,0.7,79,0.1568870781527907,ok,0,8,5,0.0
chb03,chb03_07.edf,2700.0,2704.0,0.25,0.7,80,0.5872941650011899,ok,0,11,9,0.0
chb03,chb03_07.edf,2700.0,2704.0,0.25,0.7,81,1.1835512950814442,ok,0,10,9,0.0
chb03,chb03_07.edf,2700.0,2704.0,0.5,0.0,62,0.5712931377579745,ok,0,12,11,0.0
chb03,chb03_07.edf,2700.0,2704.0,0.5,0.0,63,0.16726057798219393,ok,0,8,7,0.0
chb03,chb03_07.edf,2700.0,2704.0,0.5,0.0,64,0.19637001542360058,ok,0,9,8,0.0
chb03,chb03_07.edf,2700.0,2704.0,0.5,0.0,65,0.546024803519956,ok,0,10,8,0.0
chb03,chb03_07.edf,2700.0,2704.0,0.5,0.0,66,0.3428004452807938,ok,0,11,9,0.0
chb03,chb03_07.edf,2700.0,2704.0,0.5,0.0,67,0.9454773281444654,ok,0,7,6,0.0
chb03,chb03_07.edf,2700.0,2704.0,0.5,0.0,68,1.2291207868644798,ok,0,12,11,0.0
chb03,chb03_07.edf,2700.0,2704.0,0.5,0.0,69,1.1682562182790923,ok,0,9,7,0.0
chb03,chb03_07.edf,2700.0,2704.0,0.5,0.0,70,0.5111811702061327,ok,0,14,13,0.0
chb03,chb03_07.edf,2700.0,2704.0,0.5,0.0,71,1.8179982256514546,ok,0,11,9,0.0
chb03,chb03_07.edf,2700.0,2704.0,0.5,0.0,72,0.18642507739616473,ok,0,6,5,0.0
chb03,chb03_07.edf,2700.0,2704.0,0.5,0.0,73,0.6286253346157429,ok,0,10,9,0.0
chb03,chb03_07.edf,2700.0,2704.0,0.5,0.0,74,0.6476197533905482,ok,0,9,7,0.0
chb03,chb03_07.edf,2700.0,2704.0,0.5,0.0,75,0.9626906857352386,ok,0,12,10,0.0
chb03,chb03_07.edf,2700.0,2704.0,0.5,0.0,76,0.48840569686484475,ok,0,10,9,0.0
chb03,chb03_07.edf,2700.0,2704.0,0.5,0.0,77,1.4397992123948258,ok,0,10,9,0.0
chb03,chb03_07.edf,2700.0,2704.0,0.5,0.0,78,0.8783739115481473,ok,0,10,9,0.0
chb03,chb03_07.edf,2700.0,2704.0,0.5,0.0,79,0.6660998123404629,ok,0,8,7,0.0
chb03,chb03_07.edf,2700.0,2704.0,0.5,0.0,80,0.48943288169382493,ok,0,10,8,0.0
chb03,chb03_07.edf,2700.0,2704.0,0.5,0.0,81,1.3487816138931745,ok,0,10,9,0.0
chb03,chb03_07.edf,2700.0,2704.0,0.5,0.175,62,0.5712931377579745,ok,0,12,11,0.0
chb03,chb03_07.edf,2700.0,2704.0,0.5,0.175,63,0.16726057798219393,ok,0,8,7,0.0
chb03,chb03_07.edf,2700.0,2704.0,0.5,0.175,64,0.33066737835270793,ok,0,10,9,0.0
chb03,chb03_07.edf,2700.0,2704.0,0.5,0.175,65,0.546024803519956,ok,0,10,8,0.0
chb03,chb03_07.edf,2700.0,2704.0,0.5,0.175,66,0.3428004452807938,ok,0,11,9,0.0
chb03,chb03_07.edf,2700.0,2704.0,0.5,0.175,67,0.9454773281444654,ok,0,7,6,0.0
chb03,chb03_07.edf,2700.0,2704.0,0.5,0.175,68,1.2563716415680837,ok,0,11,10,0.0
chb03,chb03_07.edf,2700.0,2704.0,0.5,0.175,69,1.1682562182790923,ok,0,9,7,0.0
chb03,chb03_07.edf,2700.0,2704.0,0.5,0.175,70,0.4986726691485846,ok,0,14,13,0.0
chb03,chb03_07.edf,2700.0,2704.0,0.5,0.175,71,1.8814282450408817,ok,0,11,10,0.0
chb03,chb03_07.edf,2700.0,2704.0,0.5,0.175,72,0.18642507739616473,ok,0,6,5,0.0
chb03,chb03_07.edf,2700.0,2704.0,0.5,0.175,73,0.6804371095269275,ok,0,11,10,0.0
chb03,chb03_07.edf,2700.0,2704.0,0.5,0.175,74,0.6476197533905482,ok,0,9,7,0.0
chb03,chb03_07.edf,2700.0,2704.0,0.5,0.175,75,0.9605316794705087,ok,0,12,10,0.0
chb03,chb03_07.edf,2700.0,2704.0,0.5,0.175,76,0.4917726859794421,ok,0,11,10,0.0
chb03,chb03_07.edf,2700.0,2704.0,0.5,0.175,77,1.487661106245009,ok,0,9,8,0.0
chb03,chb03_07.edf,2700.0,2704.0,0.5,0.175,78,0.842869542983464,ok,0,10,9,0.0
chb03,chb03_07.edf,2700.0,2704.0,0.5,0.175,79,0.6660998123404629,ok,0,8,7,0.0
chb03,chb03_07.edf,2700.0,2704.0,0.5,0.175,80,0.7001723173641382,ok,0,11,9,0.0
chb03,chb03_07.edf,2700.0,2704.0,0.5,0.175,81,1.3487816138931745,ok,0,10,9,0.0
chb03,chb03_07.edf,2700.0,2704.0,0.5,0.35,62,0.5712931377579745,ok,0,12,11,0.0
chb03,chb03_07.edf,2700.0,2704.0,0.5,0.35,63,0.15845733372292342,ok,0,8,7,0.0
chb03,chb03_07.edf,2700.0,2704.0,0.5,0.35,64,0.33066737835270793,ok,0,10,9,0.0
chb03,chb03_07.edf,2700.0,2704.0,0.5,0.35,65,0.546024803519956,ok,0,10,8,0.0
chb03,chb03_07.edf,2700.0,2704.0,0.5,0.35,66,0.3428004452807938,ok,0,11,9,0.0
chb03,chb03_07.edf,2700.0,2704.0,0.5,0.35,67,0.9690278498225029,ok,0,7,6,0.0
chb03,chb03_07.edf,2700.0,2704.0,0.5,0.35,68,1.3068990374091283,ok,0,8,7,0.0
chb03,chb03_07.edf,2700.0,2704.0,0.5,0.35,69,1.2692218981586951,ok,0,11,9,0.0
chb03,chb03_07.edf,2700.0,2704.0,0.5,0.35,70,0.4986726691485846,ok,0,14,13,0.0
chb03,chb03_07.edf,2700.0,2704.0,0.5,0.35,71,1.8812699685084886,ok,0,11,10,0.0
chb03,chb03_07.edf,2700.0,2704.0,0.5,0.35,72,1.113586324673465,ok,0,7,6,0.0
chb03,chb03_07.edf,2700.0,2704.0,0.5,0.35,73,0.6775206617240627,ok,0,10,9,0.0
chb03,chb03_07.edf,2700.0,2704.0,0.5,0.35,74,0.6246633920475814,ok,0,9,7,0.0
chb03,chb03_07.edf,2700.0,2704.0,0.5,0.35,75,0.880760204631365,ok,0,11,9,0.0
chb03,chb03_07.edf,2700.0,2704.0,0.5,0.35,76,0.4938653975440172,ok,0,11,10,0.0
chb03,chb03_07.edf,2700.0,2704.0,0.5,0.35,77,1.487661106245009,ok,0,9,8,0.0
chb03,chb03_07.edf,2700.0,2704.0,0.5,0.35,78,0.8340545397213711,ok,0,10,8,0.0
chb03,chb03_07.edf,2700.0,2704.0,0.5,0.35,79,0.6660998123404629,ok,0,8,7,0.0
chb03,chb03_07.edf,2700.0,2704.0,0.5,0.35,80,0.9244954663863411,ok,0,10,8,0.0
chb03,chb03_07.edf,2700.0,2704.0,0.5,0.35,81,1.2719747685324416,ok,0,11,10,0.0
chb03,chb03_07.edf,2700.0,2704.0,0.5,0.7,62,0.6252918545195565,ok,0,13,12,0.0
chb03,chb03_07.edf,2700.0,2704.0,0.5,0.7,63,0.7804842411750034,ok,0,9,8,0.0
chb03,chb03_07.edf,2700.0,2704.0,0.5,0.7,64,0.33066737835270793,ok,0,10,9,0.0
chb03,chb03_07.edf,2700.0,2704.0,0.5,0.7,65,0.6996169469027036,ok,0,9,7,0.0
chb03,chb03_07.edf,2700.0,2704.0,0.5,0.7,66,0.3428004452807938,ok,0,11,9,0.0
chb03,chb03_07.edf,2700.0,2704.0,0.5,0.7,67,0.8567227532480062,ok,0,8,7,0.0
chb03,chb03_07.edf,2700.0,2704.0,0.5,0.7,68,0.44128980777047916,ok,0,9,8,0.0
chb03,chb03_07.edf,2700.0,2704.0,0.5,0.7,69,1.0873452076959726,ok,0,12,10,0.0
chb03,chb03_07.edf,2700.0,2704.0,0.5,0.7,70,0.5603941468249707,ok,0,13,12,0.0
chb03,chb03_07.edf,2700.0,2704.0,0.5,0.7,71,1.3483388571364994,ok,0,10,9,0.0
chb03,chb03_07.edf,2700.0,2704.0,0.5,0.7,72,1.113586324673465,ok,0,7,6,0.0
chb03,chb03_07.edf,2700.0,2704.0,0.5,0.7,73,0.6775206617240627,ok,0,10,9,0.0
chb03,chb03_07.edf,2700.0,2704.0,0.5,0.7,74,0.5696862248311099,ok,0,10,8,0.0
chb03,chb03_07.edf,2700.0,2704.0,0.5,0.7,75,0.733680655453237,ok,0,11,10,0.0
chb03,chb03_07.edf,2700.0,2704.0,0.5,0.7,76,0.4992107143573985,ok,0,11,10,0.0
chb03,chb03_07.edf,2700.0,2704.0,0.5,0.7,77,1.487661106245009,ok,0,9,8,0.0
chb03,chb03_07.edf,2700.0,2704.0,0.5,0.7,78,0.8340545397213711,ok,0,10,8,0.0
chb03,chb03_07.edf,2700.0,2704.0,0.5,0.7,79,0.754250604692566,ok,0,9,6,0.0
chb03,chb03_07.edf,2700.0,2704.0,0.5,0.7,80,0.9226330389069755,ok,0,10,8,0.0
chb03,chb03_07.edf,2700.0,2704.0,0.5,0.7,81,1.2686487535315956,ok,0,11,10,0.0
chb03,chb03_07.edf,2700.0,2704.0,1.0,0.0,62,0.7743914046997703,ok,0,11,10,0.0
chb03,chb03_07.edf,2700.0,2704.0,1.0,0.0,63,0.21488489744161204,ok,0,8,7,0.0
chb03,chb03_07.edf,2700.0,2704.0,1.0,0.0,64,0.17192047651837583,ok,0,10,9,0.0
chb03,chb03_07.edf,2700.0,2704.0,1.0,0.0,65,0.48620003231413916,ok,0,12,9,0.0
chb03,chb03_07.edf,2700.0,2704.0,1.0,0.0,66,1.3756822323974554,ok,0,13,11,0.0
chb03,chb03_07.edf,2700.0,2704.0,1.0,0.0,67,1.0067830609804835,ok,0,9,8,0.0
chb03,chb03_07.edf,2700.0,2704.0,1.0,0.0,68,1.5176810316646947,ok,0,13,11,0.0
chb03,chb03_07.edf,2700.0,2704.0,1.0,0.0,69,1.0610836315798138,ok,0,8,5,0.0
chb03,chb03_07.edf,2700.0,2704.0,1.0,0.0,70,0.981919803246944,ok,0,12,11,0.0
chb03,chb03_07.edf,2700.0,2704.0,1.0,0.0,71,1.7937447317653397,ok,0,10,8,0.0
chb03,chb03_07.edf,2700.0,2704.0,1.0,0.0,72,0.18642507739616473,ok,0,6,5,0.0
chb03,chb03_07.edf,2700.0,2704.0,1.0,0.0,73,0.5987516059102022,ok,0,9,8,0.0
chb03,chb03_07.edf,2700.0,2704.0,1.0,0.0,74,0.6443582292066723,ok,0,11,10,0.0
chb03,chb03_07.edf,2700.0,2704.0,1.0,0.0,75,1.65888681246551,ok,0,10,7,0.0
chb03,chb03_07.edf,2700.0,2704.0,1.0,0.0,76,0.22553402254439306,ok,0,12,11,0.0
chb03,chb03_07.edf,2700.0,2704.0,1.0,0.0,77,1.261454559020981,ok,0,10,9,0.0
chb03,chb03_07.edf,2700.0,2704.0,1.0,0.0,78,1.9856992051961986,ok,0,12,11,0.0
chb03,chb03_07.edf,2700.0,2704.0,1.0,0.0,79,0.1609368397508929,ok,0,7,6,0.0
chb03,chb03_07.edf,2700.0,2704.0,1.0,0.0,80,0.8375512923759941,ok,0,11,9,0.0
chb03,chb03_07.edf,2700.0,2704.0,1.0,0.0,81,1.3218647883394035,ok,0,10,8,0.0
chb03,chb03_07.edf,2700.0,2704.0,1.0,0.175,62,0.7743914046997703,ok,0,11,10,0.0
chb03,chb03_07.edf,2700.0,2704.0,1.0,0.175,63,0.21488489744161204,ok,0,8,7,0.0
chb03,chb03_07.edf,2700.0,2704.0,1.0,0.175,64,0.17192047651837583,ok,0,10,9,0.0
chb03,chb03_07.edf,2700.0,2704.0,1.0,0.175,65,0.48620003231413916,ok,0,12,9,0.0
chb03,chb03_07.edf,2700.0,2704.0,1.0,0.175,66,1.3756822323974554,ok,0,13,11,0.0
chb03,chb03_07.edf,2700.0,2704.0,1.0,0.175,67,1.0067830609804835,ok,0,9,8,0.0
chb03,chb03_07.edf,2700.0,2704.0,1.0,0.175,68,1.4403478634378917,ok,0,12,10,0.0
chb03,chb03_07.edf,2700.0,2704.0,1.0,0.175,69,1.062607072954729,ok,0,9,6,0.0
chb03,chb03_07.edf,2700.0,2704.0,1.0,0.175,70,0.981919803246944,ok,0,12,11,0.0
chb03,chb03_07.edf,2700.0,2704.0,1.0,0.175,71,1.7937447317653397,ok,0,10,8,0.0
chb03,chb03_07.edf,2700.0,2704.0,1.0,0.175,72,0.18642507739616473,ok,0,6,5,0.0
chb03,chb03_07.edf,2700.0,2704.0,1.0,0.175,73,0.5823203888824564,ok,0,8,7,0.0
chb03,chb03_07.edf,2700.0,2704.0,1.0,0.175,74,0.6443582292066723,ok,0,11,10,0.0
chb03,chb03_07.edf,2700.0,2704.0,1.0,0.175,75,1.6701884111809937,ok,0,9,6,0.0
chb03,chb03_07.edf,2700.0,2704.0,1.0,0.175,76,0.21554187051388352,ok,0,13,12,0.0
chb03,chb03_07.edf,2700.0,2704.0,1.0,0.175,77,1.261454559020981,ok,0,10,9,0.0
chb03,chb03_07.edf,2700.0,2704.0,1.0,0.175,78,1.9858068615153706,ok,0,12,11,0.0
chb03,chb03_07.edf,2700.0,2704.0,1.0,0.175,79,0.1609368397508929,ok,0,7,6,0.0
chb03,chb03_07.edf,2700.0,2704.0,1.0,0.175,80,0.847592558041268,ok,0,12,10,0.0
chb03,chb03_07.edf,2700.0,2704.0,1.0,0.175,81,1.3218647883394035,ok,0,10,8,0.0
chb03,chb03_07.edf,2700.0,2704.0,1.0,0.35,62,0.7743914046997703,ok,0,11,10,0.0
chb03,chb03_07.edf,2700.0,2704.0,1.0,0.35,63,0.21488489744161204,ok,0,8,7,0.0
chb03,chb03_07.edf,2700.0,2704.0,1.0,0.35,64,0.17192047651837583,ok,0,10,9,0.0
chb03,chb03_07.edf,2700.0,2704.0,1.0,0.35,65,0.48620003231413916,ok,0,12,9,0.0
chb03,chb03_07.edf,2700.0,2704.0,1.0,0.35,66,1.3756822323974554,ok,0,13,11,0.0
chb03,chb03_07.edf,2700.0,2704.0,1.0,0.35,67,1.0067830609804835,ok,0,9,8,0.0
chb03,chb03_07.edf,2700.0,2704.0,1.0,0.35,68,0.4749170925663271,ok,0,11,9,0.0
chb03,chb03_07.edf,2700.0,2704.0,1.0,0.35,69,1.062607072954729,ok,0,9,6,0.0
chb03,chb03_07.edf,2700.0,2704.0,1.0,0.35,70,0.9074198406053108,ok,0,10,7,0.0
chb03,chb03_07.edf,2700.0,2704.0,1.0,0.35,71,1.8713182836167332,ok,0,10,9,0.0
chb03,chb03_07.edf,2700.0,2704.0,1.0,0.35,72,0.18642507739616473,ok,0,6,5,0.0
chb03,chb03_07.edf,2700.0,2704.0,1.0,0.35,73,0.6697785432685783,ok,0,9,8,0.0
chb03,chb03_07.edf,2700.0,2704.0,1.0,0.35,74,0.5470813640543857,ok,0,12,10,0.0
chb03,chb03_07.edf,2700.0,2704.0,1.0,0.35,75,0.06293706293706293,ok,0,8,5,0.0
chb03,chb03_07.edf,2700.0,2704.0,1.0,0.35,76,0.22120914403268674,ok,0,13,12,0.0
chb03,chb03_07.edf,2700.0,2704.0,1.0,0.35,77,1.261454559020981,ok,0,10,9,0.0
chb03,chb03_07.edf,2700.0,2704.0,1.0,0.35,78,1.9400643789897283,ok,0,11,10,0.0
chb03,chb03_07.edf,2700.0,2704.0,1.0,0.35,79,0.1609368397508929,ok,0,7,6,0.0
chb03,chb03_07.edf,2700.0,2704.0,1.0,0.35,80,0.8460001481744026,ok,0,12,10,0.0
chb03,chb03_07.edf,2700.0,2704.0,1.0,0.35,81,1.3218647883394035,ok,0,10,8,0.0
chb03,chb03_07.edf,2700.0,2704.0,1.0,0.7,62,0.8496596319898183,ok,0,11,10,0.0
chb03,chb03_07.edf,2700.0,2704.0,1.0,0.7,63,0.21488489744161204,ok,0,8,7,0.0
chb03,chb03_07.edf,2700.0,2704.0,1.0,0.7,64,0.17192047651837583,ok,0,10,9,0.0
chb03,chb03_07.edf,2700.0,2704.0,1.0,0.7,65,0.48620003231413916,ok,0,12,9,0.0
chb03,chb03_07.edf,2700.0,2704.0,1.0,0.7,66,1.3756822323974554,ok,0,13,11,0.0
chb03,chb03_07.edf,2700.0,2704.0,1.0,0.7,67,1.0067830609804835,ok,0,9,8,0.0
chb03,chb03_07.edf,2700.0,2704.0,1.0,0.7,68,0.5034444582953266,ok,0,10,8,0.0
chb03,chb03_07.edf,2700.0,2704.0,1.0,0.7,69,1.133030991562399,ok,0,10,7,0.0
chb03,chb03_07.edf,2700.0,2704.0,1.0,0.7,70,0.9153818014788643,ok,0,11,8,0.0
chb03,chb03_07.edf,2700.0,2704.0,1.0,0.7,71,1.3483388571364994,ok,0,10,9,0.0
chb03,chb03_07.edf,2700.0,2704.0,1.0,0.7,72,1.113586324673465,ok,0,7,6,0.0
chb03,chb03_07.edf,2700.0,2704.0,1.0,0.7,73,0.6998990109330644,ok,0,9,8,0.0
chb03,chb03_07.edf,2700.0,2704.0,1.0,0.7,74,0.5470813640543857,ok,0,12,10,0.0
chb03,chb03_07.edf,2700.0,2704.0,1.0,0.7,75,0.06293706293706293,ok,0,8,5,0.0
chb03,chb03_07.edf,2700.0,2704.0,1.0,0.7,76,0.4384185694173541,ok,0,11,10,0.0
chb03,chb03_07.edf,2700.0,2704.0,1.0,0.7,77,1.29355849819842,ok,0,9,8,0.0
chb03,chb03_07.edf,2700.0,2704.0,1.0,0.7,78,1.9400643789897283,ok,0,11,10,0.0
chb03,chb03_07.edf,2700.0,2704.0,1.0,0.7,79,0.1609368397508929,ok,0,7,6,0.0
chb03,chb03_07.edf,2700.0,2704.0,1.0,0.7,80,0.8460001481744026,ok,0,12,10,0.0
chb03,chb03_07.edf,2700.0,2704.0,1.0,0.7,81,1.3218647883394035,ok,0,10,8,0.0
chb03,chb03_10.edf,904.0,908.0,0.25,0.0,62,0.6171842911523988,ok,0,10,9,0.0
chb03,chb03_10.edf,904.0,908.0,0.25,0.0,63,2.043747370146671,ok,0,9,8,0.0
chb03,chb03_10.edf,904.0,908.0,0.25,0.0,64,0.8756532617719204,ok,0,9,8,0.0
chb03,chb03_10.edf,904.0,908.0,0.25,0.0,65,0.9667718123938864,ok,0,11,10,0.0
chb03,chb03_10.edf,904.0,908.0,0.25,0.0,66,0.3631787913269073,ok,0,11,9,0.0
chb03,chb03_10.edf,904.0,908.0,0.25,0.0,67,0.8092054221906116,ok,0,11,9,0.0
chb03,chb03_10.edf,904.0,908.0,0.25,0.0,68,0.9681035064574081,ok,0,9,8,0.0
chb03,chb03_10.edf,904.0,908.0,0.25,0.0,69,1.241548694349417,ok,0,10,8,0.0
chb03,chb03_10.edf,904.0,908.0,0.25,0.0,70,0.2793983295119334,ok,0,9,8,0.0
chb03,chb03_10.edf,904.0,908.0,0.25,0.0,71,1.5904417843670142,ok,0,12,11,0.0
chb03,chb03_10.edf,904.0,908.0,0.25,0.0,72,0.9990557900479503,ok,0,11,9,0.0
chb03,chb03_10.edf,904.0,908.0,0.25,0.0,73,0.4814093715175572,ok,0,8,7,0.0
chb03,chb03_10.edf,904.0,908.0,0.25,0.0,74,0.6162790697674418,ok,0,11,8,0.0
chb03,chb03_10.edf,904.0,908.0,0.25,0.0,75,0.35394981220923855,ok,0,12,11,0.0
chb03,chb03_10.edf,904.0,908.0,0.25,0.0,76,0.3909772130214703,ok,0,12,11,0.0
chb03,chb03_10.edf,904.0,908.0,0.25,0.0,77,0.9447730595988872,ok,0,6,4,0.0
chb03,chb03_10.edf,904.0,908.0,0.25,0.0,78,1.3483863463099397,ok,0,11,10,0.0
chb03,chb03_10.edf,904.0,908.0,0.25,0.0,79,0.1609368397508929,ok,0,7,6,0.0
chb03,chb03_10.edf,904.0,908.0,0.25,0.0,80,0.1797136108456547,ok,0,12,10,0.0
chb03,chb03_10.edf,904.0,908.0,0.25,0.0,81,1.4033891062507988,ok,0,10,7,0.0
chb03,chb03_10.edf,904.0,908.0,0.25,0.175,62,0.6555625329066526,ok,0,11,10,0.0
chb03,chb03_10.edf,904.0,908.0,0.25,0.175,63,2.043813729291342,ok,0,9,8,0.0
chb03,chb03_10.edf,904.0,908.0,0.25,0.175,64,0.8756532617719204,ok,0,9,8,0.0
chb03,chb03_10.edf,904.0,908.0,0.25,0.175,65,0.9298094740999439,ok,0,10,9,0.0
chb03,chb03_10.edf,904.0,908.0,0.25,0.175,66,0.36581014159579417,ok,0,11,9,0.0
chb03,chb03_10.edf,904.0,908.0,0.25,0.175,67,0.7843957830452922,ok,0,11,9,0.0
chb03,chb03_10.edf,904.0,908.0,0.25,0.175,68,1.0594964519057497,ok,0,9,8,0.0
chb03,chb03_10.edf,904.0,908.0,0.25,0.175,69,1.2515961322481515,ok,0,10,8,0.0
chb03,chb03_10.edf,904.0,908.0,0.25,0.175,70,0.2581928332187776,ok,0,9,8,0.0
chb03,chb03_10.edf,904.0,908.0,0.25,0.175,71,1.5654836839456696,ok,0,12,11,0.0
chb03,chb03_10.edf,904.0,908.0,0.25,0.175,72,0.9990557900479503,ok,0,11,9,0.0
chb03,chb03_10.edf,904.0,908.0,0.25,0.175,73,0.5878000478174923,ok,0,10,8,0.0
chb03,chb03_10.edf,904.0,908.0,0.25,0.175,74,0.6162790697674418,ok,0,11,8,0.0
chb03,chb03_10.edf,904.0,908.0,0.25,0.175,75,0.39215394067812964,ok,0,12,11,0.0
chb03,chb03_10.edf,904.0,908.0,0.25,0.175,76,0.6458582493463446,ok,0,11,10,0.0
chb03,chb03_10.edf,904.0,908.0,0.25,0.175,77,0.5526000164907082,ok,0,7,5,0.0
chb03,chb03_10.edf,904.0,908.0,0.25,0.175,78,1.3407604740280588,ok,0,11,10,0.0
chb03,chb03_10.edf,904.0,908.0,0.25,0.175,79,0.1609368397508929,ok,0,7,6,0.0
chb03,chb03_10.edf,904.0,908.0,0.25,0.175,80,0.20805602846257226,ok,0,12,9,0.0
chb03,chb03_10.edf,904.0,908.0,0.25,0.175,81,1.391697303472564,ok,0,9,8,0.0
chb03,chb03_10.edf,904.0,908.0,0.25,0.35,62,0.6821407429568402,ok,0,13,12,0.0
chb03,chb03_10.edf,904.0,908.0,0.25,0.35,63,2.043813729291342,ok,0,9,8,0.0
chb03,chb03_10.edf,904.0,908.0,0.25,0.35,64,0.8756532617719204,ok,0,9,8,0.0
chb03,chb03_10.edf,904.0,908.0,0.25,0.35,65,1.4330982587574554,ok,0,9,8,0.0
chb03,chb03_10.edf,904.0,908.0,0.25,0.35,66,0.3903508725691783,ok,0,11,9,0.0
chb03,chb03_10.edf,904.0,908.0,0.25,0.35,67,0.7434653963226917,ok,0,10,9,0.0
chb03,chb03_10.edf,904.0,908.0,0.25,0.35,68,1.0594964519057497,ok,0,9,8,0.0
chb03,chb03_10.edf,904.0,908.0,0.25,0.35,69,1.2515961322481515,ok,0,10,8,0.0
chb03,chb03_10.edf,904.0,908.0,0.25,0.35,70,0.2581928332187776,ok,0,9,8,0.0
chb03,chb03_10.edf,904.0,908.0,0.25,0.35,71,1.313089235979788,ok,0,13,11,0.0
chb03,chb03_10.edf,904.0,908.0,0.25,0.35,72,0.9857975062740117,ok,0,11,9,0.0
chb03,chb03_10.edf,904.0,908.0,0.25,0.35,73,0.5878000478174923,ok,0,10,8,0.0
chb03,chb03_10.edf,904.0,908.0,0.25,0.35,74,0.6162790697674418,ok,0,11,8,0.0
chb03,chb03_10.edf,904.0,908.0,0.25,0.35,75,0.49454375304239456,ok,0,12,11,0.0
chb03,chb03_10.edf,904.0,908.0,0.25,0.35,76,0.8616713197367994,ok,0,10,9,0.0
chb03,chb03_10.edf,904.0,908.0,0.25,0.35,77,0.5484984883442947,ok,0,5,3,0.0
chb03,chb03_10.edf,904.0,908.0,0.25,0.35,78,1.1751320603790405,ok,0,11,10,0.0
chb03,chb03_10.edf,904.0,908.0,0.25,0.35,79,0.1609368397508929,ok,0,7,6,0.0
chb03,chb03_10.edf,904.0,908.0,0.25,0.35,80,0.21464746014585007,ok,0,11,9,0.0
chb03,chb03_10.edf,904.0,908.0,0.25,0.35,81,1.391697303472564,ok,0,9,8,0.0
chb03,chb03_10.edf,904.0,908.0,0.25,0.7,62,0.6820639073820063,ok,0,13,12,0.0
chb03,chb03_10.edf,904.0,908.0,0.25,0.7,63,0.1925140932272358,ok,0,8,6,0.0
chb03,chb03_10.edf,904.0,908.0,0.25,0.7,64,0.960386606658378,ok,0,8,7,0.0
chb03,chb03_10.edf,904.0,908.0,0.25,0.7,65,1.4330982587574554,ok,0,9,8,0.0
chb03,chb03_10.edf,904.0,908.0,0.25,0.7,66,0.36517065787792974,ok,0,11,9,0.0
chb03,chb03_10.edf,904.0,908.0,0.25,0.7,67,0.5643574598938195,ok,0,10,9,0.0
chb03,chb03_10.edf,904.0,908.0,0.25,0.7,68,1.0594964519057497,ok,0,9,8,0.0
chb03,chb03_10.edf,904.0,908.0,0.25,0.7,69,1.2795860395766234,ok,0,11,9,0.0
chb03,chb03_10.edf,904.0,908.0,0.25,0.7,70,0.3688035550239447,ok,0,8,7,0.0
chb03,chb03_10.edf,904.0,908.0,0.25,0.7,71,1.294597168524772,ok,0,13,11,0.0
chb03,chb03_10.edf,904.0,908.0,0.25,0.7,72,1.270136020213642,ok,0,9,7,0.0
chb03,chb03_10.edf,904.0,908.0,0.25,0.7,73,0.5309204235067981,ok,0,11,8,0.0
chb03,chb03_10.edf,904.0,908.0,0.25,0.7,74,0.6050315092807451,ok,0,10,7,0.0
chb03,chb03_10.edf,904.0,908.0,0.25,0.7,75,0.49616676019424555,ok,0,12,10,0.0
chb03,chb03_10.edf,904.0,908.0,0.25,0.7,76,0.9964108069984473,ok,0,12,10,0.0
chb03,chb03_10.edf,904.0,908.0,0.25,0.7,77,0.5484984883442947,ok,0,5,3,0.0
chb03,chb03_10.edf,904.0,908.0,0.25,0.7,78,1.0919975780936577,ok,0,10,9,0.0
chb03,chb03_10.edf,904.0,908.0,0.25,0.7,79,0.1609368397508929,ok,0,7,6,0.0
chb03,chb03_10.edf,904.0,908.0,0.25,0.7,80,0.22638308792532405,ok,0,12,10,0.0
chb03,chb03_10.edf,904.0,908.0,0.25,0.7,81,1.3584326721286444,ok,0,8,7,0.0
chb03,chb03_10.edf,904.0,908.0,0.5,0.0,62,0.5712931377579745,ok,0,12,11,0.0
chb03,chb03_10.edf,904.0,908.0,0.5,0.0,63,0.16726057798219393,ok,0,8,7,0.0
chb03,chb03_10.edf,904.0,908.0,0.5,0.0,64,0.19637001542360058,ok,0,9,8,0.0
chb03,chb03_10.edf,904.0,908.0,0.5,0.0,65,0.546024803519956,ok,0,10,8,0.0
chb03,chb03_10.edf,904.0,908.0,0.5,0.0,66,0.3428004452807938,ok,0,11,9,0.0
chb03,chb03_10.edf,904.0,908.0,0.5,0.0,67,0.9454773281444654,ok,0,7,6,0.0
chb03,chb03_10.edf,904.0,908.0,0.5,0.0,68,1.2291207868644798,ok,0,12,11,0.0
chb03,chb03_10.edf,904.0,908.0,0.5,0.0,69,1.1682562182790923,ok,0,9,7,0.0
chb03,chb03_10.edf,904.0,908.0,0.5,0.0,70,0.5111811702061327,ok,0,14,13,0.0
chb03,chb03_10.edf,904.0,908.0,0.5,0.0,71,1.8179982256514546,ok,0,11,9,0.0
chb03,chb03_10.edf,904.0,908.0,0.5,0.0,72,0.18642507739616473,ok,0,6,5,0.0
chb03,chb03_10.edf,904.0,908.0,0.5,0.0,73,0.6286253346157429,ok,0,10,9,0.0
chb03,chb03_10.edf,904.0,908.0,0.5,0.0,74,0.6476197533905482,ok,0,9,7,0.0
chb03,chb03_10.edf,904.0,908.0,0.5,0.0,75,0.9626906857352386,ok,0,12,10,0.0
chb03,chb03_10.edf,904.0,908.0,0.5,0.0,76,0.48840569686484475,ok,0,10,9,0.0
chb03,chb03_10.edf,904.0,908.0,0.5,0.0,77,1.4397992123948258,ok,0,10,9,0.0
chb03,chb03_10.edf,904.0,908.0,0.5,0.0,78,0.8783739115481473,ok,0,10,9,0.0
chb03,chb03_10.edf,904.0,908.0,0.5,0.0,79,0.6660998123404629,ok,0,8,7,0.0
chb03,chb03_10.edf,904.0,908.0,0.5,0.0,80,0.48943288169382493,ok,0,10,8,0.0
chb03,chb03_10.edf,904.0,908.0,0.5,0.0,81,1.3487816138931745,ok,0,10,9,0.0
chb03,chb03_10.edf,904.0,908.0,0.5,0.175,62,0.6559757885363878,ok,0,12,11,0.0
chb03,chb03_10.edf,904.0,908.0,0.5,0.175,63,0.16726057798219393,ok,0,8,7,0.0
chb03,chb03_10.edf,904.0,908.0,0.5,0.175,64,0.33066737835270793,ok,0,10,9,0.0
chb03,chb03_10.edf,904.0,908.0,0.5,0.175,65,0.546024803519956,ok,0,10,8,0.0
chb03,chb03_10.edf,904.0,908.0,0.5,0.175,66,0.3428004452807938,ok,0,11,9,0.0
chb03,chb03_10.edf,904.0,908.0,0.5,0.175,67,0.9454773281444654,ok,0,7,6,0.0
chb03,chb03_10.edf,904.0,908.0,0.5,0.175,68,1.341276321721398,ok,0,11,10,0.0
chb03,chb03_10.edf,904.0,908.0,0.5,0.175,69,1.1767729488905367,ok,0,9,7,0.0
chb03,chb03_10.edf,904.0,908.0,0.5,0.175,70,0.4986726691485846,ok,0,14,13,0.0
chb03,chb03_10.edf,904.0,908.0,0.5,0.175,71,1.7857376180233748,ok,0,11,9,0.0
chb03,chb03_10.edf,904.0,908.0,0.5,0.175,72,0.1692486635019696,ok,0,6,5,0.0
chb03,chb03_10.edf,904.0,908.0,0.5,0.175,73,0.6286253346157429,ok,0,10,9,0.0
chb03,chb03_10.edf,904.0,908.0,0.5,0.175,74,0.6476197533905482,ok,0,9,7,0.0
chb03,chb03_10.edf,904.0,908.0,0.5,0.175,75,0.9626906857352386,ok,0,12,10,0.0
chb03,chb03_10.edf,904.0,908.0,0.5,0.175,76,0.48840569686484475,ok,0,10,9,0.0
chb03,chb03_10.edf,904.0,908.0,0.5,0.175,77,1.4397992123948258,ok,0,10,9,0.0
chb03,chb03_10.edf,904.0,908.0,0.5,0.175,78,0.8764622074007292,ok,0,10,9,0.0
chb03,chb03_10.edf,904.0,908.0,0.5,0.175,79,0.6660998123404629,ok,0,8,7,0.0
chb03,chb03_10.edf,904.0,908.0,0.5,0.175,80,0.6840478909884533,ok,0,10,8,0.0
chb03,chb03_10.edf,904.0,908.0,0.5,0.175,81,1.3487816138931745,ok,0,10,9,0.0
chb03,chb03_10.edf,904.0,908.0,0.5,0.35,62,0.6482655274814257,ok,0,12,11,0.0
chb03,chb03_10.edf,904.0,908.0,0.5,0.35,63,0.16726057798219393,ok,0,8,7,0.0
chb03,chb03_10.edf,904.0,908.0,0.5,0.35,64,0.33066737835270793,ok,0,10,9,0.0
chb03,chb03_10.edf,904.0,908.0,0.5,0.35,65,0.546024803519956,ok,0,10,8,0.0
chb03,chb03_10.edf,904.0,908.0,0.5,0.35,66,0.3455869941264749,ok,0,11,9,0.0
chb03,chb03_10.edf,904.0,908.0,0.5,0.35,67,0.9454773281444654,ok,0,7,6,0.0
chb03,chb03_10.edf,904.0,908.0,0.5,0.35,68,1.3290633537439611,ok,0,12,11,0.0
chb03,chb03_10.edf,904.0,908.0,0.5,0.35,69,1.1767729488905367,ok,0,9,7,0.0
chb03,chb03_10.edf,904.0,908.0,0.5,0.35,70,0.4438367082256425,ok,0,13,12,0.0
chb03,chb03_10.edf,904.0,908.0,0.5,0.35,71,1.513420046291407,ok,0,12,10,0.0
chb03,chb03_10.edf,904.0,908.0,0.5,0.35,72,0.1692486635019696,ok,0,6,5,0.0
chb03,chb03_10.edf,904.0,908.0,0.5,0.35,73,0.6055742018279381,ok,0,9,8,0.0
chb03,chb03_10.edf,904.0,908.0,0.5,0.35,74,0.6476197533905482,ok,0,9,7,0.0
chb03,chb03_10.edf,904.0,908.0,0.5,0.35,75,0.9626906857352386,ok,0,12,10,0.0
chb03,chb03_10.edf,904.0,908.0,0.5,0.35,76,0.48840569686484475,ok,0,10,9,0.0
chb03,chb03_10.edf,904.0,908.0,0.5,0.35,77,1.4397992123948258,ok,0,10,9,0.0
chb03,chb03_10.edf,904.0,908.0,0.5,0.35,78,0.8764622074007292,ok,0,10,9,0.0
chb03,chb03_10.edf,904.0,908.0,0.5,0.35,79,0.6660998123404629,ok,0,8,7,0.0
chb03,chb03_10.edf,904.0,908.0,0.5,0.35,80,0.7497485422616251,ok,0,10,8,0.0
chb03,chb03_10.edf,904.0,908.0,0.5,0.35,81,1.3487816138931745,ok,0,10,9,0.0
chb03,chb03_10.edf,904.0,908.0,0.5,0.7,62,0.5689362301318348,ok,0,13,12,0.0
chb03,chb03_10.edf,904.0,908.0,0.5,0.7,63,0.17253466291491212,ok,0,8,7,0.0
chb03,chb03_10.edf,904.0,908.0,0.5,0.7,64,0.33066737835270793,ok,0,10,9,0.0
chb03,chb03_10.edf,904.0,908.0,0.5,0.7,65,0.546024803519956,ok,0,10,8,0.0
chb03,chb03_10.edf,904.0,908.0,0.5,0.7,66,0.3037011109998295,ok,0,12,9,0.0
chb03,chb03_10.edf,904.0,908.0,0.5,0.7,67,0.7936879224166306,ok,0,5,4,0.0
chb03,chb03_10.edf,904.0,908.0,0.5,0.7,68,1.4106501112626586,ok,0,11,10,0.0
chb03,chb03_10.edf,904.0,908.0,0.5,0.7,69,1.2274084634521674,ok,0,10,8,0.0
chb03,chb03_10.edf,904.0,908.0,0.5,0.7,70,0.4438367082256425,ok,0,13,12,0.0
chb03,chb03_10.edf,904.0,908.0,0.5,0.7,71,1.513420046291407,ok,0,12,10,0.0
chb03,chb03_10.edf,904.0,908.0,0.5,0.7,72,0.1692486635019696,ok,0,6,5,0.0
chb03,chb03_10.edf,904.0,908.0,0.5,0.7,73,0.6777627426693346,ok,0,10,9,0.0
chb03,chb03_10.edf,904.0,908.0,0.5,0.7,74,0.6476197533905482,ok,0,9,7,0.0
chb03,chb03_10.edf,904.0,908.0,0.5,0.7,75,0.8802517874691086,ok,0,11,9,0.0
chb03,chb03_10.edf,904.0,908.0,0.5,0.7,76,0.49210873425856594,ok,0,10,9,0.0
chb03,chb03_10.edf,904.0,908.0,0.5,0.7,77,1.4300222422441287,ok,0,10,9,0.0
chb03,chb03_10.edf,904.0,908.0,0.5,0.7,78,0.8764622074007292,ok,0,10,9,0.0
chb03,chb03_10.edf,904.0,908.0,0.5,0.7,79,0.6660998123404629,ok,0,8,7,0.0
chb03,chb03_10.edf,904.0,908.0,0.5,0.7,80,0.8158918475787674,ok,0,9,7,0.0
chb03,chb03_10.edf,904.0,908.0,0.5,0.7,81,1.3487816138931745,ok,0,10,9,0.0
chb03,chb03_10.edf,904.0,908.0,1.0,0.0,62,0.7743914046997703,ok,0,11,10,0.0
chb03,chb03_10.edf,904.0,908.0,1.0,0.0,63,0.21488489744161204,ok,0,8,7,0.0
chb03,chb03_10.edf,904.0,908.0,1.0,0.0,64,0.17192047651837583,ok,0,10,9,0.0
chb03,chb03_10.edf,904.0,908.0,1.0,0.0,65,0.48620003231413916,ok,0,12,9,0.0
chb03,chb03_10.edf,904.0,908.0,1.0,0.0,66,1.3756822323974554,ok,0,13,11,0.0
chb03,chb03_10.edf,904.0,908.0,1.0,0.0,67,1.0067830609804835,ok,0,9,8,0.0
chb03,chb03_10.edf,904.0,908.0,1.0,0.0,68,1.5176810316646947,ok,0,13,11,0.0
chb03,chb03_10.edf,904.0,908.0,1.0,0.0,69,1.0610836315798138,ok,0,8,5,0.0
chb03,chb03_10.edf,904.0,908.0,1.0,0.0,70,0.981919803246944,ok,0,12,11,0.0
chb03,chb03_10.edf,904.0,908.0,1.0,0.0,71,1.7937447317653397,ok,0,10,8,0.0
chb03,chb03_10.edf,904.0,908.0,1.0,0.0,72,0.18642507739616473,ok,0,6,5,0.0
chb03,chb03_10.edf,904.0,908.0,1.0,0.0,73,0.5987516059102022,ok,0,9,8,0.0
chb03,chb03_10.edf,904.0,908.0,1.0,0.0,74,0.6443582292066723,ok,0,11,10,0.0
chb03,chb03_10.edf,904.0,908.0,1.0,0.0,75,1.65888681246551,ok,0,10,7,0.0
chb03,chb03_10.edf,904.0,908.0,1.0,0.0,76,0.22553402254439306,ok,0,12,11,0.0
chb03,chb03_10.edf,904.0,908.0,1.0,0.0,77,1.261454559020981,ok,0,10,9,0.0
chb03,chb03_10.edf,904.0,908.0,1.0,0.0,78,1.9856992051961986,ok,0,12,11,0.0
chb03,chb03_10.edf,904.0,908.0,1.0,0.0,79,0.1609368397508929,ok,0,7,6,0.0
chb03,chb03_10.edf,904.0,908.0,1.0,0.0,80,0.8375512923759941,ok,0,11,9,0.0
chb03,chb03_10.edf,904.0,908.0,1.0,0.0,81,1.3218647883394035,ok,0,10,8,0.0
chb03,chb03_10.edf,904.0,908.0,1.0,0.175,62,0.7743914046997703,ok,0,11,10,0.0
chb03,chb03_10.edf,904.0,908.0,1.0,0.175,63,0.2173990092096237,ok,0,9,8,0.0
chb03,chb03_10.edf,904.0,908.0,1.0,0.175,64,0.17192047651837583,ok,0,10,9,0.0
chb03,chb03_10.edf,904.0,908.0,1.0,0.175,65,0.49292157435773215,ok,0,12,10,0.0
chb03,chb03_10.edf,904.0,908.0,1.0,0.175,66,1.3756822323974554,ok,0,13,11,0.0
chb03,chb03_10.edf,904.0,908.0,1.0,0.175,67,1.0067830609804835,ok,0,9,8,0.0
chb03,chb03_10.edf,904.0,908.0,1.0,0.175,68,0.4749170925663271,ok,0,11,9,0.0
chb03,chb03_10.edf,904.0,908.0,1.0,0.175,69,1.0610836315798138,ok,0,8,5,0.0
chb03,chb03_10.edf,904.0,908.0,1.0,0.175,70,0.981919803246944,ok,0,12,11,0.0
chb03,chb03_10.edf,904.0,908.0,1.0,0.175,71,1.7937447317653397,ok,0,10,8,0.0
chb03,chb03_10.edf,904.0,908.0,1.0,0.175,72,0.1692486635019696,ok,0,6,5,0.0
chb03,chb03_10.edf,904.0,908.0,1.0,0.175,73,0.5987516059102022,ok,0,9,8,0.0
chb03,chb03_10.edf,904.0,908.0,1.0,0.175,74,0.6443582292066723,ok,0,11,10,0.0
chb03,chb03_10.edf,904.0,908.0,1.0,0.175,75,1.6701884111809937,ok,0,9,6,0.0
chb03,chb03_10.edf,904.0,908.0,1.0,0.175,76,0.22553402254439306,ok,0,12,11,0.0
chb03,chb03_10.edf,904.0,908.0,1.0,0.175,77,1.3301863919839045,ok,0,11,10,0.0
chb03,chb03_10.edf,904.0,908.0,1.0,0.175,78,2.0008167178077203,ok,0,11,10,0.0
chb03,chb03_10.edf,904.0,908.0,1.0,0.175,79,0.1609368397508929,ok,0,7,6,0.0
chb03,chb03_10.edf,904.0,908.0,1.0,0.175,80,0.7462820342975924,ok,0,12,10,0.0
chb03,chb03_10.edf,904.0,908.0,1.0,0.175,81,1.3218647883394035,ok,0,10,8,0.0
chb03,chb03_10.edf,904.0,908.0,1.0,0.35,62,0.7718735348950996,ok,0,11,10,0.0
chb03,chb03_10.edf,904.0,908.0,1.0,0.35,63,0.2173990092096237,ok,0,9,8,0.0
chb03,chb03_10.edf,904.0,908.0,1.0,0.35,64,0.17192047651837583,ok,0,10,9,0.0
chb03,chb03_10.edf,904.0,908.0,1.0,0.35,65,0.49292157435773215,ok,0,12,10,0.0
chb03,chb03_10.edf,904.0,908.0,1.0,0.35,66,1.3756822323974554,ok,0,13,11,0.0
chb03,chb03_10.edf,904.0,908.0,1.0,0.35,67,1.0067830609804835,ok,0,9,8,0.0
chb03,chb03_10.edf,904.0,908.0,1.0,0.35,68,0.4749170925663271,ok,0,11,9,0.0
chb03,chb03_10.edf,904.0,908.0,1.0,0.35,69,1.071789054809449,ok,0,9,6,0.0
chb03,chb03_10.edf,904.0,908.0,1.0,0.35,70,0.967657796849726,ok,0,11,10,0.0
chb03,chb03_10.edf,904.0,908.0,1.0,0.35,71,1.5108212398460805,ok,0,11,9,0.0
chb03,chb03_10.edf,904.0,908.0,1.0,0.35,72,0.1692486635019696,ok,0,6,5,0.0
chb03,chb03_10.edf,904.0,908.0,1.0,0.35,73,0.5987516059102022,ok,0,9,8,0.0
chb03,chb03_10.edf,904.0,908.0,1.0,0.35,74,0.6443582292066723,ok,0,11,10,0.0
chb03,chb03_10.edf,904.0,908.0,1.0,0.35,75,1.6701884111809937,ok,0,9,6,0.0
chb03,chb03_10.edf,904.0,908.0,1.0,0.35,76,0.22553402254439306,ok,0,12,11,0.0
chb03,chb03_10.edf,904.0,908.0,1.0,0.35,77,1.321082148668746,ok,0,11,10,0.0
chb03,chb03_10.edf,904.0,908.0,1.0,0.35,78,2.0008167178077203,ok,0,11,10,0.0
chb03,chb03_10.edf,904.0,908.0,1.0,0.35,79,0.1609368397508929,ok,0,7,6,0.0
chb03,chb03_10.edf,904.0,908.0,1.0,0.35,80,0.7462820342975924,ok,0,12,10,0.0
chb03,chb03_10.edf,904.0,908.0,1.0,0.35,81,1.3218647883394035,ok,0,10,8,0.0
chb03,chb03_10.edf,904.0,908.0,1.0,0.7,62,0.7718735348950996,ok,0,11,10,0.0
chb03,chb03_10.edf,904.0,908.0,1.0,0.7,63,0.2173990092096237,ok,0,9,8,0.0
chb03,chb03_10.edf,904.0,908.0,1.0,0.7,64,0.17192047651837583,ok,0,10,9,0.0
chb03,chb03_10.edf,904.0,908.0,1.0,0.7,65,0.49292157435773215,ok,0,12,10,0.0
chb03,chb03_10.edf,904.0,908.0,1.0,0.7,66,1.2959713136369375,ok,0,12,10,0.0
chb03,chb03_10.edf,904.0,908.0,1.0,0.7,67,1.0067830609804835,ok,0,9,8,0.0
chb03,chb03_10.edf,904.0,908.0,1.0,0.7,68,0.4749170925663271,ok,0,11,9,0.0
chb03,chb03_10.edf,904.0,908.0,1.0,0.7,69,1.071789054809449,ok,0,9,6,0.0
chb03,chb03_10.edf,904.0,908.0,1.0,0.7,70,0.8910011720668458,ok,0,11,10,0.0
chb03,chb03_10.edf,904.0,908.0,1.0,0.7,71,1.5080443569851207,ok,0,13,11,0.0
chb03,chb03_10.edf,904.0,908.0,1.0,0.7,72,0.1692486635019696,ok,0,6,5,0.0
chb03,chb03_10.edf,904.0,908.0,1.0,0.7,73,0.5987516059102022,ok,0,9,8,0.0
chb03,chb03_10.edf,904.0,908.0,1.0,0.7,74,0.6265503624779104,ok,0,10,9,0.0
chb03,chb03_10.edf,904.0,908.0,1.0,0.7,75,1.6701884111809937,ok,0,9,6,0.0
chb03,chb03_10.edf,904.0,908.0,1.0,0.7,76,0.22553402254439306,ok,0,12,11,0.0
chb03,chb03_10.edf,904.0,908.0,1.0,0.7,77,1.253313355297891,ok,0,10,9,0.0
chb03,chb03_10.edf,904.0,908.0,1.0,0.7,78,2.0008167178077203,ok,0,11,10,0.0
chb03,chb03_10.edf,904.0,908.0,1.0,0.7,79,0.1609368397508929,ok,0,7,6,0.0
chb03,chb03_10.edf,904.0,908.0,1.0,0.7,80,0.8331092141906995,ok,0,13,11,0.0
chb03,chb03_10.edf,904.0,908.0,1.0,0.7,81,1.3218647883394035,ok,0,10,8,0.0
chb03,chb03_10.edf,2700.0,2704.0,0.25,0.0,62,0.6171842911523988,ok,0,10,9,0.0
chb03,chb03_10.edf,2700.0,2704.0,0.25,0.0,63,2.043747370146671,ok,0,9,8,0.0
chb03,chb03_10.edf,2700.0,2704.0,0.25,0.0,64,0.8756532617719204,ok,0,9,8,0.0
chb03,chb03_10.edf,2700.0,2704.0,0.25,0.0,65,0.9667718123938864,ok,0,11,10,0.0
chb03,chb03_10.edf,2700.0,2704.0,0.25,0.0,66,0.3631787913269073,ok,0,11,9,0.0
chb03,chb03_10.edf,2700.0,2704.0,0.25,0.0,67,0.8092054221906116,ok,0,11,9,0.0
chb03,chb03_10.edf,2700.0,2704.0,0.25,0.0,68,0.9681035064574081,ok,0,9,8,0.0
chb03,chb03_10.edf,2700.0,2704.0,0.25,0.0,69,1.241548694349417,ok,0,10,8,0.0
chb03,chb03_10.edf,2700.0,2704.0,0.25,0.0,70,0.2793983295119334,ok,0,9,8,0.0
chb03,chb03_10.edf,2700.0,2704.0,0.25,0.0,71,1.5904417843670142,ok,0,12,11,0.0
chb03,chb03_10.edf,2700.0,2704.0,0.25,0.0,72,0.9990557900479503,ok,0,11,9,0.0
chb03,chb03_10.edf,2700.0,2704.0,0.25,0.0,73,0.4814093715175572,ok,0,8,7,0.0
chb03,chb03_10.edf,2700.0,2704.0,0.25,0.0,74,0.6162790697674418,ok,0,11,8,0.0
chb03,chb03_10.edf,2700.0,2704.0,0.25,0.0,75,0.35394981220923855,ok,0,12,11,0.0
chb03,chb03_10.edf,2700.0,2704.0,0.25,0.0,76,0.3909772130214703,ok,0,12,11,0.0
chb03,chb03_10.edf,2700.0,2704.0,0.25,0.0,77,0.9447730595988872,ok,0,6,4,0.0
chb03,chb03_10.edf,2700.0,2704.0,0.25,0.0,78,1.3483863463099397,ok,0,11,10,0.0
chb03,chb03_10.edf,2700.0,2704.0,0.25,0.0,79,0.1609368397508929,ok,0,7,6,0.0
chb03,chb03_10.edf,2700.0,2704.0,0.25,0.0,80,0.1797136108456547,ok,0,12,10,0.0
chb03,chb03_10.edf,2700.0,2704.0,0.25,0.0,81,1.4033891062507988,ok,0,10,7,0.0
chb03,chb03_10.edf,2700.0,2704.0,0.25,0.175,62,0.6049092598863531,ok,0,10,9,0.0
chb03,chb03_10.edf,2700.0,2704.0,0.25,0.175,63,2.043813729291342,ok,0,9,8,0.0
chb03,chb03_10.edf,2700.0,2704.0,0.25,0.175,64,0.8756532617719204,ok,0,9,8,0.0
chb03,chb03_10.edf,2700.0,2704.0,0.25,0.175,65,0.9667718123938864,ok,0,11,10,0.0
chb03,chb03_10.edf,2700.0,2704.0,0.25,0.175,66,0.3428004452807938,ok,0,11,9,0.0
chb03,chb03_10.edf,2700.0,2704.0,0.25,0.175,67,0.316281909332361,ok,0,10,8,0.0
chb03,chb03_10.edf,2700.0,2704.0,0.25,0.175,68,1.046349240967186,ok,0,10,9,0.0
chb03,chb03_10.edf,2700.0,2704.0,0.25,0.175,69,1.241548694349417,ok,0,10,8,0.0
chb03,chb03_10.edf,2700.0,2704.0,0.25,0.175,70,0.2793983295119334,ok,0,9,8,0.0
chb03,chb03_10.edf,2700.0,2704.0,0.25,0.175,71,1.3880944615992352,ok,0,13,12,0.0
chb03,chb03_10.edf,2700.0,2704.0,0.25,0.175,72,1.3479668110204819,ok,0,10,8,0.0
chb03,chb03_10.edf,2700.0,2704.0,0.25,0.175,73,0.5053173768780573,ok,0,8,7,0.0
chb03,chb03_10.edf,2700.0,2704.0,0.25,0.175,74,0.5963813245767478,ok,0,11,8,0.0
chb03,chb03_10.edf,2700.0,2704.0,0.25,0.175,75,0.35394981220923855,ok,0,12,11,0.0
chb03,chb03_10.edf,2700.0,2704.0,0.25,0.175,76,0.43223282992841533,ok,0,12,11,0.0
chb03,chb03_10.edf,2700.0,2704.0,0.25,0.175,77,0.9447730595988872,ok,0,6,4,0.0
chb03,chb03_10.edf,2700.0,2704.0,0.25,0.175,78,1.8281855767388948,ok,0,10,9,0.0
chb03,chb03_10.edf,2700.0,2704.0,0.25,0.175,79,0.1609368397508929,ok,0,7,6,0.0
chb03,chb03_10.edf,2700.0,2704.0,0.25,0.175,80,0.20805602846257226,ok,0,12,9,0.0
chb03,chb03_10.edf,2700.0,2704.0,0.25,0.175,81,1.4033891062507988,ok,0,10,7,0.0
chb03,chb03_10.edf,2700.0,2704.0,0.25,0.35,62,0.8154904791206136,ok,0,10,9,0.0
chb03,chb03_10.edf,2700.0,2704.0,0.25,0.35,63,2.016115711455743,ok,0,9,8,0.0
chb03,chb03_10.edf,2700.0,2704.0,0.25,0.35,64,0.8763414757819065,ok,0,9,8,0.0
chb03,chb03_10.edf,2700.0,2704.0,0.25,0.35,65,1.4750933814096752,ok,0,10,9,0.0
chb03,chb03_10.edf,2700.0,2704.0,0.25,0.35,66,0.3428004452807938,ok,0,11,9,0.0
chb03,chb03_10.edf,2700.0,2704.0,0.25,0.35,67,0.316281909332361,ok,0,10,8,0.0
chb03,chb03_10.edf,2700.0,2704.0,0.25,0.35,68,1.0325289261124768,ok,0,10,9,0.0
chb03,chb03_10.edf,2700.0,2704.0,0.25,0.35,69,1.241548694349417,ok,0,10,8,0.0
chb03,chb03_10.edf,2700.0,2704.0,0.25,0.35,70,0.2793983295119334,ok,0,9,8,0.0
chb03,chb03_10.edf,2700.0,2704.0,0.25,0.35,71,1.3880944615992352,ok,0,13,12,0.0
chb03,chb03_10.edf,2700.0,2704.0,0.25,0.35,72,1.3479668110204819,ok,0,10,8,0.0
chb03,chb03_10.edf,2700.0,2704.0,0.25,0.35,73,0.5205089674187353,ok,0,10,8,0.0
chb03,chb03_10.edf,2700.0,2704.0,0.25,0.35,74,0.5610797877121244,ok,0,10,9,0.0
chb03,chb03_10.edf,2700.0,2704.0,0.25,0.35,75,0.35394981220923855,ok,0,12,11,0.0
chb03,chb03_10.edf,2700.0,2704.0,0.25,0.35,76,0.4813620632078226,ok,0,13,12,0.0
chb03,chb03_10.edf,2700.0,2704.0,0.25,0.35,77,0.9447730595988872,ok,0,6,4,0.0
chb03,chb03_10.edf,2700.0,2704.0,0.25,0.35,78,1.8281855767388948,ok,0,10,9,0.0
chb03,chb03_10.edf,2700.0,2704.0,0.25,0.35,79,0.1568870781527907,ok,0,8,5,0.0
chb03,chb03_10.edf,2700.0,2704.0,0.25,0.35,80,0.20805602846257226,ok,0,12,9,0.0
chb03,chb03_10.edf,2700.0,2704.0,0.25,0.35,81,1.4033891062507988,ok,0,10,7,0.0
chb03,chb03_10.edf,2700.0,2704.0,0.25,0.7,62,0.8001817483147683,ok,0,8,7,0.0
chb03,chb03_10.edf,2700.0,2704.0,0.25,0.7,63,1.7547358855920678,ok,0,10,9,0.0
chb03,chb03_10.edf,2700.0,2704.0,0.25,0.7,64,0.8763414757819065,ok,0,9,8,0.0
chb03,chb03_10.edf,2700.0,2704.0,0.25,0.7,65,1.420595843309082,ok,0,10,8,0.0
chb03,chb03_10.edf,2700.0,2704.0,0.25,0.7,66,0.3428004452807938,ok,0,11,9,0.0
chb03,chb03_10.edf,2700.0,2704.0,0.25,0.7,67,0.7405857757584552,ok,0,10,9,0.0
chb03,chb03_10.edf,2700.0,2704.0,0.25,0.7,68,1.0294047355919775,ok,0,7,5,0.0
chb03,chb03_10.edf,2700.0,2704.0,0.25,0.7,69,1.0494636528309476,ok,0,12,10,0.0
chb03,chb03_10.edf,2700.0,2704.0,0.25,0.7,70,0.3140517632162173,ok,0,11,9,0.0
chb03,chb03_10.edf,2700.0,2704.0,0.25,0.7,71,1.387929554293762,ok,0,12,11,0.0
chb03,chb03_10.edf,2700.0,2704.0,0.25,0.7,72,1.160831207731711,ok,0,10,8,0.0
chb03,chb03_10.edf,2700.0,2704.0,0.25,0.7,73,0.5303955302277219,ok,0,10,8,0.0
chb03,chb03_10.edf,2700.0,2704.0,0.25,0.7,74,0.5610797877121244,ok,0,10,9,0.0
chb03,chb03_10.edf,2700.0,2704.0,0.25,0.7,75,0.5708672631629848,ok,0,11,10,0.0
chb03,chb03_10.edf,2700.0,2704.0,0.25,0.7,76,0.9908216945664656,ok,0,14,12,0.0
chb03,chb03_10.edf,2700.0,2704.0,0.25,0.7,77,1.0955895933149304,ok,0,6,5,0.0
chb03,chb03_10.edf,2700.0,2704.0,0.25,0.7,78,1.8276153882102821,ok,0,10,9,0.0
chb03,chb03_10.edf,2700.0,2704.0,0.25,0.7,79,0.15218217883084012,ok,0,8,6,0.0
chb03,chb03_10.edf,2700.0,2704.0,0.25,0.7,80,0.1825660611355059,ok,0,11,9,0.0
chb03,chb03_10.edf,2700.0,2704.0,0.25,0.7,81,0.9963424967151856,ok,0,11,7,0.0
chb03,chb03_10.edf,2700.0,2704.0,0.5,0.0,62,0.5712931377579745,ok,0,12,11,0.0
chb03,chb03_10.edf,2700.0,2704.0,0.5,0.0,63,0.16726057798219393,ok,0,8,7,0.0
chb03,chb03_10.edf,2700.0,2704.0,0.5,0.0,64,0.19637001542360058,ok,0,9,8,0.0
chb03,chb03_10.edf,2700.0,2704.0,0.5,0.0,65,0.546024803519956,ok,0,10,8,0.0
chb03,chb03_10.edf,2700.0,2704.0,0.5,0.0,66,0.3428004452807938,ok,0,11,9,0.0
chb03,chb03_10.edf,2700.0,2704.0,0.5,0.0,67,0.9454773281444654,ok,0,7,6,0.0
chb03,chb03_10.edf,2700.0,2704.0,0.5,0.0,68,1.2291207868644798,ok,0,12,11,0.0
chb03,chb03_10.edf,2700.0,2704.0,0.5,0.0,69,1.1682562182790923,ok,0,9,7,0.0
chb03,chb03_10.edf,2700.0,2704.0,0.5,0.0,70,0.5111811702061327,ok,0,14,13,0.0
chb03,chb03_10.edf,2700.0,2704.0,0.5,0.0,71,1.8179982256514546,ok,0,11,9,0.0
chb03,chb03_10.edf,2700.0,2704.0,0.5,0.0,72,0.18642507739616473,ok,0,6,5,0.0
chb03,chb03_10.edf,2700.0,2704.0,0.5,0.0,73,0.6286253346157429,ok,0,10,9,0.0
chb03,chb03_10.edf,2700.0,2704.0,0.5,0.0,74,0.6476197533905482,ok,0,9,7,0.0
chb03,chb03_10.edf,2700.0,2704.0,0.5,0.0,75,0.9626906857352386,ok,0,12,10,0.0
chb03,chb03_10.edf,2700.0,2704.0,0.5,0.0,76,0.48840569686484475,ok,0,10,9,0.0
chb03,chb03_10.edf,2700.0,2704.0,0.5,0.0,77,1.4397992123948258,ok,0,10,9,0.0
chb03,chb03_10.edf,2700.0,2704.0,0.5,0.0,78,0.8783739115481473,ok,0,10,9,0.0
chb03,chb03_10.edf,2700.0,2704.0,0.5,0.0,79,0.6660998123404629,ok,0,8,7,0.0
chb03,chb03_10.edf,2700.0,2704.0,0.5,0.0,80,0.48943288169382493,ok,0,10,8,0.0
chb03,chb03_10.edf,2700.0,2704.0,0.5,0.0,81,1.3487816138931745,ok,0,10,9,0.0
chb03,chb03_10.edf,2700.0,2704.0,0.5,0.175,62,0.5712931377579745,ok,0,12,11,0.0
chb03,chb03_10.edf,2700.0,2704.0,0.5,0.175,63,0.15845733372292342,ok,0,8,7,0.0
chb03,chb03_10.edf,2700.0,2704.0,0.5,0.175,64,0.1886549942911231,ok,0,8,7,0.0
chb03,chb03_10.edf,2700.0,2704.0,0.5,0.175,65,0.546024803519956,ok,0,10,8,0.0
chb03,chb03_10.edf,2700.0,2704.0,0.5,0.175,66,0.3428004452807938,ok,0,11,9,0.0
chb03,chb03_10.edf,2700.0,2704.0,0.5,0.175,67,0.9454773281444654,ok,0,7,6,0.0
chb03,chb03_10.edf,2700.0,2704.0,0.5,0.175,68,1.2411825746152814,ok,0,12,11,0.0
chb03,chb03_10.edf,2700.0,2704.0,0.5,0.175,69,1.1682562182790923,ok,0,9,7,0.0
chb03,chb03_10.edf,2700.0,2704.0,0.5,0.175,70,0.509154547108042,ok,0,14,13,0.0
chb03,chb03_10.edf,2700.0,2704.0,0.5,0.175,71,1.5475911032956122,ok,0,12,10,0.0
chb03,chb03_10.edf,2700.0,2704.0,0.5,0.175,72,0.18642507739616473,ok,0,6,5,0.0
chb03,chb03_10.edf,2700.0,2704.0,0.5,0.175,73,0.7088660914696495,ok,0,12,11,0.0
chb03,chb03_10.edf,2700.0,2704.0,0.5,0.175,74,0.6476197533905482,ok,0,9,7,0.0
chb03,chb03_10.edf,2700.0,2704.0,0.5,0.175,75,0.9626906857352386,ok,0,12,10,0.0
chb03,chb03_10.edf,2700.0,2704.0,0.5,0.175,76,0.5111297385677903,ok,0,11,10,0.0
chb03,chb03_10.edf,2700.0,2704.0,0.5,0.175,77,1.4397992123948258,ok,0,10,9,0.0
chb03,chb03_10.edf,2700.0,2704.0,0.5,0.175,78,1.0031807676349949,ok,0,10,9,0.0
chb03,chb03_10.edf,2700.0,2704.0,0.5,0.175,79,0.15218217883084012,ok,0,8,6,0.0
chb03,chb03_10.edf,2700.0,2704.0,0.5,0.175,80,0.48943288169382493,ok,0,10,8,0.0
chb03,chb03_10.edf,2700.0,2704.0,0.5,0.175,81,1.3487816138931745,ok,0,10,9,0.0
chb03,chb03_10.edf,2700.0,2704.0,0.5,0.35,62,0.5712931377579745,ok,0,12,11,0.0
chb03,chb03_10.edf,2700.0,2704.0,0.5,0.35,63,0.5916894312588454,ok,0,9,8,0.0
chb03,chb03_10.edf,2700.0,2704.0,0.5,0.35,64,0.2066312908560807,ok,0,8,7,0.0
chb03,chb03_10.edf,2700.0,2704.0,0.5,0.35,65,0.546024803519956,ok,0,10,8,0.0
chb03,chb03_10.edf,2700.0,2704.0,0.5,0.35,66,0.3428004452807938,ok,0,11,9,0.0
chb03,chb03_10.edf,2700.0,2704.0,0.5,0.35,67,0.9454773281444654,ok,0,7,6,0.0
chb03,chb03_10.edf,2700.0,2704.0,0.5,0.35,68,1.249200275680096,ok,0,12,11,0.0
chb03,chb03_10.edf,2700.0,2704.0,0.5,0.35,69,1.2636524125816837,ok,0,9,8,0.0
chb03,chb03_10.edf,2700.0,2704.0,0.5,0.35,70,0.509154547108042,ok,0,14,13,0.0
chb03,chb03_10.edf,2700.0,2704.0,0.5,0.35,71,1.5475911032956122,ok,0,12,10,0.0
chb03,chb03_10.edf,2700.0,2704.0,0.5,0.35,72,0.18642507739616473,ok,0,6,5,0.0
chb03,chb03_10.edf,2700.0,2704.0,0.5,0.35,73,0.5869500486059795,ok,0,9,8,0.0
chb03,chb03_10.edf,2700.0,2704.0,0.5,0.35,74,0.5906725215417822,ok,0,10,8,0.0
chb03,chb03_10.edf,2700.0,2704.0,0.5,0.35,75,0.9626906857352386,ok,0,12,10,0.0
chb03,chb03_10.edf,2700.0,2704.0,0.5,0.35,76,0.5111297385677903,ok,0,11,10,0.0
chb03,chb03_10.edf,2700.0,2704.0,0.5,0.35,77,1.4397992123948258,ok,0,10,9,0.0
chb03,chb03_10.edf,2700.0,2704.0,0.5,0.35,78,0.9766803344407501,ok,0,10,9,0.0
chb03,chb03_10.edf,2700.0,2704.0,0.5,0.35,79,0.15218217883084012,ok,0,8,6,0.0
chb03,chb03_10.edf,2700.0,2704.0,0.5,0.35,80,0.48943288169382493,ok,0,10,8,0.0
chb03,chb03_10.edf,2700.0,2704.0,0.5,0.35,81,1.391697303472564,ok,0,9,8,0.0
chb03,chb03_10.edf,2700.0,2704.0,0.5,0.7,62,0.5294834872571414,ok,0,12,10,0.0
chb03,chb03_10.edf,2700.0,2704.0,0.5,0.7,63,0.5907816647430773,ok,0,9,8,0.0
chb03,chb03_10.edf,2700.0,2704.0,0.5,0.7,64,0.330987401192259,ok,0,9,8,0.0
chb03,chb03_10.edf,2700.0,2704.0,0.5,0.7,65,0.4126833061257797,ok,0,9,8,0.0
chb03,chb03_10.edf,2700.0,2704.0,0.5,0.7,66,0.3428004452807938,ok,0,11,9,0.0
chb03,chb03_10.edf,2700.0,2704.0,0.5,0.7,67,0.9454773281444654,ok,0,7,6,0.0
chb03,chb03_10.edf,2700.0,2704.0,0.5,0.7,68,1.3654487101174362,ok,0,11,9,0.0
chb03,chb03_10.edf,2700.0,2704.0,0.5,0.7,69,1.299237221724796,ok,0,10,9,0.0
chb03,chb03_10.edf,2700.0,2704.0,0.5,0.7,70,0.5063250877657728,ok,0,14,13,0.0
chb03,chb03_10.edf,2700.0,2704.0,0.5,0.7,71,1.6131932202124402,ok,0,11,10,0.0
chb03,chb03_10.edf,2700.0,2704.0,0.5,0.7,72,1.4766407078238295,ok,0,7,6,0.0
chb03,chb03_10.edf,2700.0,2704.0,0.5,0.7,73,0.5672655865104258,ok,0,9,8,0.0
chb03,chb03_10.edf,2700.0,2704.0,0.5,0.7,74,0.533401631853858,ok,0,10,9,0.0
chb03,chb03_10.edf,2700.0,2704.0,0.5,0.7,75,0.9654666566235744,ok,0,12,10,0.0
chb03,chb03_10.edf,2700.0,2704.0,0.5,0.7,76,0.4415947749953688,ok,0,11,10,0.0
chb03,chb03_10.edf,2700.0,2704.0,0.5,0.7,77,0.1403159073603611,ok,0,10,8,0.0
chb03,chb03_10.edf,2700.0,2704.0,0.5,0.7,78,0.18510290489197903,ok,0,9,8,0.0
chb03,chb03_10.edf,2700.0,2704.0,0.5,0.7,79,0.15218217883084012,ok,0,8,6,0.0
chb03,chb03_10.edf,2700.0,2704.0,0.5,0.7,80,0.48943288169382493,ok,0,10,8,0.0
chb03,chb03_10.edf,2700.0,2704.0,0.5,0.7,81,1.358951431600818,ok,0,9,8,0.0
chb03,chb03_10.edf,2700.0,2704.0,1.0,0.0,62,0.7743914046997703,ok,0,11,10,0.0
chb03,chb03_10.edf,2700.0,2704.0,1.0,0.0,63,0.21488489744161204,ok,0,8,7,0.0
chb03,chb03_10.edf,2700.0,2704.0,1.0,0.0,64,0.17192047651837583,ok,0,10,9,0.0
chb03,chb03_10.edf,2700.0,2704.0,1.0,0.0,65,0.48620003231413916,ok,0,12,9,0.0
chb03,chb03_10.edf,2700.0,2704.0,1.0,0.0,66,1.3756822323974554,ok,0,13,11,0.0
chb03,chb03_10.edf,2700.0,2704.0,1.0,0.0,67,1.0067830609804835,ok,0,9,8,0.0
chb03,chb03_10.edf,2700.0,2704.0,1.0,0.0,68,1.5176810316646947,ok,0,13,11,0.0
chb03,chb03_10.edf,2700.0,2704.0,1.0,0.0,69,1.0610836315798138,ok,0,8,5,0.0
chb03,chb03_10.edf,2700.0,2704.0,1.0,0.0,70,0.981919803246944,ok,0,12,11,0.0
chb03,chb03_10.edf,2700.0,2704.0,1.0,0.0,71,1.7937447317653397,ok,0,10,8,0.0
chb03,chb03_10.edf,2700.0,2704.0,1.0,0.0,72,0.18642507739616473,ok,0,6,5,0.0
chb03,chb03_10.edf,2700.0,2704.0,1.0,0.0,73,0.5987516059102022,ok,0,9,8,0.0
chb03,chb03_10.edf,2700.0,2704.0,1.0,0.0,74,0.6443582292066723,ok,0,11,10,0.0
chb03,chb03_10.edf,2700.0,2704.0,1.0,0.0,75,1.65888681246551,ok,0,10,7,0.0
chb03,chb03_10.edf,2700.0,2704.0,1.0,0.0,76,0.22553402254439306,ok,0,12,11,0.0
chb03,chb03_10.edf,2700.0,2704.0,1.0,0.0,77,1.261454559020981,ok,0,10,9,0.0
chb03,chb03_10.edf,2700.0,2704.0,1.0,0.0,78,1.9856992051961986,ok,0,12,11,0.0
chb03,chb03_10.edf,2700.0,2704.0,1.0,0.0,79,0.1609368397508929,ok,0,7,6,0.0
chb03,chb03_10.edf,2700.0,2704.0,1.0,0.0,80,0.8375512923759941,ok,0,11,9,0.0
chb03,chb03_10.edf,2700.0,2704.0,1.0,0.0,81,1.3218647883394035,ok,0,10,8,0.0
chb03,chb03_10.edf,2700.0,2704.0,1.0,0.175,62,0.8207228509784782,ok,0,12,11,0.0
chb03,chb03_10.edf,2700.0,2704.0,1.0,0.175,63,0.16726057798219393,ok,0,8,7,0.0
chb03,chb03_10.edf,2700.0,2704.0,1.0,0.175,64,0.17192047651837583,ok,0,10,9,0.0
chb03,chb03_10.edf,2700.0,2704.0,1.0,0.175,65,0.49292157435773215,ok,0,12,10,0.0
chb03,chb03_10.edf,2700.0,2704.0,1.0,0.175,66,1.5167540848237777,ok,0,12,10,0.0
chb03,chb03_10.edf,2700.0,2704.0,1.0,0.175,67,1.0067830609804835,ok,0,9,8,0.0
chb03,chb03_10.edf,2700.0,2704.0,1.0,0.175,68,1.5176810316646947,ok,0,13,11,0.0
chb03,chb03_10.edf,2700.0,2704.0,1.0,0.175,69,1.0610836315798138,ok,0,8,5,0.0
chb03,chb03_10.edf,2700.0,2704.0,1.0,0.175,70,0.981919803246944,ok,0,12,11,0.0
chb03,chb03_10.edf,2700.0,2704.0,1.0,0.175,71,1.7937447317653397,ok,0,10,8,0.0
chb03,chb03_10.edf,2700.0,2704.0,1.0,0.175,72,0.18642507739616473,ok,0,6,5,0.0
chb03,chb03_10.edf,2700.0,2704.0,1.0,0.175,73,0.6509225070618303,ok,0,9,8,0.0
chb03,chb03_10.edf,2700.0,2704.0,1.0,0.175,74,0.6443582292066723,ok,0,11,10,0.0
chb03,chb03_10.edf,2700.0,2704.0,1.0,0.175,75,1.5912551774874504,ok,0,9,7,0.0
chb03,chb03_10.edf,2700.0,2704.0,1.0,0.175,76,0.22553402254439306,ok,0,12,11,0.0
chb03,chb03_10.edf,2700.0,2704.0,1.0,0.175,77,1.261454559020981,ok,0,10,9,0.0
chb03,chb03_10.edf,2700.0,2704.0,1.0,0.175,78,1.9856992051961986,ok,0,12,11,0.0
chb03,chb03_10.edf,2700.0,2704.0,1.0,0.175,79,0.1609368397508929,ok,0,7,6,0.0
chb03,chb03_10.edf,2700.0,2704.0,1.0,0.175,80,0.8355892494014844,ok,0,11,9,0.0
chb03,chb03_10.edf,2700.0,2704.0,1.0,0.175,81,1.3218647883394035,ok,0,10,8,0.0
chb03,chb03_10.edf,2700.0,2704.0,1.0,0.35,62,0.7923926376390389,ok,0,11,10,0.0
chb03,chb03_10.edf,2700.0,2704.0,1.0,0.35,63,0.5946050294951504,ok,0,9,8,0.0
chb03,chb03_10.edf,2700.0,2704.0,1.0,0.35,64,0.17192047651837583,ok,0,10,9,0.0
chb03,chb03_10.edf,2700.0,2704.0,1.0,0.35,65,0.49292157435773215,ok,0,12,10,0.0
chb03,chb03_10.edf,2700.0,2704.0,1.0,0.35,66,1.5167540848237777,ok,0,12,10,0.0
chb03,chb03_10.edf,2700.0,2704.0,1.0,0.35,67,1.0276695755361174,ok,0,9,8,0.0
chb03,chb03_10.edf,2700.0,2704.0,1.0,0.35,68,1.5176810316646947,ok,0,13,11,0.0
chb03,chb03_10.edf,2700.0,2704.0,1.0,0.35,69,1.0610836315798138,ok,0,8,5,0.0
chb03,chb03_10.edf,2700.0,2704.0,1.0,0.35,70,0.981919803246944,ok,0,12,11,0.0
chb03,chb03_10.edf,2700.0,2704.0,1.0,0.35,71,1.5539808857919553,ok,0,11,9,0.0
chb03,chb03_10.edf,2700.0,2704.0,1.0,0.35,72,0.18642507739616473,ok,0,6,5,0.0
chb03,chb03_10.edf,2700.0,2704.0,1.0,0.35,73,0.6509225070618303,ok,0,9,8,0.0
chb03,chb03_10.edf,2700.0,2704.0,1.0,0.35,74,0.6459406006850896,ok,0,11,10,0.0
chb03,chb03_10.edf,2700.0,2704.0,1.0,0.35,75,1.5912551774874504,ok,0,9,7,0.0
chb03,chb03_10.edf,2700.0,2704.0,1.0,0.35,76,0.2499525155781146,ok,0,12,11,0.0
chb03,chb03_10.edf,2700.0,2704.0,1.0,0.35,77,1.262029887125709,ok,0,9,8,0.0
chb03,chb03_10.edf,2700.0,2704.0,1.0,0.35,78,1.9856992051961986,ok,0,12,11,0.0
chb03,chb03_10.edf,2700.0,2704.0,1.0,0.35,79,0.1609368397508929,ok,0,7,6,0.0
chb03,chb03_10.edf,2700.0,2704.0,1.0,0.35,80,0.8355892494014844,ok,0,11,9,0.0
chb03,chb03_10.edf,2700.0,2704.0,1.0,0.35,81,1.3218647883394035,ok,0,10,8,0.0
chb03,chb03_10.edf,2700.0,2704.0,1.0,0.7,62,1.1176711901187644,ok,0,8,7,0.0
chb03,chb03_10.edf,2700.0,2704.0,1.0,0.7,63,0.5916894312588454,ok,0,9,8,0.0
chb03,chb03_10.edf,2700.0,2704.0,1.0,0.7,64,0.19066012295924756,ok,0,10,9,0.0
chb03,chb03_10.edf,2700.0,2704.0,1.0,0.7,65,0.4015001414675972,ok,0,12,10,0.0
chb03,chb03_10.edf,2700.0,2704.0,1.0,0.7,66,1.4628475626974093,ok,0,12,9,0.0
chb03,chb03_10.edf,2700.0,2704.0,1.0,0.7,67,1.0235396518172173,ok,0,9,8,0.0
chb03,chb03_10.edf,2700.0,2704.0,1.0,0.7,68,1.5988215782261093,ok,0,12,10,0.0
chb03,chb03_10.edf,2700.0,2704.0,1.0,0.7,69,1.0610836315798138,ok,0,8,5,0.0
chb03,chb03_10.edf,2700.0,2704.0,1.0,0.7,70,1.3380333551068386,ok,0,10,8,0.0
chb03,chb03_10.edf,2700.0,2704.0,1.0,0.7,71,1.5539808857919553,ok,0,11,9,0.0
chb03,chb03_10.edf,2700.0,2704.0,1.0,0.7,72,0.18642507739616473,ok,0,6,5,0.0
chb03,chb03_10.edf,2700.0,2704.0,1.0,0.7,73,0.5994116914586658,ok,0,9,7,0.0
chb03,chb03_10.edf,2700.0,2704.0,1.0,0.7,74,0.6288403684535347,ok,0,10,9,0.0
chb03,chb03_10.edf,2700.0,2704.0,1.0,0.7,75,1.592856858501429,ok,0,8,6,0.0
chb03,chb03_10.edf,2700.0,2704.0,1.0,0.7,76,0.3013240806955402,ok,0,11,10,0.0
chb03,chb03_10.edf,2700.0,2704.0,1.0,0.7,77,1.262029887125709,ok,0,9,8,0.0
chb03,chb03_10.edf,2700.0,2704.0,1.0,0.7,78,1.9631344254759628,ok,0,13,12,0.0
chb03,chb03_10.edf,2700.0,2704.0,1.0,0.7,79,0.1609368397508929,ok,0,7,6,0.0
chb03,chb03_10.edf,2700.0,2704.0,1.0,0.7,80,0.8355892494014844,ok,0,11,9,0.0
chb03,chb03_10.edf,2700.0,2704.0,1.0,0.7,81,1.3218647883394035,ok,0,10,8,0.0
chb03,chb03_34.edf,904.0,908.0,0.25,0.0,62,0.6171842911523988,ok,0,10,9,0.0
chb03,chb03_34.edf,904.0,908.0,0.25,0.0,63,2.043747370146671,ok,0,9,8,0.0
chb03,chb03_34.edf,904.0,908.0,0.25,0.0,64,0.8756532617719204,ok,0,9,8,0.0
chb03,chb03_34.edf,904.0,908.0,0.25,0.0,65,0.9667718123938864,ok,0,11,10,0.0
chb03,chb03_34.edf,904.0,908.0,0.25,0.0,66,0.3631787913269073,ok,0,11,9,0.0
chb03,chb03_34.edf,904.0,908.0,0.25,0.0,67,0.8092054221906116,ok,0,11,9,0.0
chb03,chb03_34.edf,904.0,908.0,0.25,0.0,68,0.9681035064574081,ok,0,9,8,0.0
chb03,chb03_34.edf,904.0,908.0,0.25,0.0,69,1.241548694349417,ok,0,10,8,0.0
chb03,chb03_34.edf,904.0,908.0,0.25,0.0,70,0.2793983295119334,ok,0,9,8,0.0
chb03,chb03_34.edf,904.0,908.0,0.25,0.0,71,1.5904417843670142,ok,0,12,11,0.0
chb03,chb03_34.edf,904.0,908.0,0.25,0.0,72,0.9990557900479503,ok,0,11,9,0.0
chb03,chb03_34.edf,904.0,908.0,0.25,0.0,73,0.4814093715175572,ok,0,8,7,0.0
chb03,chb03_34.edf,904.0,908.0,0.25,0.0,74,0.6162790697674418,ok,0,11,8,0.0
chb03,chb03_34.edf,904.0,908.0,0.25,0.0,75,0.35394981220923855,ok,0,12,11,0.0
chb03,chb03_34.edf,904.0,908.0,0.25,0.0,76,0.3909772130214703,ok,0,12,11,0.0
chb03,chb03_34.edf,904.0,908.0,0.25,0.0,77,0.9447730595988872,ok,0,6,4,0.0
chb03,chb03_34.edf,904.0,908.0,0.25,0.0,78,1.3483863463099397,ok,0,11,10,0.0
chb03,chb03_34.edf,904.0,908.0,0.25,0.0,79,0.1609368397508929,ok,0,7,6,0.0
chb03,chb03_34.edf,904.0,908.0,0.25,0.0,80,0.1797136108456547,ok,0,12,10,0.0
chb03,chb03_34.edf,904.0,908.0,0.25,0.0,81,1.4033891062507988,ok,0,10,7,0.0
chb03,chb03_34.edf,904.0,908.0,0.25,0.175,62,0.9014449443960928,ok,0,10,8,0.0
chb03,chb03_34.edf,904.0,908.0,0.25,0.175,63,0.227675812532863,ok,0,9,8,0.0
chb03,chb03_34.edf,904.0,908.0,0.25,0.175,64,0.8756532617719204,ok,0,9,8,0.0
chb03,chb03_34.edf,904.0,908.0,0.25,0.175,65,0.9817459458706244,ok,0,12,11,0.0
chb03,chb03_34.edf,904.0,908.0,0.25,0.175,66,0.3631787913269073,ok,0,11,9,0.0
chb03,chb03_34.edf,904.0,908.0,0.25,0.175,67,0.3632060189526681,ok,0,10,8,0.0
chb03,chb03_34.edf,904.0,908.0,0.25,0.175,68,1.046349240967186,ok,0,10,9,0.0
chb03,chb03_34.edf,904.0,908.0,0.25,0.175,69,1.3021781104089274,ok,0,9,7,0.0
chb03,chb03_34.edf,904.0,908.0,0.25,0.175,70,0.2793983295119334,ok,0,9,8,0.0
chb03,chb03_34.edf,904.0,908.0,0.25,0.175,71,1.5904417843670142,ok,0,12,11,0.0
chb03,chb03_34.edf,904.0,908.0,0.25,0.175,72,1.0964630882706925,ok,0,10,8,0.0
chb03,chb03_34.edf,904.0,908.0,0.25,0.175,73,0.5053173768780573,ok,0,8,7,0.0
chb03,chb03_34.edf,904.0,908.0,0.25,0.175,74,0.4834994345820552,ok,0,12,10,0.0
chb03,chb03_34.edf,904.0,908.0,0.25,0.175,75,0.35394981220923855,ok,0,12,11,0.0
chb03,chb03_34.edf,904.0,908.0,0.25,0.175,76,1.6326717596039055,ok,0,9,8,0.0
chb03,chb03_34.edf,904.0,908.0,0.25,0.175,77,0.9447730595988872,ok,0,6,4,0.0
chb03,chb03_34.edf,904.0,908.0,0.25,0.175,78,1.3483863463099397,ok,0,11,10,0.0
chb03,chb03_34.edf,904.0,908.0,0.25,0.175,79,0.1609368397508929,ok,0,7,6,0.0
chb03,chb03_34.edf,904.0,908.0,0.25,0.175,80,0.19495354712844482,ok,0,12,10,0.0
chb03,chb03_34.edf,904.0,908.0,0.25,0.175,81,1.2832900944307037,ok,0,10,8,0.0
chb03,chb03_34.edf,904.0,908.0,0.25,0.35,62,0.26257494104338314,ok,0,10,8,0.0
chb03,chb03_34.edf,904.0,908.0,0.25,0.35,63,0.227675812532863,ok,0,9,8,0.0
chb03,chb03_34.edf,904.0,908.0,0.25,0.35,64,0.8756532617719204,ok,0,9,8,0.0
chb03,chb03_34.edf,904.0,908.0,0.25,0.35,65,0.9984154721741337,ok,0,13,11,0.0
chb03,chb03_34.edf,904.0,908.0,0.25,0.35,66,0.6119081143778234,ok,0,10,8,0.0
chb03,chb03_34.edf,904.0,908.0,0.25,0.35,67,0.3632060189526681,ok,0,10,8,0.0
chb03,chb03_34.edf,904.0,908.0,0.25,0.35,68,1.0726340872569498,ok,0,11,10,0.0
chb03,chb03_34.edf,904.0,908.0,0.25,0.35,69,1.3021781104089274,ok,0,9,7,0.0
chb03,chb03_34.edf,904.0,908.0,0.25,0.35,70,0.2850088804323723,ok,0,8,7,0.0
chb03,chb03_34.edf,904.0,908.0,0.25,0.35,71,1.638694282615287,ok,0,13,12,0.0
chb03,chb03_34.edf,904.0,908.0,0.25,0.35,72,0.8299340444370628,ok,0,12,10,0.0
chb03,chb03_34.edf,904.0,908.0,0.25,0.35,73,0.6845580569746975,ok,0,7,6,0.0
chb03,chb03_34.edf,904.0,908.0,0.25,0.35,74,0.4834994345820552,ok,0,12,10,0.0
chb03,chb03_34.edf,904.0,908.0,0.25,0.35,75,0.35394981220923855,ok,0,12,11,0.0
chb03,chb03_34.edf,904.0,908.0,0.25,0.35,76,0.4166477697906885,ok,0,10,9,0.0
chb03,chb03_34.edf,904.0,908.0,0.25,0.35,77,0.9447730595988872,ok,0,6,4,0.0
chb03,chb03_34.edf,904.0,908.0,0.25,0.35,78,1.3475272288530968,ok,0,11,10,0.0
chb03,chb03_34.edf,904.0,908.0,0.25,0.35,79,0.1878077787684282,ok,0,7,6,0.0
chb03,chb03_34.edf,904.0,908.0,0.25,0.35,80,0.6194958117935075,ok,0,12,10,0.0
chb03,chb03_34.edf,904.0,908.0,0.25,0.35,81,1.2832900944307037,ok,0,10,8,0.0
chb03,chb03_34.edf,904.0,908.0,0.25,0.7,62,1.7637976798090707,ok,0,11,9,0.0
chb03,chb03_34.edf,904.0,908.0,0.25,0.7,63,0.6056747386821255,ok,0,10,9,0.0
chb03,chb03_34.edf,904.0,908.0,0.25,0.7,64,0.960386606658378,ok,0,8,7,0.0
chb03,chb03_34.edf,904.0,908.0,0.25,0.7,65,0.9912979663777342,ok,0,13,11,0.0
chb03,chb03_34.edf,904.0,908.0,0.25,0.7,66,0.17445973150462735,ok,0,8,6,0.0
chb03,chb03_34.edf,904.0,908.0,0.25,0.7,67,0.6895276292333988,ok,0,12,10,0.0
chb03,chb03_34.edf,904.0,908.0,0.25,0.7,68,1.2160576545878339,ok,0,9,8,0.0
chb03,chb03_34.edf,904.0,908.0,0.25,0.7,69,1.3168468270537093,ok,0,8,7,0.0
chb03,chb03_34.edf,904.0,908.0,0.25,0.7,70,0.27296956278070617,ok,0,7,6,0.0
chb03,chb03_34.edf,904.0,908.0,0.25,0.7,71,1.5520512049619675,ok,0,12,11,0.0
chb03,chb03_34.edf,904.0,908.0,0.25,0.7,72,0.8501757741011069,ok,0,10,9,0.0
chb03,chb03_34.edf,904.0,908.0,0.25,0.7,73,0.6515333193955705,ok,0,11,9,0.0
chb03,chb03_34.edf,904.0,908.0,0.25,0.7,74,0.5190987380939824,ok,0,9,8,0.0
chb03,chb03_34.edf,904.0,908.0,0.25,0.7,75,0.5599997647152526,ok,0,10,9,0.0
chb03,chb03_34.edf,904.0,908.0,0.25,0.7,76,0.2747499826329917,ok,0,10,9,0.0
chb03,chb03_34.edf,904.0,908.0,0.25,0.7,77,1.0198604286431217,ok,0,5,4,0.0
chb03,chb03_34.edf,904.0,908.0,0.25,0.7,78,1.3970083407593852,ok,0,9,8,0.0
chb03,chb03_34.edf,904.0,908.0,0.25,0.7,79,0.07991608402758157,ok,0,9,8,0.0
chb03,chb03_34.edf,904.0,908.0,0.25,0.7,80,0.5881380384128505,ok,0,9,7,0.0
chb03,chb03_34.edf,904.0,908.0,0.25,0.7,81,1.1373323494450045,ok,0,7,6,0.0
chb03,chb03_34.edf,904.0,908.0,0.5,0.0,62,0.5712931377579745,ok,0,12,11,0.0
chb03,chb03_34.edf,904.0,908.0,0.5,0.0,63,0.16726057798219393,ok,0,8,7,0.0
chb03,chb03_34.edf,904.0,908.0,0.5,0.0,64,0.19637001542360058,ok,0,9,8,0.0
chb03,chb03_34.edf,904.0,908.0,0.5,0.0,65,0.546024803519956,ok,0,10,8,0.0
chb03,chb03_34.edf,904.0,908.0,0.5,0.0,66,0.3428004452807938,ok,0,11,9,0.0
chb03,chb03_34.edf,904.0,908.0,0.5,0.0,67,0.9454773281444654,ok,0,7,6,0.0
chb03,chb03_34.edf,904.0,908.0,0.5,0.0,68,1.2291207868644798,ok,0,12,11,0.0
chb03,chb03_34.edf,904.0,908.0,0.5,0.0,69,1.1682562182790923,ok,0,9,7,0.0
chb03,chb03_34.edf,904.0,908.0,0.5,0.0,70,0.5111811702061327,ok,0,14,13,0.0
chb03,chb03_34.edf,904.0,908.0,0.5,0.0,71,1.8179982256514546,ok,0,11,9,0.0
chb03,chb03_34.edf,904.0,908.0,0.5,0.0,72,0.18642507739616473,ok,0,6,5,0.0
chb03,chb03_34.edf,904.0,908.0,0.5,0.0,73,0.6286253346157429,ok,0,10,9,0.0
chb03,chb03_34.edf,904.0,908.0,0.5,0.0,74,0.6476197533905482,ok,0,9,7,0.0
chb03,chb03_34.edf,904.0,908.0,0.5,0.0,75,0.9626906857352386,ok,0,12,10,0.0
chb03,chb03_34.edf,904.0,908.0,0.5,0.0,76,0.48840569686484475,ok,0,10,9,0.0
chb03,chb03_34.edf,904.0,908.0,0.5,0.0,77,1.4397992123948258,ok,0,10,9,0.0
chb03,chb03_34.edf,904.0,908.0,0.5,0.0,78,0.8783739115481473,ok,0,10,9,0.0
chb03,chb03_34.edf,904.0,908.0,0.5,0.0,79,0.6660998123404629,ok,0,8,7,0.0
chb03,chb03_34.edf,904.0,908.0,0.5,0.0,80,0.48943288169382493,ok,0,10,8,0.0
chb03,chb03_34.edf,904.0,908.0,0.5,0.0,81,1.3487816138931745,ok,0,10,9,0.0
chb03,chb03_34.edf,904.0,908.0,0.5,0.175,62,0.5687028088741318,ok,0,12,11,0.0
chb03,chb03_34.edf,904.0,908.0,0.5,0.175,63,0.5916894312588454,ok,0,9,8,0.0
chb03,chb03_34.edf,904.0,908.0,0.5,0.175,64,0.33066737835270793,ok,0,10,9,0.0
chb03,chb03_34.edf,904.0,908.0,0.5,0.175,65,0.546024803519956,ok,0,10,8,0.0
chb03,chb03_34.edf,904.0,908.0,0.5,0.175,66,0.3428004452807938,ok,0,11,9,0.0
chb03,chb03_34.edf,904.0,908.0,0.5,0.175,67,0.9454773281444654,ok,0,7,6,0.0
chb03,chb03_34.edf,904.0,908.0,0.5,0.175,68,1.2291207868644798,ok,0,12,11,0.0
chb03,chb03_34.edf,904.0,908.0,0.5,0.175,69,1.3020448419914015,ok,0,9,7,0.0
chb03,chb03_34.edf,904.0,908.0,0.5,0.175,70,0.5111811702061327,ok,0,14,13,0.0
chb03,chb03_34.edf,904.0,908.0,0.5,0.175,71,1.8814282450408817,ok,0,11,10,0.0
chb03,chb03_34.edf,904.0,908.0,0.5,0.175,72,0.18642507739616473,ok,0,6,5,0.0
chb03,chb03_34.edf,904.0,908.0,0.5,0.175,73,0.6549965147374929,ok,0,9,8,0.0
chb03,chb03_34.edf,904.0,908.0,0.5,0.175,74,0.5906725215417822,ok,0,10,8,0.0
chb03,chb03_34.edf,904.0,908.0,0.5,0.175,75,0.9626906857352386,ok,0,12,10,0.0
chb03,chb03_34.edf,904.0,908.0,0.5,0.175,76,0.4917726859794421,ok,0,11,10,0.0
chb03,chb03_34.edf,904.0,908.0,0.5,0.175,77,1.487661106245009,ok,0,9,8,0.0
chb03,chb03_34.edf,904.0,908.0,0.5,0.175,78,0.5201279910797982,ok,0,11,10,0.0
chb03,chb03_34.edf,904.0,908.0,0.5,0.175,79,0.669320371720449,ok,0,8,7,0.0
chb03,chb03_34.edf,904.0,908.0,0.5,0.175,80,0.6865578344552838,ok,0,10,8,0.0
chb03,chb03_34.edf,904.0,908.0,0.5,0.175,81,1.3453019320978854,ok,0,10,9,0.0
chb03,chb03_34.edf,904.0,908.0,0.5,0.35,62,0.5687028088741318,ok,0,12,11,0.0
chb03,chb03_34.edf,904.0,908.0,0.5,0.35,63,0.5916894312588454,ok,0,9,8,0.0
chb03,chb03_34.edf,904.0,908.0,0.5,0.35,64,0.33066737835270793,ok,0,10,9,0.0
chb03,chb03_34.edf,904.0,908.0,0.5,0.35,65,0.546024803519956,ok,0,10,8,0.0
chb03,chb03_34.edf,904.0,908.0,0.5,0.35,66,0.3464378370998594,ok,0,10,8,0.0
chb03,chb03_34.edf,904.0,908.0,0.5,0.35,67,0.9454773281444654,ok,0,7,6,0.0
chb03,chb03_34.edf,904.0,908.0,0.5,0.35,68,1.4133877347084713,ok,0,10,9,0.0
chb03,chb03_34.edf,904.0,908.0,0.5,0.35,69,1.1865336541958327,ok,0,9,6,0.0
chb03,chb03_34.edf,904.0,908.0,0.5,0.35,70,0.5111811702061327,ok,0,14,13,0.0
chb03,chb03_34.edf,904.0,908.0,0.5,0.35,71,1.5904417843670142,ok,0,12,11,0.0
chb03,chb03_34.edf,904.0,908.0,0.5,0.35,72,0.18642507739616473,ok,0,6,5,0.0
chb03,chb03_34.edf,904.0,908.0,0.5,0.35,73,0.6551843256168434,ok,0,9,8,0.0
chb03,chb03_34.edf,904.0,908.0,0.5,0.35,74,0.679518065785539,ok,0,9,8,0.0
chb03,chb03_34.edf,904.0,908.0,0.5,0.35,75,0.9626906857352386,ok,0,12,10,0.0
chb03,chb03_34.edf,904.0,908.0,0.5,0.35,76,0.4917726859794421,ok,0,11,10,0.0
chb03,chb03_34.edf,904.0,908.0,0.5,0.35,77,1.4882095124675974,ok,0,9,8,0.0
chb03,chb03_34.edf,904.0,908.0,0.5,0.35,78,0.5788115489061645,ok,0,12,11,0.0
chb03,chb03_34.edf,904.0,908.0,0.5,0.35,79,0.669320371720449,ok,0,8,7,0.0
chb03,chb03_34.edf,904.0,908.0,0.5,0.35,80,0.6865578344552838,ok,0,10,8,0.0
chb03,chb03_34.edf,904.0,908.0,0.5,0.35,81,1.232679179014239,ok,0,12,10,0.0
chb03,chb03_34.edf,904.0,908.0,0.5,0.7,62,0.5681709798095599,ok,0,12,11,0.0
chb03,chb03_34.edf,904.0,908.0,0.5,0.7,63,0.4377894992461785,ok,0,11,10,0.0
chb03,chb03_34.edf,904.0,908.0,0.5,0.7,64,0.352914858435462,ok,0,10,9,0.0
chb03,chb03_34.edf,904.0,908.0,0.5,0.7,65,0.2497157714305131,ok,0,9,7,0.0
chb03,chb03_34.edf,904.0,908.0,0.5,0.7,66,0.4755439766922403,ok,0,9,7,0.0
chb03,chb03_34.edf,904.0,908.0,0.5,0.7,67,0.9454773281444654,ok,0,7,6,0.0
chb03,chb03_34.edf,904.0,908.0,0.5,0.7,68,1.3095330959939022,ok,0,11,10,0.0
chb03,chb03_34.edf,904.0,908.0,0.5,0.7,69,1.261380592713674,ok,0,9,8,0.0
chb03,chb03_34.edf,904.0,908.0,0.5,0.7,70,0.5355707050612548,ok,0,12,10,0.0
chb03,chb03_34.edf,904.0,908.0,0.5,0.7,71,1.638694282615287,ok,0,13,12,0.0
chb03,chb03_34.edf,904.0,908.0,0.5,0.7,72,1.1712004668059288,ok,0,8,7,0.0
chb03,chb03_34.edf,904.0,908.0,0.5,0.7,73,0.49985957143880405,ok,0,7,6,0.0
chb03,chb03_34.edf,904.0,908.0,0.5,0.7,74,0.46102076699337075,ok,0,9,8,0.0
chb03,chb03_34.edf,904.0,908.0,0.5,0.7,75,1.0092361101107892,ok,0,11,9,0.0
chb03,chb03_34.edf,904.0,908.0,0.5,0.7,76,0.22553402254439306,ok,0,12,11,0.0
chb03,chb03_34.edf,904.0,908.0,0.5,0.7,77,1.4404366547069316,ok,0,10,9,0.0
chb03,chb03_34.edf,904.0,908.0,0.5,0.7,78,0.7219850036334876,ok,0,12,11,0.0
chb03,chb03_34.edf,904.0,908.0,0.5,0.7,79,0.17421807223432523,ok,0,7,6,0.0
chb03,chb03_34.edf,904.0,908.0,0.5,0.7,80,0.9419579198531853,ok,0,7,6,0.0
chb03,chb03_34.edf,904.0,908.0,0.5,0.7,81,1.294541689113677,ok,0,11,9,0.0
chb03,chb03_34.edf,904.0,908.0,1.0,0.0,62,0.7743914046997703,ok,0,11,10,0.0
chb03,chb03_34.edf,904.0,908.0,1.0,0.0,63,0.21488489744161204,ok,0,8,7,0.0
chb03,chb03_34.edf,904.0,908.0,1.0,0.0,64,0.17192047651837583,ok,0,10,9,0.0
chb03,chb03_34.edf,904.0,908.0,1.0,0.0,65,0.48620003231413916,ok,0,12,9,0.0
chb03,chb03_34.edf,904.0,908.0,1.0,0.0,66,1.3756822323974554,ok,0,13,11,0.0
chb03,chb03_34.edf,904.0,908.0,1.0,0.0,67,1.0067830609804835,ok,0,9,8,0.0
chb03,chb03_34.edf,904.0,908.0,1.0,0.0,68,1.5176810316646947,ok,0,13,11,0.0
chb03,chb03_34.edf,904.0,908.0,1.0,0.0,69,1.0610836315798138,ok,0,8,5,0.0
chb03,chb03_34.edf,904.0,908.0,1.0,0.0,70,0.981919803246944,ok,0,12,11,0.0
chb03,chb03_34.edf,904.0,908.0,1.0,0.0,71,1.7937447317653397,ok,0,10,8,0.0
chb03,chb03_34.edf,904.0,908.0,1.0,0.0,72,0.18642507739616473,ok,0,6,5,0.0
chb03,chb03_34.edf,904.0,908.0,1.0,0.0,73,0.5987516059102022,ok,0,9,8,0.0
chb03,chb03_34.edf,904.0,908.0,1.0,0.0,74,0.6443582292066723,ok,0,11,10,0.0
chb03,chb03_34.edf,904.0,908.0,1.0,0.0,75,1.65888681246551,ok,0,10,7,0.0
chb03,chb03_34.edf,904.0,908.0,1.0,0.0,76,0.22553402254439306,ok,0,12,11,0.0
chb03,chb03_34.edf,904.0,908.0,1.0,0.0,77,1.261454559020981,ok,0,10,9,0.0
chb03,chb03_34.edf,904.0,908.0,1.0,0.0,78,1.9856992051961986,ok,0,12,11,0.0
chb03,chb03_34.edf,904.0,908.0,1.0,0.0,79,0.1609368397508929,ok,0,7,6,0.0
chb03,chb03_34.edf,904.0,908.0,1.0,0.0,80,0.8375512923759941,ok,0,11,9,0.0
chb03,chb03_34.edf,904.0,908.0,1.0,0.0,81,1.3218647883394035,ok,0,10,8,0.0
chb03,chb03_34.edf,904.0,908.0,1.0,0.175,62,0.8207228509784782,ok,0,12,11,0.0
chb03,chb03_34.edf,904.0,908.0,1.0,0.175,63,0.21488489744161204,ok,0,8,7,0.0
chb03,chb03_34.edf,904.0,908.0,1.0,0.175,64,0.19787703507497612,ok,0,10,9,0.0
chb03,chb03_34.edf,904.0,908.0,1.0,0.175,65,0.48620003231413916,ok,0,12,9,0.0
chb03,chb03_34.edf,904.0,908.0,1.0,0.175,66,1.3756822323974554,ok,0,13,11,0.0
chb03,chb03_34.edf,904.0,908.0,1.0,0.175,67,1.0067830609804835,ok,0,9,8,0.0
chb03,chb03_34.edf,904.0,908.0,1.0,0.175,68,0.2073097915140307,ok,0,12,10,0.0
chb03,chb03_34.edf,904.0,908.0,1.0,0.175,69,1.0610836315798138,ok,0,8,5,0.0
chb03,chb03_34.edf,904.0,908.0,1.0,0.175,70,0.943836755438733,ok,0,12,11,0.0
chb03,chb03_34.edf,904.0,908.0,1.0,0.175,71,1.7937447317653397,ok,0,10,8,0.0
chb03,chb03_34.edf,904.0,908.0,1.0,0.175,72,0.18642507739616473,ok,0,6,5,0.0
chb03,chb03_34.edf,904.0,908.0,1.0,0.175,73,0.5823203888824564,ok,0,8,7,0.0
chb03,chb03_34.edf,904.0,908.0,1.0,0.175,74,0.6443582292066723,ok,0,11,10,0.0
chb03,chb03_34.edf,904.0,908.0,1.0,0.175,75,1.65888681246551,ok,0,10,7,0.0
chb03,chb03_34.edf,904.0,908.0,1.0,0.175,76,0.21554187051388352,ok,0,13,12,0.0
chb03,chb03_34.edf,904.0,908.0,1.0,0.175,77,1.261454559020981,ok,0,10,9,0.0
chb03,chb03_34.edf,904.0,908.0,1.0,0.175,78,2.0008167178077203,ok,0,11,10,0.0
chb03,chb03_34.edf,904.0,908.0,1.0,0.175,79,0.1609368397508929,ok,0,7,6,0.0
chb03,chb03_34.edf,904.0,908.0,1.0,0.175,80,0.847592558041268,ok,0,12,10,0.0
chb03,chb03_34.edf,904.0,908.0,1.0,0.175,81,1.3218647883394035,ok,0,10,8,0.0
chb03,chb03_34.edf,904.0,908.0,1.0,0.35,62,0.8207228509784782,ok,0,12,11,0.0
chb03,chb03_34.edf,904.0,908.0,1.0,0.35,63,0.21488489744161204,ok,0,8,7,0.0
chb03,chb03_34.edf,904.0,908.0,1.0,0.35,64,0.19787703507497612,ok,0,10,9,0.0
chb03,chb03_34.edf,904.0,908.0,1.0,0.35,65,0.49292157435773215,ok,0,12,10,0.0
chb03,chb03_34.edf,904.0,908.0,1.0,0.35,66,1.4451262207602147,ok,0,12,10,0.0
chb03,chb03_34.edf,904.0,908.0,1.0,0.35,67,1.0067830609804835,ok,0,9,8,0.0
chb03,chb03_34.edf,904.0,908.0,1.0,0.35,68,0.2073097915140307,ok,0,12,10,0.0
chb03,chb03_34.edf,904.0,908.0,1.0,0.35,69,1.1865336541958327,ok,0,9,6,0.0
chb03,chb03_34.edf,904.0,908.0,1.0,0.35,70,1.439763967704024,ok,0,11,9,0.0
chb03,chb03_34.edf,904.0,908.0,1.0,0.35,71,1.7937447317653397,ok,0,10,8,0.0
chb03,chb03_34.edf,904.0,908.0,1.0,0.35,72,0.18642507739616473,ok,0,6,5,0.0
chb03,chb03_34.edf,904.0,908.0,1.0,0.35,73,0.6995145594269688,ok,0,9,8,0.0
chb03,chb03_34.edf,904.0,908.0,1.0,0.35,74,0.6459406006850896,ok,0,11,10,0.0
chb03,chb03_34.edf,904.0,908.0,1.0,0.35,75,1.6701884111809937,ok,0,9,6,0.0
chb03,chb03_34.edf,904.0,908.0,1.0,0.35,76,0.21554187051388352,ok,0,13,12,0.0
chb03,chb03_34.edf,904.0,908.0,1.0,0.35,77,1.261454559020981,ok,0,10,9,0.0
chb03,chb03_34.edf,904.0,908.0,1.0,0.35,78,2.0008167178077203,ok,0,11,10,0.0
chb03,chb03_34.edf,904.0,908.0,1.0,0.35,79,0.1878077787684282,ok,0,7,6,0.0
chb03,chb03_34.edf,904.0,908.0,1.0,0.35,80,0.847592558041268,ok,0,12,10,0.0
chb03,chb03_34.edf,904.0,908.0,1.0,0.35,81,1.3549993431102936,ok,0,9,7,0.0
chb03,chb03_34.edf,904.0,908.0,1.0,0.7,62,0.8207228509784782,ok,0,12,11,0.0
chb03,chb03_34.edf,904.0,908.0,1.0,0.7,63,0.19649437297296482,ok,0,8,7,0.0
chb03,chb03_34.edf,904.0,908.0,1.0,0.7,64,0.19787703507497612,ok,0,10,9,0.0
chb03,chb03_34.edf,904.0,908.0,1.0,0.7,65,0.27335551402955766,ok,0,11,9,0.0
chb03,chb03_34.edf,904.0,908.0,1.0,0.7,66,1.4451262207602147,ok,0,12,10,0.0
chb03,chb03_34.edf,904.0,908.0,1.0,0.7,67,0.9360392022935914,ok,0,10,9,0.0
chb03,chb03_34.edf,904.0,908.0,1.0,0.7,68,0.4749170925663271,ok,0,11,9,0.0
chb03,chb03_34.edf,904.0,908.0,1.0,0.7,69,1.1854301151542164,ok,0,8,6,0.0
chb03,chb03_34.edf,904.0,908.0,1.0,0.7,70,1.2182226042367472,ok,0,10,7,0.0
chb03,chb03_34.edf,904.0,908.0,1.0,0.7,71,1.7937447317653397,ok,0,10,8,0.0
chb03,chb03_34.edf,904.0,908.0,1.0,0.7,72,0.18642507739616473,ok,0,6,5,0.0
chb03,chb03_34.edf,904.0,908.0,1.0,0.7,73,0.5730851332816975,ok,0,8,7,0.0
chb03,chb03_34.edf,904.0,908.0,1.0,0.7,74,0.6946793456684438,ok,0,10,9,0.0
chb03,chb03_34.edf,904.0,908.0,1.0,0.7,75,0.23615341949510363,ok,0,8,6,0.0
chb03,chb03_34.edf,904.0,908.0,1.0,0.7,76,0.3244924176508546,ok,0,12,11,0.0
chb03,chb03_34.edf,904.0,908.0,1.0,0.7,77,1.1823574475580834,ok,0,9,8,0.0
chb03,chb03_34.edf,904.0,908.0,1.0,0.7,78,2.10396237298438,ok,0,12,11,0.0
chb03,chb03_34.edf,904.0,908.0,1.0,0.7,79,0.1878077787684282,ok,0,7,6,0.0
chb03,chb03_34.edf,904.0,908.0,1.0,0.7,80,0.8294292053104381,ok,0,12,10,0.0
chb03,chb03_34.edf,904.0,908.0,1.0,0.7,81,1.3528177372121604,ok,0,9,8,0.0
chb03,chb03_34.edf,2700.0,2704.0,0.25,0.0,62,0.6171842911523988,ok,0,10,9,0.0
chb03,chb03_34.edf,2700.0,2704.0,0.25,0.0,63,2.043747370146671,ok,0,9,8,0.0
chb03,chb03_34.edf,2700.0,2704.0,0.25,0.0,64,0.8756532617719204,ok,0,9,8,0.0
chb03,chb03_34.edf,2700.0,2704.0,0.25,0.0,65,0.9667718123938864,ok,0,11,10,0.0
chb03,chb03_34.edf,2700.0,2704.0,0.25,0.0,66,0.3631787913269073,ok,0,11,9,0.0
chb03,chb03_34.edf,2700.0,2704.0,0.25,0.0,67,0.8092054221906116,ok,0,11,9,0.0
chb03,chb03_34.edf,2700.0,2704.0,0.25,0.0,68,0.9681035064574081,ok,0,9,8,0.0
chb03,chb03_34.edf,2700.0,2704.0,0.25,0.0,69,1.241548694349417,ok,0,10,8,0.0
chb03,chb03_34.edf,2700.0,2704.0,0.25,0.0,70,0.2793983295119334,ok,0,9,8,0.0
chb03,chb03_34.edf,2700.0,2704.0,0.25,0.0,71,1.5904417843670142,ok,0,12,11,0.0
chb03,chb03_34.edf,2700.0,2704.0,0.25,0.0,72,0.9990557900479503,ok,0,11,9,0.0
chb03,chb03_34.edf,2700.0,2704.0,0.25,0.0,73,0.4814093715175572,ok,0,8,7,0.0
chb03,chb03_34.edf,2700.0,2704.0,0.25,0.0,74,0.6162790697674418,ok,0,11,8,0.0
chb03,chb03_34.edf,2700.0,2704.0,0.25,0.0,75,0.35394981220923855,ok,0,12,11,0.0
chb03,chb03_34.edf,2700.0,2704.0,0.25,0.0,76,0.3909772130214703,ok,0,12,11,0.0
chb03,chb03_34.edf,2700.0,2704.0,0.25,0.0,77,0.9447730595988872,ok,0,6,4,0.0
chb03,chb03_34.edf,2700.0,2704.0,0.25,0.0,78,1.3483863463099397,ok,0,11,10,0.0
chb03,chb03_34.edf,2700.0,2704.0,0.25,0.0,79,0.1609368397508929,ok,0,7,6,0.0
chb03,chb03_34.edf,2700.0,2704.0,0.25,0.0,80,0.1797136108456547,ok,0,12,10,0.0
chb03,chb03_34.edf,2700.0,2704.0,0.25,0.0,81,1.4033891062507988,ok,0,10,7,0.0
chb03,chb03_34.edf,2700.0,2704.0,0.25,0.175,62,0.6500852277387171,ok,0,10,9,0.0
chb03,chb03_34.edf,2700.0,2704.0,0.25,0.175,63,2.043747370146671,ok,0,9,8,0.0
chb03,chb03_34.edf,2700.0,2704.0,0.25,0.175,64,0.8756532617719204,ok,0,9,8,0.0
chb03,chb03_34.edf,2700.0,2704.0,0.25,0.175,65,0.9667718123938864,ok,0,11,10,0.0
chb03,chb03_34.edf,2700.0,2704.0,0.25,0.175,66,0.36581014159579417,ok,0,11,9,0.0
chb03,chb03_34.edf,2700.0,2704.0,0.25,0.175,67,0.793177848124112,ok,0,11,9,0.0
chb03,chb03_34.edf,2700.0,2704.0,0.25,0.175,68,0.895157178062396,ok,0,8,7,0.0
chb03,chb03_34.edf,2700.0,2704.0,0.25,0.175,69,1.20327226737019,ok,0,8,6,0.0
chb03,chb03_34.edf,2700.0,2704.0,0.25,0.175,70,0.2793983295119334,ok,0,9,8,0.0
chb03,chb03_34.edf,2700.0,2704.0,0.25,0.175,71,1.529316310105233,ok,0,12,10,0.0
chb03,chb03_34.edf,2700.0,2704.0,0.25,0.175,72,1.0189295409461563,ok,0,10,8,0.0
chb03,chb03_34.edf,2700.0,2704.0,0.25,0.175,73,0.5222483000558874,ok,0,9,8,0.0
chb03,chb03_34.edf,2700.0,2704.0,0.25,0.175,74,0.6162790697674418,ok,0,11,8,0.0
chb03,chb03_34.edf,2700.0,2704.0,0.25,0.175,75,0.35394981220923855,ok,0,12,11,0.0
chb03,chb03_34.edf,2700.0,2704.0,0.25,0.175,76,0.41685710561811734,ok,0,13,12,0.0
chb03,chb03_34.edf,2700.0,2704.0,0.25,0.175,77,0.5311725903537556,ok,0,7,5,0.0
chb03,chb03_34.edf,2700.0,2704.0,0.25,0.175,78,1.2986497817441098,ok,0,11,9,0.0
chb03,chb03_34.edf,2700.0,2704.0,0.25,0.175,79,0.1609368397508929,ok,0,7,6,0.0
chb03,chb03_34.edf,2700.0,2704.0,0.25,0.175,80,0.21406832300309636,ok,0,11,8,0.0
chb03,chb03_34.edf,2700.0,2704.0,0.25,0.175,81,1.391697303472564,ok,0,9,8,0.0
chb03,chb03_34.edf,2700.0,2704.0,0.25,0.35,62,1.0105175094569772,ok,0,9,8,0.0
chb03,chb03_34.edf,2700.0,2704.0,0.25,0.35,63,2.0342364192287428,ok,0,9,8,0.0
chb03,chb03_34.edf,2700.0,2704.0,0.25,0.35,64,0.8188259878606116,ok,0,8,7,0.0
chb03,chb03_34.edf,2700.0,2704.0,0.25,0.35,65,0.7600774977352011,ok,0,13,11,0.0
chb03,chb03_34.edf,2700.0,2704.0,0.25,0.35,66,0.36581014159579417,ok,0,11,9,0.0
chb03,chb03_34.edf,2700.0,2704.0,0.25,0.35,67,0.4809070139962928,ok,0,12,11,0.0
chb03,chb03_34.edf,2700.0,2704.0,0.25,0.35,68,0.9689869528539452,ok,0,9,8,0.0
chb03,chb03_34.edf,2700.0,2704.0,0.25,0.35,69,1.20327226737019,ok,0,8,6,0.0
chb03,chb03_34.edf,2700.0,2704.0,0.25,0.35,70,0.21550866743222294,ok,0,9,8,0.0
chb03,chb03_34.edf,2700.0,2704.0,0.25,0.35,71,1.3381525303296327,ok,0,13,11,0.0
chb03,chb03_34.edf,2700.0,2704.0,0.25,0.35,72,1.5183624704283722,ok,0,11,9,0.0
chb03,chb03_34.edf,2700.0,2704.0,0.25,0.35,73,0.5053173768780573,ok,0,8,7,0.0
chb03,chb03_34.edf,2700.0,2704.0,0.25,0.35,74,0.6005730410553338,ok,0,11,7,0.0
chb03,chb03_34.edf,2700.0,2704.0,0.25,0.35,75,0.5330707688374685,ok,0,11,10,0.0
chb03,chb03_34.edf,2700.0,2704.0,0.25,0.35,76,0.440743016176068,ok,0,14,13,0.0
chb03,chb03_34.edf,2700.0,2704.0,0.25,0.35,77,0.43367569825129393,ok,0,6,4,0.0
chb03,chb03_34.edf,2700.0,2704.0,0.25,0.35,78,1.7391344540899423,ok,0,11,9,0.0
chb03,chb03_34.edf,2700.0,2704.0,0.25,0.35,79,0.1568870781527907,ok,0,8,5,0.0
chb03,chb03_34.edf,2700.0,2704.0,0.25,0.35,80,0.18317349230170574,ok,0,11,9,0.0
chb03,chb03_34.edf,2700.0,2704.0,0.25,0.35,81,1.3558611738243374,ok,0,10,9,0.0
chb03,chb03_34.edf,2700.0,2704.0,0.25,0.7,62,0.7196056143590889,ok,0,9,8,0.0
chb03,chb03_34.edf,2700.0,2704.0,0.25,0.7,63,1.966832933973712,ok,0,10,9,0.0
chb03,chb03_34.edf,2700.0,2704.0,0.25,0.7,64,0.8451766280631661,ok,0,10,9,0.0
chb03,chb03_34.edf,2700.0,2704.0,0.25,0.7,65,0.6951443205888107,ok,0,11,9,0.0
chb03,chb03_34.edf,2700.0,2704.0,0.25,0.7,66,0.36581014159579417,ok,0,11,9,0.0
chb03,chb03_34.edf,2700.0,2704.0,0.25,0.7,67,0.8706140378426767,ok,0,9,8,0.0
chb03,chb03_34.edf,2700.0,2704.0,0.25,0.7,68,1.0011655364570053,ok,0,10,9,0.0
chb03,chb03_34.edf,2700.0,2704.0,0.25,0.7,69,1.0961622134908469,ok,0,9,6,0.0
chb03,chb03_34.edf,2700.0,2704.0,0.25,0.7,70,0.24552668943746467,ok,0,9,8,0.0
chb03,chb03_34.edf,2700.0,2704.0,0.25,0.7,71,1.3132619803067405,ok,0,13,11,0.0
chb03,chb03_34.edf,2700.0,2704.0,0.25,0.7,72,1.429486443455256,ok,0,10,8,0.0
chb03,chb03_34.edf,2700.0,2704.0,0.25,0.7,73,0.46148893140936575,ok,0,9,8,0.0
chb03,chb03_34.edf,2700.0,2704.0,0.25,0.7,74,0.5399620612251379,ok,0,10,8,0.0
chb03,chb03_34.edf,2700.0,2704.0,0.25,0.7,75,0.3319675620575905,ok,0,11,10,0.0
chb03,chb03_34.edf,2700.0,2704.0,0.25,0.7,76,0.42539551671855647,ok,0,13,12,0.0
chb03,chb03_34.edf,2700.0,2704.0,0.25,0.7,77,0.43367569825129393,ok,0,6,4,0.0
chb03,chb03_34.edf,2700.0,2704.0,0.25,0.7,78,1.607776614046409,ok,0,10,8,0.0
chb03,chb03_34.edf,2700.0,2704.0,0.25,0.7,79,0.1568870781527907,ok,0,8,5,0.0
chb03,chb03_34.edf,2700.0,2704.0,0.25,0.7,80,0.0788289671272977,ok,0,12,10,0.0
chb03,chb03_34.edf,2700.0,2704.0,0.25,0.7,81,1.325447183076775,ok,0,10,8,0.0
chb03,chb03_34.edf,2700.0,2704.0,0.5,0.0,62,0.5712931377579745,ok,0,12,11,0.0
chb03,chb03_34.edf,2700.0,2704.0,0.5,0.0,63,0.16726057798219393,ok,0,8,7,0.0
chb03,chb03_34.edf,2700.0,2704.0,0.5,0.0,64,0.19637001542360058,ok,0,9,8,0.0
chb03,chb03_34.edf,2700.0,2704.0,0.5,0.0,65,0.546024803519956,ok,0,10,8,0.0
chb03,chb03_34.edf,2700.0,2704.0,0.5,0.0,66,0.3428004452807938,ok,0,11,9,0.0
chb03,chb03_34.edf,2700.0,2704.0,0.5,0.0,67,0.9454773281444654,ok,0,7,6,0.0
chb03,chb03_34.edf,2700.0,2704.0,0.5,0.0,68,1.2291207868644798,ok,0,12,11,0.0
chb03,chb03_34.edf,2700.0,2704.0,0.5,0.0,69,1.1682562182790923,ok,0,9,7,0.0
chb03,chb03_34.edf,2700.0,2704.0,0.5,0.0,70,0.5111811702061327,ok,0,14,13,0.0
chb03,chb03_34.edf,2700.0,2704.0,0.5,0.0,71,1.8179982256514546,ok,0,11,9,0.0
chb03,chb03_34.edf,2700.0,2704.0,0.5,0.0,72,0.18642507739616473,ok,0,6,5,0.0
chb03,chb03_34.edf,2700.0,2704.0,0.5,0.0,73,0.6286253346157429,ok,0,10,9,0.0
chb03,chb03_34.edf,2700.0,2704.0,0.5,0.0,74,0.6476197533905482,ok,0,9,7,0.0
chb03,chb03_34.edf,2700.0,2704.0,0.5,0.0,75,0.9626906857352386,ok,0,12,10,0.0
chb03,chb03_34.edf,2700.0,2704.0,0.5,0.0,76,0.48840569686484475,ok,0,10,9,0.0
chb03,chb03_34.edf,2700.0,2704.0,0.5,0.0,77,1.4397992123948258,ok,0,10,9,0.0
chb03,chb03_34.edf,2700.0,2704.0,0.5,0.0,78,0.8783739115481473,ok,0,10,9,0.0
chb03,chb03_34.edf,2700.0,2704.0,0.5,0.0,79,0.6660998123404629,ok,0,8,7,0.0
chb03,chb03_34.edf,2700.0,2704.0,0.5,0.0,80,0.48943288169382493,ok,0,10,8,0.0
chb03,chb03_34.edf,2700.0,2704.0,0.5,0.0,81,1.3487816138931745,ok,0,10,9,0.0
chb03,chb03_34.edf,2700.0,2704.0,0.5,0.175,62,0.6482655274814257,ok,0,12,11,0.0
chb03,chb03_34.edf,2700.0,2704.0,0.5,0.175,63,0.19759201224112374,ok,0,9,8,0.0
chb03,chb03_34.edf,2700.0,2704.0,0.5,0.175,64,0.19637001542360058,ok,0,9,8,0.0
chb03,chb03_34.edf,2700.0,2704.0,0.5,0.175,65,0.546024803519956,ok,0,10,8,0.0
chb03,chb03_34.edf,2700.0,2704.0,0.5,0.175,66,0.3455869941264749,ok,0,11,9,0.0
chb03,chb03_34.edf,2700.0,2704.0,0.5,0.175,67,0.9454773281444654,ok,0,7,6,0.0
chb03,chb03_34.edf,2700.0,2704.0,0.5,0.175,68,1.2291207868644798,ok,0,12,11,0.0
chb03,chb03_34.edf,2700.0,2704.0,0.5,0.175,69,1.2023157860598088,ok,0,8,6,0.0
chb03,chb03_34.edf,2700.0,2704.0,0.5,0.175,70,0.509154547108042,ok,0,14,13,0.0
chb03,chb03_34.edf,2700.0,2704.0,0.5,0.175,71,1.8179982256514546,ok,0,11,9,0.0
chb03,chb03_34.edf,2700.0,2704.0,0.5,0.175,72,1.669875967966309,ok,0,7,6,0.0
chb03,chb03_34.edf,2700.0,2704.0,0.5,0.175,73,0.6803952529590422,ok,0,11,10,0.0
chb03,chb03_34.edf,2700.0,2704.0,0.5,0.175,74,0.655280757217913,ok,0,10,8,0.0
chb03,chb03_34.edf,2700.0,2704.0,0.5,0.175,75,0.9626906857352386,ok,0,12,10,0.0
chb03,chb03_34.edf,2700.0,2704.0,0.5,0.175,76,0.41481810651347145,ok,0,11,10,0.0
chb03,chb03_34.edf,2700.0,2704.0,0.5,0.175,77,1.4397992123948258,ok,0,10,9,0.0
chb03,chb03_34.edf,2700.0,2704.0,0.5,0.175,78,0.8729002070148495,ok,0,10,8,0.0
chb03,chb03_34.edf,2700.0,2704.0,0.5,0.175,79,0.1568870781527907,ok,0,8,5,0.0
chb03,chb03_34.edf,2700.0,2704.0,0.5,0.175,80,0.5829054967159214,ok,0,9,7,0.0
chb03,chb03_34.edf,2700.0,2704.0,0.5,0.175,81,1.3487816138931745,ok,0,10,9,0.0
chb03,chb03_34.edf,2700.0,2704.0,0.5,0.35,62,0.6482655274814257,ok,0,12,11,0.0
chb03,chb03_34.edf,2700.0,2704.0,0.5,0.35,63,0.20805116380691183,ok,0,8,7,0.0
chb03,chb03_34.edf,2700.0,2704.0,0.5,0.35,64,0.19637001542360058,ok,0,9,8,0.0
chb03,chb03_34.edf,2700.0,2704.0,0.5,0.35,65,0.546024803519956,ok,0,10,8,0.0
chb03,chb03_34.edf,2700.0,2704.0,0.5,0.35,66,0.3455869941264749,ok,0,11,9,0.0
chb03,chb03_34.edf,2700.0,2704.0,0.5,0.35,67,0.9392488992812861,ok,0,7,6,0.0
chb03,chb03_34.edf,2700.0,2704.0,0.5,0.35,68,1.2291207868644798,ok,0,12,11,0.0
chb03,chb03_34.edf,2700.0,2704.0,0.5,0.35,69,1.2023157860598088,ok,0,8,6,0.0
chb03,chb03_34.edf,2700.0,2704.0,0.5,0.35,70,0.49651175040105844,ok,0,14,13,0.0
chb03,chb03_34.edf,2700.0,2704.0,0.5,0.35,71,1.5475911032956122,ok,0,12,10,0.0
chb03,chb03_34.edf,2700.0,2704.0,0.5,0.35,72,1.6487753085063002,ok,0,7,6,0.0
chb03,chb03_34.edf,2700.0,2704.0,0.5,0.35,73,0.6805710332450793,ok,0,11,10,0.0
chb03,chb03_34.edf,2700.0,2704.0,0.5,0.35,74,0.6982363301432898,ok,0,11,9,0.0
chb03,chb03_34.edf,2700.0,2704.0,0.5,0.35,75,0.9626906857352386,ok,0,12,10,0.0
chb03,chb03_34.edf,2700.0,2704.0,0.5,0.35,76,0.41481810651347145,ok,0,11,10,0.0
chb03,chb03_34.edf,2700.0,2704.0,0.5,0.35,77,1.4402829444353438,ok,0,10,9,0.0
chb03,chb03_34.edf,2700.0,2704.0,0.5,0.35,78,0.8729002070148495,ok,0,10,8,0.0
chb03,chb03_34.edf,2700.0,2704.0,0.5,0.35,79,0.1568870781527907,ok,0,8,5,0.0
chb03,chb03_34.edf,2700.0,2704.0,0.5,0.35,80,0.5829054967159214,ok,0,9,7,0.0
chb03,chb03_34.edf,2700.0,2704.0,0.5,0.35,81,1.3487816138931745,ok,0,10,9,0.0
chb03,chb03_34.edf,2700.0,2704.0,0.5,0.7,62,0.6338865189511202,ok,0,12,11,0.0
chb03,chb03_34.edf,2700.0,2704.0,0.5,0.7,63,2.0067219152423363,ok,0,9,8,0.0
chb03,chb03_34.edf,2700.0,2704.0,0.5,0.7,64,0.22434529826685104,ok,0,9,7,0.0
chb03,chb03_34.edf,2700.0,2704.0,0.5,0.7,65,0.761218801838349,ok,0,9,7,0.0
chb03,chb03_34.edf,2700.0,2704.0,0.5,0.7,66,0.18061398701347894,ok,0,12,10,0.0
chb03,chb03_34.edf,2700.0,2704.0,0.5,0.7,67,0.8311465637425403,ok,0,6,5,0.0
chb03,chb03_34.edf,2700.0,2704.0,0.5,0.7,68,1.2127163210453398,ok,0,13,12,0.0
chb03,chb03_34.edf,2700.0,2704.0,0.5,0.7,69,1.2023157860598088,ok,0,8,6,0.0
chb03,chb03_34.edf,2700.0,2704.0,0.5,0.7,70,0.4699805732328075,ok,0,13,12,0.0
chb03,chb03_34.edf,2700.0,2704.0,0.5,0.7,71,1.5136559686529159,ok,0,12,10,0.0
chb03,chb03_34.edf,2700.0,2704.0,0.5,0.7,72,1.4801732933299536,ok,0,8,7,0.0
chb03,chb03_34.edf,2700.0,2704.0,0.5,0.7,73,0.5145627324922272,ok,0,13,12,0.0
chb03,chb03_34.edf,2700.0,2704.0,0.5,0.7,74,0.680162769061156,ok,0,11,8,0.0
chb03,chb03_34.edf,2700.0,2704.0,0.5,0.7,75,1.0325439560499317,ok,0,11,9,0.0
chb03,chb03_34.edf,2700.0,2704.0,0.5,0.7,76,0.17985440886654705,ok,0,11,10,0.0
chb03,chb03_34.edf,2700.0,2704.0,0.5,0.7,77,0.2783179697921785,ok,0,9,8,0.0
chb03,chb03_34.edf,2700.0,2704.0,0.5,0.7,78,0.8743827900868612,ok,0,10,8,0.0
chb03,chb03_34.edf,2700.0,2704.0,0.5,0.7,79,0.1568870781527907,ok,0,8,5,0.0
chb03,chb03_34.edf,2700.0,2704.0,0.5,0.7,80,0.9555057194156851,ok,0,9,7,0.0
chb03,chb03_34.edf,2700.0,2704.0,0.5,0.7,81,1.3127833950091912,ok,0,9,7,0.0
chb03,chb03_34.edf,2700.0,2704.0,1.0,0.0,62,0.7743914046997703,ok,0,11,10,0.0
chb03,chb03_34.edf,2700.0,2704.0,1.0,0.0,63,0.21488489744161204,ok,0,8,7,0.0
chb03,chb03_34.edf,2700.0,2704.0,1.0,0.0,64,0.17192047651837583,ok,0,10,9,0.0
chb03,chb03_34.edf,2700.0,2704.0,1.0,0.0,65,0.48620003231413916,ok,0,12,9,0.0
chb03,chb03_34.edf,2700.0,2704.0,1.0,0.0,66,1.3756822323974554,ok,0,13,11,0.0
chb03,chb03_34.edf,2700.0,2704.0,1.0,0.0,67,1.0067830609804835,ok,0,9,8,0.0
chb03,chb03_34.edf,2700.0,2704.0,1.0,0.0,68,1.5176810316646947,ok,0,13,11,0.0
chb03,chb03_34.edf,2700.0,2704.0,1.0,0.0,69,1.0610836315798138,ok,0,8,5,0.0
chb03,chb03_34.edf,2700.0,2704.0,1.0,0.0,70,0.981919803246944,ok,0,12,11,0.0
chb03,chb03_34.edf,2700.0,2704.0,1.0,0.0,71,1.7937447317653397,ok,0,10,8,0.0
chb03,chb03_34.edf,2700.0,2704.0,1.0,0.0,72,0.18642507739616473,ok,0,6,5,0.0
chb03,chb03_34.edf,2700.0,2704.0,1.0,0.0,73,0.5987516059102022,ok,0,9,8,0.0
chb03,chb03_34.edf,2700.0,2704.0,1.0,0.0,74,0.6443582292066723,ok,0,11,10,0.0
chb03,chb03_34.edf,2700.0,2704.0,1.0,0.0,75,1.65888681246551,ok,0,10,7,0.0
chb03,chb03_34.edf,2700.0,2704.0,1.0,0.0,76,0.22553402254439306,ok,0,12,11,0.0
chb03,chb03_34.edf,2700.0,2704.0,1.0,0.0,77,1.261454559020981,ok,0,10,9,0.0
chb03,chb03_34.edf,2700.0,2704.0,1.0,0.0,78,1.9856992051961986,ok,0,12,11,0.0
chb03,chb03_34.edf,2700.0,2704.0,1.0,0.0,79,0.1609368397508929,ok,0,7,6,0.0
chb03,chb03_34.edf,2700.0,2704.0,1.0,0.0,80,0.8375512923759941,ok,0,11,9,0.0
chb03,chb03_34.edf,2700.0,2704.0,1.0,0.0,81,1.3218647883394035,ok,0,10,8,0.0
chb03,chb03_34.edf,2700.0,2704.0,1.0,0.175,62,0.7718735348950996,ok,0,11,10,0.0
chb03,chb03_34.edf,2700.0,2704.0,1.0,0.175,63,0.16726057798219393,ok,0,8,7,0.0
chb03,chb03_34.edf,2700.0,2704.0,1.0,0.175,64,0.17599259780918877,ok,0,10,8,0.0
chb03,chb03_34.edf,2700.0,2704.0,1.0,0.175,65,0.48620003231413916,ok,0,12,9,0.0
chb03,chb03_34.edf,2700.0,2704.0,1.0,0.175,66,1.3756822323974554,ok,0,13,11,0.0
chb03,chb03_34.edf,2700.0,2704.0,1.0,0.175,67,1.0067830609804835,ok,0,9,8,0.0
chb03,chb03_34.edf,2700.0,2704.0,1.0,0.175,68,1.4921200874339864,ok,0,13,11,0.0
chb03,chb03_34.edf,2700.0,2704.0,1.0,0.175,69,1.0610836315798138,ok,0,8,5,0.0
chb03,chb03_34.edf,2700.0,2704.0,1.0,0.175,70,0.981919803246944,ok,0,12,11,0.0
chb03,chb03_34.edf,2700.0,2704.0,1.0,0.175,71,1.7937447317653397,ok,0,10,8,0.0
chb03,chb03_34.edf,2700.0,2704.0,1.0,0.175,72,0.1692486635019696,ok,0,6,5,0.0
chb03,chb03_34.edf,2700.0,2704.0,1.0,0.175,73,0.633210528326421,ok,0,10,9,0.0
chb03,chb03_34.edf,2700.0,2704.0,1.0,0.175,74,0.6443582292066723,ok,0,11,10,0.0
chb03,chb03_34.edf,2700.0,2704.0,1.0,0.175,75,1.5912551774874504,ok,0,9,7,0.0
chb03,chb03_34.edf,2700.0,2704.0,1.0,0.175,76,0.22553402254439306,ok,0,12,11,0.0
chb03,chb03_34.edf,2700.0,2704.0,1.0,0.175,77,1.1993834364071327,ok,0,9,8,0.0
chb03,chb03_34.edf,2700.0,2704.0,1.0,0.175,78,2.0008167178077203,ok,0,11,10,0.0
chb03,chb03_34.edf,2700.0,2704.0,1.0,0.175,79,0.1609368397508929,ok,0,7,6,0.0
chb03,chb03_34.edf,2700.0,2704.0,1.0,0.175,80,0.7719166368964085,ok,0,12,10,0.0
chb03,chb03_34.edf,2700.0,2704.0,1.0,0.175,81,1.3218647883394035,ok,0,10,8,0.0
chb03,chb03_34.edf,2700.0,2704.0,1.0,0.35,62,0.7718735348950996,ok,0,11,10,0.0
chb03,chb03_34.edf,2700.0,2704.0,1.0,0.35,63,0.16726057798219393,ok,0,8,7,0.0
chb03,chb03_34.edf,2700.0,2704.0,1.0,0.35,64,0.17599259780918877,ok,0,10,8,0.0
chb03,chb03_34.edf,2700.0,2704.0,1.0,0.35,65,0.48620003231413916,ok,0,12,9,0.0
chb03,chb03_34.edf,2700.0,2704.0,1.0,0.35,66,1.3756822323974554,ok,0,13,11,0.0
chb03,chb03_34.edf,2700.0,2704.0,1.0,0.35,67,1.0067830609804835,ok,0,9,8,0.0
chb03,chb03_34.edf,2700.0,2704.0,1.0,0.35,68,0.19977587441931022,ok,0,11,9,0.0
chb03,chb03_34.edf,2700.0,2704.0,1.0,0.35,69,1.0610836315798138,ok,0,8,5,0.0
chb03,chb03_34.edf,2700.0,2704.0,1.0,0.35,70,0.967657796849726,ok,0,11,10,0.0
chb03,chb03_34.edf,2700.0,2704.0,1.0,0.35,71,1.7937447317653397,ok,0,10,8,0.0
chb03,chb03_34.edf,2700.0,2704.0,1.0,0.35,72,0.1692486635019696,ok,0,6,5,0.0
chb03,chb03_34.edf,2700.0,2704.0,1.0,0.35,73,0.6549312758509431,ok,0,10,9,0.0
chb03,chb03_34.edf,2700.0,2704.0,1.0,0.35,74,0.6443582292066723,ok,0,11,10,0.0
chb03,chb03_34.edf,2700.0,2704.0,1.0,0.35,75,1.5783774696829038,ok,0,10,8,0.0
chb03,chb03_34.edf,2700.0,2704.0,1.0,0.35,76,0.22553402254439306,ok,0,12,11,0.0
chb03,chb03_34.edf,2700.0,2704.0,1.0,0.35,77,1.2619502292353657,ok,0,10,9,0.0
chb03,chb03_34.edf,2700.0,2704.0,1.0,0.35,78,2.0008167178077203,ok,0,11,10,0.0
chb03,chb03_34.edf,2700.0,2704.0,1.0,0.35,79,0.1609368397508929,ok,0,7,6,0.0
chb03,chb03_34.edf,2700.0,2704.0,1.0,0.35,80,0.5854474931726393,ok,0,12,10,0.0
chb03,chb03_34.edf,2700.0,2704.0,1.0,0.35,81,1.3218647883394035,ok,0,10,8,0.0
chb03,chb03_34.edf,2700.0,2704.0,1.0,0.7,62,0.707338804747662,ok,0,11,10,0.0
chb03,chb03_34.edf,2700.0,2704.0,1.0,0.7,63,0.17433069093348424,ok,0,8,7,0.0
chb03,chb03_34.edf,2700.0,2704.0,1.0,0.7,64,0.17599259780918877,ok,0,10,8,0.0
chb03,chb03_34.edf,2700.0,2704.0,1.0,0.7,65,0.48620003231413916,ok,0,12,9,0.0
chb03,chb03_34.edf,2700.0,2704.0,1.0,0.7,66,1.5167540848237777,ok,0,12,10,0.0
chb03,chb03_34.edf,2700.0,2704.0,1.0,0.7,67,1.0067830609804835,ok,0,9,8,0.0
chb03,chb03_34.edf,2700.0,2704.0,1.0,0.7,68,1.4252092140975572,ok,0,12,10,0.0
chb03,chb03_34.edf,2700.0,2704.0,1.0,0.7,69,1.0610836315798138,ok,0,8,5,0.0
chb03,chb03_34.edf,2700.0,2704.0,1.0,0.7,70,0.5757251095438509,ok,0,12,11,0.0
chb03,chb03_34.edf,2700.0,2704.0,1.0,0.7,71,1.652668684095723,ok,0,12,10,0.0
chb03,chb03_34.edf,2700.0,2704.0,1.0,0.7,72,1.4801732933299536,ok,0,8,7,0.0
chb03,chb03_34.edf,2700.0,2704.0,1.0,0.7,73,0.6549312758509431,ok,0,10,9,0.0
chb03,chb03_34.edf,2700.0,2704.0,1.0,0.7,74,0.6718104537020165,ok,0,12,10,0.0
chb03,chb03_34.edf,2700.0,2704.0,1.0,0.7,75,1.5783774696829038,ok,0,10,8,0.0
chb03,chb03_34.edf,2700.0,2704.0,1.0,0.7,76,0.22553402254439306,ok,0,12,11,0.0
chb03,chb03_34.edf,2700.0,2704.0,1.0,0.7,77,1.147828306340417,ok,0,9,8,0.0
chb03,chb03_34.edf,2700.0,2704.0,1.0,0.7,78,1.8235569853203326,ok,0,10,8,0.0
chb03,chb03_34.edf,2700.0,2704.0,1.0,0.7,79,0.1609368397508929,ok,0,7,6,0.0
chb03,chb03_34.edf,2700.0,2704.0,1.0,0.7,80,0.7529745541695133,ok,0,10,9,0.0
chb03,chb03_34.edf,2700.0,2704.0,1.0,0.7,81,1.215686175817603,ok,0,9,7,0.0
chb03,chb03_35.edf,904.0,908.0,0.25,0.0,62,0.6171842911523988,ok,0,10,9,0.0
chb03,chb03_35.edf,904.0,908.0,0.25,0.0,63,2.043747370146671,ok,0,9,8,0.0
chb03,chb03_35.edf,904.0,908.0,0.25,0.0,64,0.8756532617719204,ok,0,9,8,0.0
chb03,chb03_35.edf,904.0,908.0,0.25,0.0,65,0.9667718123938864,ok,0,11,10,0.0
chb03,chb03_35.edf,904.0,908.0,0.25,0.0,66,0.3631787913269073,ok,0,11,9,0.0
chb03,chb03_35.edf,904.0,908.0,0.25,0.0,67,0.8092054221906116,ok,0,11,9,0.0
chb03,chb03_35.edf,904.0,908.0,0.25,0.0,68,0.9681035064574081,ok,0,9,8,0.0
chb03,chb03_35.edf,904.0,908.0,0.25,0.0,69,1.241548694349417,ok,0,10,8,0.0
chb03,chb03_35.edf,904.0,908.0,0.25,0.0,70,0.2793983295119334,ok,0,9,8,0.0
chb03,chb03_35.edf,904.0,908.0,0.25,0.0,71,1.5904417843670142,ok,0,12,11,0.0
chb03,chb03_35.edf,904.0,908.0,0.25,0.0,72,0.9990557900479503,ok,0,11,9,0.0
chb03,chb03_35.edf,904.0,908.0,0.25,0.0,73,0.4814093715175572,ok,0,8,7,0.0
chb03,chb03_35.edf,904.0,908.0,0.25,0.0,74,0.6162790697674418,ok,0,11,8,0.0
chb03,chb03_35.edf,904.0,908.0,0.25,0.0,75,0.35394981220923855,ok,0,12,11,0.0
chb03,chb03_35.edf,904.0,908.0,0.25,0.0,76,0.3909772130214703,ok,0,12,11,0.0
chb03,chb03_35.edf,904.0,908.0,0.25,0.0,77,0.9447730595988872,ok,0,6,4,0.0
chb03,chb03_35.edf,904.0,908.0,0.25,0.0,78,1.3483863463099397,ok,0,11,10,0.0
chb03,chb03_35.edf,904.0,908.0,0.25,0.0,79,0.1609368397508929,ok,0,7,6,0.0
chb03,chb03_35.edf,904.0,908.0,0.25,0.0,80,0.1797136108456547,ok,0,12,10,0.0
chb03,chb03_35.edf,904.0,908.0,0.25,0.0,81,1.4033891062507988,ok,0,10,7,0.0
chb03,chb03_35.edf,904.0,908.0,0.25,0.175,62,0.7273849360614434,ok,0,11,10,0.0
chb03,chb03_35.edf,904.0,908.0,0.25,0.175,63,2.043747370146671,ok,0,9,8,0.0
chb03,chb03_35.edf,904.0,908.0,0.25,0.175,64,0.8756532617719204,ok,0,9,8,0.0
chb03,chb03_35.edf,904.0,908.0,0.25,0.175,65,1.4824847269439707,ok,0,10,9,0.0
chb03,chb03_35.edf,904.0,908.0,0.25,0.175,66,0.3631787913269073,ok,0,11,9,0.0
chb03,chb03_35.edf,904.0,908.0,0.25,0.175,67,0.818340372717771,ok,0,11,9,0.0
chb03,chb03_35.edf,904.0,908.0,0.25,0.175,68,0.9681035064574081,ok,0,9,8,0.0
chb03,chb03_35.edf,904.0,908.0,0.25,0.175,69,1.3021781104089274,ok,0,9,7,0.0
chb03,chb03_35.edf,904.0,908.0,0.25,0.175,70,0.2793983295119334,ok,0,9,8,0.0
chb03,chb03_35.edf,904.0,908.0,0.25,0.175,71,1.5904417843670142,ok,0,12,11,0.0
chb03,chb03_35.edf,904.0,908.0,0.25,0.175,72,1.36421213817555,ok,0,9,7,0.0
chb03,chb03_35.edf,904.0,908.0,0.25,0.175,73,0.640794353897089,ok,0,8,7,0.0
chb03,chb03_35.edf,904.0,908.0,0.25,0.175,74,0.360793174048842,ok,0,12,9,0.0
chb03,chb03_35.edf,904.0,908.0,0.25,0.175,75,0.31416375525267726,ok,0,12,11,0.0
chb03,chb03_35.edf,904.0,908.0,0.25,0.175,76,0.3909772130214703,ok,0,12,11,0.0
chb03,chb03_35.edf,904.0,908.0,0.25,0.175,77,0.9447730595988872,ok,0,6,4,0.0
chb03,chb03_35.edf,904.0,908.0,0.25,0.175,78,1.8092562112554755,ok,0,10,9,0.0
chb03,chb03_35.edf,904.0,908.0,0.25,0.175,79,0.1609368397508929,ok,0,7,6,0.0
chb03,chb03_35.edf,904.0,908.0,0.25,0.175,80,0.18317349230170574,ok,0,11,9,0.0
chb03,chb03_35.edf,904.0,908.0,0.25,0.175,81,1.4033891062507988,ok,0,10,7,0.0
chb03,chb03_35.edf,904.0,908.0,0.25,0.35,62,0.7278699226561566,ok,0,11,10,0.0
chb03,chb03_35.edf,904.0,908.0,0.25,0.35,63,2.0341077992701977,ok,0,9,8,0.0
chb03,chb03_35.edf,904.0,908.0,0.25,0.35,64,0.8649657080726679,ok,0,9,8,0.0
chb03,chb03_35.edf,904.0,908.0,0.25,0.35,65,1.4824847269439707,ok,0,10,9,0.0
chb03,chb03_35.edf,904.0,908.0,0.25,0.35,66,0.3631787913269073,ok,0,11,9,0.0
chb03,chb03_35.edf,904.0,908.0,0.25,0.35,67,0.7768453248730537,ok,0,10,9,0.0
chb03,chb03_35.edf,904.0,908.0,0.25,0.35,68,0.9681035064574081,ok,0,9,8,0.0
chb03,chb03_35.edf,904.0,908.0,0.25,0.35,69,1.1402552673463515,ok,0,11,9,0.0
chb03,chb03_35.edf,904.0,908.0,0.25,0.35,70,0.24552668943746467,ok,0,9,8,0.0
chb03,chb03_35.edf,904.0,908.0,0.25,0.35,71,1.5904417843670142,ok,0,12,11,0.0
chb03,chb03_35.edf,904.0,908.0,0.25,0.35,72,1.436118003115468,ok,0,10,8,0.0
chb03,chb03_35.edf,904.0,908.0,0.25,0.35,73,0.5915521460454986,ok,0,7,6,0.0
chb03,chb03_35.edf,904.0,908.0,0.25,0.35,74,0.34955966074082523,ok,0,11,10,0.0
chb03,chb03_35.edf,904.0,908.0,0.25,0.35,75,0.480737924719142,ok,0,10,9,0.0
chb03,chb03_35.edf,904.0,908.0,0.25,0.35,76,0.3909772130214703,ok,0,12,11,0.0
chb03,chb03_35.edf,904.0,908.0,0.25,0.35,77,0.5526000164907082,ok,0,7,5,0.0
chb03,chb03_35.edf,904.0,908.0,0.25,0.35,78,1.8092562112554755,ok,0,10,9,0.0
chb03,chb03_35.edf,904.0,908.0,0.25,0.35,79,0.1609368397508929,ok,0,7,6,0.0
chb03,chb03_35.edf,904.0,908.0,0.25,0.35,80,0.18317349230170574,ok,0,11,9,0.0
chb03,chb03_35.edf,904.0,908.0,0.25,0.35,81,1.3564078638606267,ok,0,9,7,0.0
chb03,chb03_35.edf,904.0,908.0,0.25,0.7,62,0.8696105867371897,ok,0,8,7,0.0
chb03,chb03_35.edf,904.0,908.0,0.25,0.7,63,1.8880010346495526,ok,0,9,7,0.0
chb03,chb03_35.edf,904.0,908.0,0.25,0.7,64,0.8079273119941282,ok,0,8,7,0.0
chb03,chb03_35.edf,904.0,908.0,0.25,0.7,65,1.5760585046873876,ok,0,11,10,0.0
chb03,chb03_35.edf,904.0,908.0,0.25,0.7,66,0.34121537337478364,ok,0,11,9,0.0
chb03,chb03_35.edf,904.0,908.0,0.25,0.7,67,0.7765278888296141,ok,0,10,9,0.0
chb03,chb03_35.edf,904.0,908.0,0.25,0.7,68,1.0252457331678908,ok,0,8,7,0.0
chb03,chb03_35.edf,904.0,908.0,0.25,0.7,69,1.1395457717778994,ok,0,11,9,0.0
chb03,chb03_35.edf,904.0,908.0,0.25,0.7,70,0.23448277765237932,ok,0,9,8,0.0
chb03,chb03_35.edf,904.0,908.0,0.25,0.7,71,1.3243620544056933,ok,0,13,12,0.0
chb03,chb03_35.edf,904.0,908.0,0.25,0.7,72,1.3271801745099292,ok,0,9,7,0.0
chb03,chb03_35.edf,904.0,908.0,0.25,0.7,73,0.6277537350929359,ok,0,8,7,0.0
chb03,chb03_35.edf,904.0,908.0,0.25,0.7,74,0.4008246081212596,ok,0,11,9,0.0
chb03,chb03_35.edf,904.0,908.0,0.25,0.7,75,0.48718205165709444,ok,0,10,9,0.0
chb03,chb03_35.edf,904.0,908.0,0.25,0.7,76,0.3664090987191406,ok,0,12,11,0.0
chb03,chb03_35.edf,904.0,908.0,0.25,0.7,77,0.5188655550043121,ok,0,7,6,0.0
chb03,chb03_35.edf,904.0,908.0,0.25,0.7,78,1.5315383100158404,ok,0,8,7,0.0
chb03,chb03_35.edf,904.0,908.0,0.25,0.7,79,0.1609368397508929,ok,0,7,6,0.0
chb03,chb03_35.edf,904.0,908.0,0.25,0.7,80,0.1995686851146723,ok,0,11,9,0.0
chb03,chb03_35.edf,904.0,908.0,0.25,0.7,81,1.3564078638606267,ok,0,9,7,0.0
chb03,chb03_35.edf,904.0,908.0,0.5,0.0,62,0.5712931377579745,ok,0,12,11,0.0
chb03,chb03_35.edf,904.0,908.0,0.5,0.0,63,0.16726057798219393,ok,0,8,7,0.0
chb03,chb03_35.edf,904.0,908.0,0.5,0.0,64,0.19637001542360058,ok,0,9,8,0.0
chb03,chb03_35.edf,904.0,908.0,0.5,0.0,65,0.546024803519956,ok,0,10,8,0.0
chb03,chb03_35.edf,904.0,908.0,0.5,0.0,66,0.3428004452807938,ok,0,11,9,0.0
chb03,chb03_35.edf,904.0,908.0,0.5,0.0,67,0.9454773281444654,ok,0,7,6,0.0
chb03,chb03_35.edf,904.0,908.0,0.5,0.0,68,1.2291207868644798,ok,0,12,11,0.0
chb03,chb03_35.edf,904.0,908.0,0.5,0.0,69,1.1682562182790923,ok,0,9,7,0.0
chb03,chb03_35.edf,904.0,908.0,0.5,0.0,70,0.5111811702061327,ok,0,14,13,0.0
chb03,chb03_35.edf,904.0,908.0,0.5,0.0,71,1.8179982256514546,ok,0,11,9,0.0
chb03,chb03_35.edf,904.0,908.0,0.5,0.0,72,0.18642507739616473,ok,0,6,5,0.0
chb03,chb03_35.edf,904.0,908.0,0.5,0.0,73,0.6286253346157429,ok,0,10,9,0.0
chb03,chb03_35.edf,904.0,908.0,0.5,0.0,74,0.6476197533905482,ok,0,9,7,0.0
chb03,chb03_35.edf,904.0,908.0,0.5,0.0,75,0.9626906857352386,ok,0,12,10,0.0
chb03,chb03_35.edf,904.0,908.0,0.5,0.0,76,0.48840569686484475,ok,0,10,9,0.0
chb03,chb03_35.edf,904.0,908.0,0.5,0.0,77,1.4397992123948258,ok,0,10,9,0.0
chb03,chb03_35.edf,904.0,908.0,0.5,0.0,78,0.8783739115481473,ok,0,10,9,0.0
chb03,chb03_35.edf,904.0,908.0,0.5,0.0,79,0.6660998123404629,ok,0,8,7,0.0
chb03,chb03_35.edf,904.0,908.0,0.5,0.0,80,0.48943288169382493,ok,0,10,8,0.0
chb03,chb03_35.edf,904.0,908.0,0.5,0.0,81,1.3487816138931745,ok,0,10,9,0.0
chb03,chb03_35.edf,904.0,908.0,0.5,0.175,62,0.6559757885363878,ok,0,12,11,0.0
chb03,chb03_35.edf,904.0,908.0,0.5,0.175,63,0.14655956456718455,ok,0,8,7,0.0
chb03,chb03_35.edf,904.0,908.0,0.5,0.175,64,0.33066737835270793,ok,0,10,9,0.0
chb03,chb03_35.edf,904.0,908.0,0.5,0.175,65,0.546024803519956,ok,0,10,8,0.0
chb03,chb03_35.edf,904.0,908.0,0.5,0.175,66,0.3428004452807938,ok,0,11,9,0.0
chb03,chb03_35.edf,904.0,908.0,0.5,0.175,67,0.9454773281444654,ok,0,7,6,0.0
chb03,chb03_35.edf,904.0,908.0,0.5,0.175,68,1.2291207868644798,ok,0,12,11,0.0
chb03,chb03_35.edf,904.0,908.0,0.5,0.175,69,1.3231511110762046,ok,0,8,7,0.0
chb03,chb03_35.edf,904.0,908.0,0.5,0.175,70,0.5111811702061327,ok,0,14,13,0.0
chb03,chb03_35.edf,904.0,908.0,0.5,0.175,71,1.8179982256514546,ok,0,11,9,0.0
chb03,chb03_35.edf,904.0,908.0,0.5,0.175,72,0.18642507739616473,ok,0,6,5,0.0
chb03,chb03_35.edf,904.0,908.0,0.5,0.175,73,0.6032318324205259,ok,0,10,9,0.0
chb03,chb03_35.edf,904.0,908.0,0.5,0.175,74,0.6476197533905482,ok,0,9,7,0.0
chb03,chb03_35.edf,904.0,908.0,0.5,0.175,75,0.9626906857352386,ok,0,12,10,0.0
chb03,chb03_35.edf,904.0,908.0,0.5,0.175,76,0.48840569686484475,ok,0,10,9,0.0
chb03,chb03_35.edf,904.0,908.0,0.5,0.175,77,1.4397992123948258,ok,0,10,9,0.0
chb03,chb03_35.edf,904.0,908.0,0.5,0.175,78,0.8409859228438307,ok,0,10,9,0.0
chb03,chb03_35.edf,904.0,908.0,0.5,0.175,79,0.6660998123404629,ok,0,8,7,0.0
chb03,chb03_35.edf,904.0,908.0,0.5,0.175,80,0.6865578344552838,ok,0,10,8,0.0
chb03,chb03_35.edf,904.0,908.0,0.5,0.175,81,1.3487816138931745,ok,0,10,9,0.0
chb03,chb03_35.edf,904.0,908.0,0.5,0.35,62,0.6559757885363878,ok,0,12,11,0.0
chb03,chb03_35.edf,904.0,908.0,0.5,0.35,63,0.14655956456718455,ok,0,8,7,0.0
chb03,chb03_35.edf,904.0,908.0,0.5,0.35,64,0.33066737835270793,ok,0,10,9,0.0
chb03,chb03_35.edf,904.0,908.0,0.5,0.35,65,0.546024803519956,ok,0,10,8,0.0
chb03,chb03_35.edf,904.0,908.0,0.5,0.35,66,0.3428004452807938,ok,0,11,9,0.0
chb03,chb03_35.edf,904.0,908.0,0.5,0.35,67,0.7622950727839145,ok,0,6,5,0.0
chb03,chb03_35.edf,904.0,908.0,0.5,0.35,68,1.2291207868644798,ok,0,12,11,0.0
chb03,chb03_35.edf,904.0,908.0,0.5,0.35,69,1.1718308970022255,ok,0,9,7,0.0
chb03,chb03_35.edf,904.0,908.0,0.5,0.35,70,0.4997975687782662,ok,0,14,13,0.0
chb03,chb03_35.edf,904.0,908.0,0.5,0.35,71,1.8179982256514546,ok,0,11,9,0.0
chb03,chb03_35.edf,904.0,908.0,0.5,0.35,72,0.18642507739616473,ok,0,6,5,0.0
chb03,chb03_35.edf,904.0,908.0,0.5,0.35,73,0.5821637497658831,ok,0,9,8,0.0
chb03,chb03_35.edf,904.0,908.0,0.5,0.35,74,0.6476197533905482,ok,0,9,7,0.0
chb03,chb03_35.edf,904.0,908.0,0.5,0.35,75,0.8453730363188305,ok,0,10,9,0.0
chb03,chb03_35.edf,904.0,908.0,0.5,0.35,76,0.3297550339148682,ok,0,11,10,0.0
chb03,chb03_35.edf,904.0,908.0,0.5,0.35,77,0.14113296980235743,ok,0,9,8,0.0
chb03,chb03_35.edf,904.0,908.0,0.5,0.35,78,0.8409859228438307,ok,0,10,9,0.0
chb03,chb03_35.edf,904.0,908.0,0.5,0.35,79,0.6660998123404629,ok,0,8,7,0.0
chb03,chb03_35.edf,904.0,908.0,0.5,0.35,80,0.6840478909884533,ok,0,10,8,0.0
chb03,chb03_35.edf,904.0,908.0,0.5,0.35,81,1.3487816138931745,ok,0,10,9,0.0
chb03,chb03_35.edf,904.0,908.0,0.5,0.7,62,0.6487331878178094,ok,0,12,11,0.0
chb03,chb03_35.edf,904.0,908.0,0.5,0.7,63,0.1453316351455449,ok,0,8,7,0.0
chb03,chb03_35.edf,904.0,908.0,0.5,0.7,64,0.33066737835270793,ok,0,10,9,0.0
chb03,chb03_35.edf,904.0,908.0,0.5,0.7,65,0.546024803519956,ok,0,10,8,0.0
chb03,chb03_35.edf,904.0,908.0,0.5,0.7,66,0.34121537337478364,ok,0,11,9,0.0
chb03,chb03_35.edf,904.0,908.0,0.5,0.7,67,0.7969264136293933,ok,0,6,5,0.0
chb03,chb03_35.edf,904.0,908.0,0.5,0.7,68,1.2345340048246451,ok,0,10,9,0.0
chb03,chb03_35.edf,904.0,908.0,0.5,0.7,69,1.074383694305936,ok,0,9,8,0.0
chb03,chb03_35.edf,904.0,908.0,0.5,0.7,70,0.4997975687782662,ok,0,14,13,0.0
chb03,chb03_35.edf,904.0,908.0,0.5,0.7,71,1.4952740621860223,ok,0,12,10,0.0
chb03,chb03_35.edf,904.0,908.0,0.5,0.7,72,0.14191928459977934,ok,0,6,5,0.0
chb03,chb03_35.edf,904.0,908.0,0.5,0.7,73,0.5821637497658831,ok,0,9,8,0.0
chb03,chb03_35.edf,904.0,908.0,0.5,0.7,74,0.5110195195288794,ok,0,9,8,0.0
chb03,chb03_35.edf,904.0,908.0,0.5,0.7,75,0.8472526191672312,ok,0,10,9,0.0
chb03,chb03_35.edf,904.0,908.0,0.5,0.7,76,0.3645320197044335,ok,0,11,10,0.0
chb03,chb03_35.edf,904.0,908.0,0.5,0.7,77,0.14113296980235743,ok,0,9,8,0.0
chb03,chb03_35.edf,904.0,908.0,0.5,0.7,78,0.619037261392441,ok,0,12,11,0.0
chb03,chb03_35.edf,904.0,908.0,0.5,0.7,79,0.6660998123404629,ok,0,8,7,0.0
chb03,chb03_35.edf,904.0,908.0,0.5,0.7,80,0.8644308966092462,ok,0,9,7,0.0
chb03,chb03_35.edf,904.0,908.0,0.5,0.7,81,1.3255251167689142,ok,0,10,8,0.0
chb03,chb03_35.edf,904.0,908.0,1.0,0.0,62,0.7743914046997703,ok,0,11,10,0.0
chb03,chb03_35.edf,904.0,908.0,1.0,0.0,63,0.21488489744161204,ok,0,8,7,0.0
chb03,chb03_35.edf,904.0,908.0,1.0,0.0,64,0.17192047651837583,ok,0,10,9,0.0
chb03,chb03_35.edf,904.0,908.0,1.0,0.0,65,0.48620003231413916,ok,0,12,9,0.0
chb03,chb03_35.edf,904.0,908.0,1.0,0.0,66,1.3756822323974554,ok,0,13,11,0.0
chb03,chb03_35.edf,904.0,908.0,1.0,0.0,67,1.0067830609804835,ok,0,9,8,0.0
chb03,chb03_35.edf,904.0,908.0,1.0,0.0,68,1.5176810316646947,ok,0,13,11,0.0
chb03,chb03_35.edf,904.0,908.0,1.0,0.0,69,1.0610836315798138,ok,0,8,5,0.0
chb03,chb03_35.edf,904.0,908.0,1.0,0.0,70,0.981919803246944,ok,0,12,11,0.0
chb03,chb03_35.edf,904.0,908.0,1.0,0.0,71,1.7937447317653397,ok,0,10,8,0.0
chb03,chb03_35.edf,904.0,908.0,1.0,0.0,72,0.18642507739616473,ok,0,6,5,0.0
chb03,chb03_35.edf,904.0,908.0,1.0,0.0,73,0.5987516059102022,ok,0,9,8,0.0
chb03,chb03_35.edf,904.0,908.0,1.0,0.0,74,0.6443582292066723,ok,0,11,10,0.0
chb03,chb03_35.edf,904.0,908.0,1.0,0.0,75,1.65888681246551,ok,0,10,7,0.0
chb03,chb03_35.edf,904.0,908.0,1.0,0.0,76,0.22553402254439306,ok,0,12,11,0.0
chb03,chb03_35.edf,904.0,908.0,1.0,0.0,77,1.261454559020981,ok,0,10,9,0.0
chb03,chb03_35.edf,904.0,908.0,1.0,0.0,78,1.9856992051961986,ok,0,12,11,0.0
chb03,chb03_35.edf,904.0,908.0,1.0,0.0,79,0.1609368397508929,ok,0,7,6,0.0
chb03,chb03_35.edf,904.0,908.0,1.0,0.0,80,0.8375512923759941,ok,0,11,9,0.0
chb03,chb03_35.edf,904.0,908.0,1.0,0.0,81,1.3218647883394035,ok,0,10,8,0.0
chb03,chb03_35.edf,904.0,908.0,1.0,0.175,62,0.8207228509784782,ok,0,12,11,0.0
chb03,chb03_35.edf,904.0,908.0,1.0,0.175,63,0.21488489744161204,ok,0,8,7,0.0
chb03,chb03_35.edf,904.0,908.0,1.0,0.175,64,0.17192047651837583,ok,0,10,9,0.0
chb03,chb03_35.edf,904.0,908.0,1.0,0.175,65,0.48620003231413916,ok,0,12,9,0.0
chb03,chb03_35.edf,904.0,908.0,1.0,0.175,66,1.3756822323974554,ok,0,13,11,0.0
chb03,chb03_35.edf,904.0,908.0,1.0,0.175,67,1.0067830609804835,ok,0,9,8,0.0
chb03,chb03_35.edf,904.0,908.0,1.0,0.175,68,1.4166560579148733,ok,0,12,10,0.0
chb03,chb03_35.edf,904.0,908.0,1.0,0.175,69,1.0610836315798138,ok,0,8,5,0.0
chb03,chb03_35.edf,904.0,908.0,1.0,0.175,70,1.0713161689866328,ok,0,12,9,0.0
chb03,chb03_35.edf,904.0,908.0,1.0,0.175,71,1.7937447317653397,ok,0,10,8,0.0
chb03,chb03_35.edf,904.0,908.0,1.0,0.175,72,0.18642507739616473,ok,0,6,5,0.0
chb03,chb03_35.edf,904.0,908.0,1.0,0.175,73,0.5987516059102022,ok,0,9,8,0.0
chb03,chb03_35.edf,904.0,908.0,1.0,0.175,74,0.6459406006850896,ok,0,11,10,0.0
chb03,chb03_35.edf,904.0,908.0,1.0,0.175,75,1.65888681246551,ok,0,10,7,0.0
chb03,chb03_35.edf,904.0,908.0,1.0,0.175,76,0.22553402254439306,ok,0,12,11,0.0
chb03,chb03_35.edf,904.0,908.0,1.0,0.175,77,1.261454559020981,ok,0,10,9,0.0
chb03,chb03_35.edf,904.0,908.0,1.0,0.175,78,2.0008167178077203,ok,0,11,10,0.0
chb03,chb03_35.edf,904.0,908.0,1.0,0.175,79,0.1609368397508929,ok,0,7,6,0.0
chb03,chb03_35.edf,904.0,908.0,1.0,0.175,80,0.9226330389069755,ok,0,10,8,0.0
chb03,chb03_35.edf,904.0,908.0,1.0,0.175,81,1.3218647883394035,ok,0,10,8,0.0
chb03,chb03_35.edf,904.0,908.0,1.0,0.35,62,0.8207228509784782,ok,0,12,11,0.0
chb03,chb03_35.edf,904.0,908.0,1.0,0.35,63,0.19649437297296482,ok,0,8,7,0.0
chb03,chb03_35.edf,904.0,908.0,1.0,0.35,64,0.17192047651837583,ok,0,10,9,0.0
chb03,chb03_35.edf,904.0,908.0,1.0,0.35,65,0.49292157435773215,ok,0,12,10,0.0
chb03,chb03_35.edf,904.0,908.0,1.0,0.35,66,1.3756822323974554,ok,0,13,11,0.0
chb03,chb03_35.edf,904.0,908.0,1.0,0.35,67,1.0162300239210387,ok,0,9,8,0.0
chb03,chb03_35.edf,904.0,908.0,1.0,0.35,68,1.4843538096478193,ok,0,11,9,0.0
chb03,chb03_35.edf,904.0,908.0,1.0,0.35,69,1.0610836315798138,ok,0,8,5,0.0
chb03,chb03_35.edf,904.0,908.0,1.0,0.35,70,1.02561670668018,ok,0,11,8,0.0
chb03,chb03_35.edf,904.0,908.0,1.0,0.35,71,1.7937447317653397,ok,0,10,8,0.0
chb03,chb03_35.edf,904.0,908.0,1.0,0.35,72,0.1692486635019696,ok,0,6,5,0.0
chb03,chb03_35.edf,904.0,908.0,1.0,0.35,73,0.5987516059102022,ok,0,9,8,0.0
chb03,chb03_35.edf,904.0,908.0,1.0,0.35,74,0.6459406006850896,ok,0,11,10,0.0
chb03,chb03_35.edf,904.0,908.0,1.0,0.35,75,1.65888681246551,ok,0,10,7,0.0
chb03,chb03_35.edf,904.0,908.0,1.0,0.35,76,0.22553402254439306,ok,0,12,11,0.0
chb03,chb03_35.edf,904.0,908.0,1.0,0.35,77,1.3301863919839045,ok,0,11,10,0.0
chb03,chb03_35.edf,904.0,908.0,1.0,0.35,78,1.9427439567377816,ok,0,10,9,0.0
chb03,chb03_35.edf,904.0,908.0,1.0,0.35,79,0.1609368397508929,ok,0,7,6,0.0
chb03,chb03_35.edf,904.0,908.0,1.0,0.35,80,0.7869313679710588,ok,0,10,8,0.0
chb03,chb03_35.edf,904.0,908.0,1.0,0.35,81,1.358734595506705,ok,0,9,7,0.0
chb03,chb03_35.edf,904.0,908.0,1.0,0.7,62,0.8033746199199773,ok,0,13,12,0.0
chb03,chb03_35.edf,904.0,908.0,1.0,0.7,63,0.20073334668699352,ok,0,9,8,0.0
chb03,chb03_35.edf,904.0,908.0,1.0,0.7,64,0.3241389292311979,ok,0,9,8,0.0
chb03,chb03_35.edf,904.0,908.0,1.0,0.7,65,0.49292157435773215,ok,0,12,10,0.0
chb03,chb03_35.edf,904.0,908.0,1.0,0.7,66,1.4564189571559032,ok,0,14,12,0.0
chb03,chb03_35.edf,904.0,908.0,1.0,0.7,67,1.0162300239210387,ok,0,9,8,0.0
chb03,chb03_35.edf,904.0,908.0,1.0,0.7,68,1.4500413900642992,ok,0,11,9,0.0
chb03,chb03_35.edf,904.0,908.0,1.0,0.7,69,1.1771033272972666,ok,0,8,7,0.0
chb03,chb03_35.edf,904.0,908.0,1.0,0.7,70,1.02561670668018,ok,0,11,8,0.0
chb03,chb03_35.edf,904.0,908.0,1.0,0.7,71,1.7937447317653397,ok,0,10,8,0.0
chb03,chb03_35.edf,904.0,908.0,1.0,0.7,72,0.2127080289469873,ok,0,6,5,0.0
chb03,chb03_35.edf,904.0,908.0,1.0,0.7,73,0.8103968738595015,ok,0,8,7,0.0
chb03,chb03_35.edf,904.0,908.0,1.0,0.7,74,0.6459406006850896,ok,0,11,10,0.0
chb03,chb03_35.edf,904.0,908.0,1.0,0.7,75,1.5677500142982317,ok,0,10,8,0.0
chb03,chb03_35.edf,904.0,908.0,1.0,0.7,76,0.2290690021431927,ok,0,12,11,0.0
chb03,chb03_35.edf,904.0,908.0,1.0,0.7,77,1.2300354032049636,ok,0,10,9,0.0
chb03,chb03_35.edf,904.0,908.0,1.0,0.7,78,1.9436130854309739,ok,0,10,9,0.0
chb03,chb03_35.edf,904.0,908.0,1.0,0.7,79,0.1609368397508929,ok,0,7,6,0.0
chb03,chb03_35.edf,904.0,908.0,1.0,0.7,80,0.7893215774025953,ok,0,10,8,0.0
chb03,chb03_35.edf,904.0,908.0,1.0,0.7,81,1.3951320693161031,ok,0,9,8,0.0
chb03,chb03_35.edf,2700.0,2704.0,0.25,0.0,62,0.6171842911523988,ok,0,10,9,0.0
chb03,chb03_35.edf,2700.0,2704.0,0.25,0.0,63,2.043747370146671,ok,0,9,8,0.0
chb03,chb03_35.edf,2700.0,2704.0,0.25,0.0,64,0.8756532617719204,ok,0,9,8,0.0
chb03,chb03_35.edf,2700.0,2704.0,0.25,0.0,65,0.9667718123938864,ok,0,11,10,0.0
chb03,chb03_35.edf,2700.0,2704.0,0.25,0.0,66,0.3631787913269073,ok,0,11,9,0.0
chb03,chb03_35.edf,2700.0,2704.0,0.25,0.0,67,0.8092054221906116,ok,0,11,9,0.0
chb03,chb03_35.edf,2700.0,2704.0,0.25,0.0,68,0.9681035064574081,ok,0,9,8,0.0
chb03,chb03_35.edf,2700.0,2704.0,0.25,0.0,69,1.241548694349417,ok,0,10,8,0.0
chb03,chb03_35.edf,2700.0,2704.0,0.25,0.0,70,0.2793983295119334,ok,0,9,8,0.0
chb03,chb03_35.edf,2700.0,2704.0,0.25,0.0,71,1.5904417843670142,ok,0,12,11,0.0
chb03,chb03_35.edf,2700.0,2704.0,0.25,0.0,72,0.9990557900479503,ok,0,11,9,0.0
chb03,chb03_35.edf,2700.0,2704.0,0.25,0.0,73,0.4814093715175572,ok,0,8,7,0.0
chb03,chb03_35.edf,2700.0,2704.0,0.25,0.0,74,0.6162790697674418,ok,0,11,8,0.0
chb03,chb03_35.edf,2700.0,2704.0,0.25,0.0,75,0.35394981220923855,ok,0,12,11,0.0
chb03,chb03_35.edf,2700.0,2704.0,0.25,0.0,76,0.3909772130214703,ok,0,12,11,0.0
chb03,chb03_35.edf,2700.0,2704.0,0.25,0.0,77,0.9447730595988872,ok,0,6,4,0.0
chb03,chb03_35.edf,2700.0,2704.0,0.25,0.0,78,1.3483863463099397,ok,0,11,10,0.0
chb03,chb03_35.edf,2700.0,2704.0,0.25,0.0,79,0.1609368397508929,ok,0,7,6,0.0
chb03,chb03_35.edf,2700.0,2704.0,0.25,0.0,80,0.1797136108456547,ok,0,12,10,0.0
chb03,chb03_35.edf,2700.0,2704.0,0.25,0.0,81,1.4033891062507988,ok,0,10,7,0.0
chb03,chb03_35.edf,2700.0,2704.0,0.25,0.175,62,0.5312253998074805,ok,0,9,8,0.0
chb03,chb03_35.edf,2700.0,2704.0,0.25,0.175,63,0.227675812532863,ok,0,9,8,0.0
chb03,chb03_35.edf,2700.0,2704.0,0.25,0.175,64,0.8756532617719204,ok,0,9,8,0.0
chb03,chb03_35.edf,2700.0,2704.0,0.25,0.175,65,0.9667718123938864,ok,0,11,10,0.0
chb03,chb03_35.edf,2700.0,2704.0,0.25,0.175,66,0.3428004452807938,ok,0,11,9,0.0
chb03,chb03_35.edf,2700.0,2704.0,0.25,0.175,67,0.3632060189526681,ok,0,10,8,0.0
chb03,chb03_35.edf,2700.0,2704.0,0.25,0.175,68,0.895157178062396,ok,0,8,7,0.0
chb03,chb03_35.edf,2700.0,2704.0,0.25,0.175,69,1.0504682662376859,ok,0,11,8,0.0
chb03,chb03_35.edf,2700.0,2704.0,0.25,0.175,70,0.2793983295119334,ok,0,9,8,0.0
chb03,chb03_35.edf,2700.0,2704.0,0.25,0.175,71,1.5904417843670142,ok,0,12,11,0.0
chb03,chb03_35.edf,2700.0,2704.0,0.25,0.175,72,0.9990557900479503,ok,0,11,9,0.0
chb03,chb03_35.edf,2700.0,2704.0,0.25,0.175,73,0.601476635300329,ok,0,8,7,0.0
chb03,chb03_35.edf,2700.0,2704.0,0.25,0.175,74,0.3941102945498992,ok,0,11,8,0.0
chb03,chb03_35.edf,2700.0,2704.0,0.25,0.175,75,0.6449637972817176,ok,0,12,11,0.0
chb03,chb03_35.edf,2700.0,2704.0,0.25,0.175,76,0.8616713197367994,ok,0,10,9,0.0
chb03,chb03_35.edf,2700.0,2704.0,0.25,0.175,77,0.9447730595988872,ok,0,6,4,0.0
chb03,chb03_35.edf,2700.0,2704.0,0.25,0.175,78,1.3475272288530968,ok,0,11,10,0.0
chb03,chb03_35.edf,2700.0,2704.0,0.25,0.175,79,0.1609368397508929,ok,0,7,6,0.0
chb03,chb03_35.edf,2700.0,2704.0,0.25,0.175,80,0.16139070270625072,ok,0,11,10,0.0
chb03,chb03_35.edf,2700.0,2704.0,0.25,0.175,81,1.391697303472564,ok,0,9,8,0.0
chb03,chb03_35.edf,2700.0,2704.0,0.25,0.35,62,0.6726117506154543,ok,0,11,10,0.0
chb03,chb03_35.edf,2700.0,2704.0,0.25,0.35,63,0.227675812532863,ok,0,9,8,0.0
chb03,chb03_35.edf,2700.0,2704.0,0.25,0.35,64,0.8763414757819065,ok,0,9,8,0.0
chb03,chb03_35.edf,2700.0,2704.0,0.25,0.35,65,0.9667718123938864,ok,0,11,10,0.0
chb03,chb03_35.edf,2700.0,2704.0,0.25,0.35,66,0.3428004452807938,ok,0,11,9,0.0
chb03,chb03_35.edf,2700.0,2704.0,0.25,0.35,67,0.3243455798573478,ok,0,9,8,0.0
chb03,chb03_35.edf,2700.0,2704.0,0.25,0.35,68,0.8821717639524773,ok,0,8,7,0.0
chb03,chb03_35.edf,2700.0,2704.0,0.25,0.35,69,1.0497941954739276,ok,0,11,8,0.0
chb03,chb03_35.edf,2700.0,2704.0,0.25,0.35,70,0.2793983295119334,ok,0,9,8,0.0
chb03,chb03_35.edf,2700.0,2704.0,0.25,0.35,71,1.5904417843670142,ok,0,12,11,0.0
chb03,chb03_35.edf,2700.0,2704.0,0.25,0.35,72,1.3479668110204819,ok,0,10,8,0.0
chb03,chb03_35.edf,2700.0,2704.0,0.25,0.35,73,0.5001220932461746,ok,0,9,8,0.0
chb03,chb03_35.edf,2700.0,2704.0,0.25,0.35,74,0.40601840981456294,ok,0,12,9,0.0
chb03,chb03_35.edf,2700.0,2704.0,0.25,0.35,75,0.5806515719175045,ok,0,11,10,0.0
chb03,chb03_35.edf,2700.0,2704.0,0.25,0.35,76,0.9824438129633755,ok,0,9,8,0.0
chb03,chb03_35.edf,2700.0,2704.0,0.25,0.35,77,0.9447730595988872,ok,0,6,4,0.0
chb03,chb03_35.edf,2700.0,2704.0,0.25,0.35,78,1.2954396739846774,ok,0,10,8,0.0
chb03,chb03_35.edf,2700.0,2704.0,0.25,0.35,79,0.1609368397508929,ok,0,7,6,0.0
chb03,chb03_35.edf,2700.0,2704.0,0.25,0.35,80,0.1553054214720489,ok,0,12,11,0.0
chb03,chb03_35.edf,2700.0,2704.0,0.25,0.35,81,1.3090048744270146,ok,0,10,9,0.0
chb03,chb03_35.edf,2700.0,2704.0,0.25,0.7,62,1.0518111614776127,ok,0,9,8,0.0
chb03,chb03_35.edf,2700.0,2704.0,0.25,0.7,63,0.20805116380691183,ok,0,8,7,0.0
chb03,chb03_35.edf,2700.0,2704.0,0.25,0.7,64,0.8656624188824752,ok,0,9,8,0.0
chb03,chb03_35.edf,2700.0,2704.0,0.25,0.7,65,0.7920815715122105,ok,0,14,12,0.0
chb03,chb03_35.edf,2700.0,2704.0,0.25,0.7,66,0.3428004452807938,ok,0,11,9,0.0
chb03,chb03_35.edf,2700.0,2704.0,0.25,0.7,67,0.4020525804096822,ok,0,9,8,0.0
chb03,chb03_35.edf,2700.0,2704.0,0.25,0.7,68,0.9767761575172799,ok,0,9,8,0.0
chb03,chb03_35.edf,2700.0,2704.0,0.25,0.7,69,1.1539401242372453,ok,0,10,7,0.0
chb03,chb03_35.edf,2700.0,2704.0,0.25,0.7,70,0.2793983295119334,ok,0,9,8,0.0
chb03,chb03_35.edf,2700.0,2704.0,0.25,0.7,71,1.5903213087760708,ok,0,12,11,0.0
chb03,chb03_35.edf,2700.0,2704.0,0.25,0.7,72,1.515888494393747,ok,0,7,6,0.0
chb03,chb03_35.edf,2700.0,2704.0,0.25,0.7,73,0.501057024823717,ok,0,9,8,0.0
chb03,chb03_35.edf,2700.0,2704.0,0.25,0.7,74,0.4679389789819238,ok,0,12,10,0.0
chb03,chb03_35.edf,2700.0,2704.0,0.25,0.7,75,0.5853028000170849,ok,0,12,11,0.0
chb03,chb03_35.edf,2700.0,2704.0,0.25,0.7,76,0.22697976605095269,ok,0,8,6,0.0
chb03,chb03_35.edf,2700.0,2704.0,0.25,0.7,77,0.8472260305815239,ok,0,6,5,0.0
chb03,chb03_35.edf,2700.0,2704.0,0.25,0.7,78,1.2803993507479625,ok,0,10,8,0.0
chb03,chb03_35.edf,2700.0,2704.0,0.25,0.7,79,0.1609368397508929,ok,0,7,6,0.0
chb03,chb03_35.edf,2700.0,2704.0,0.25,0.7,80,0.175793722481424,ok,0,14,12,0.0
chb03,chb03_35.edf,2700.0,2704.0,0.25,0.7,81,1.3090048744270146,ok,0,10,9,0.0
chb03,chb03_35.edf,2700.0,2704.0,0.5,0.0,62,0.5712931377579745,ok,0,12,11,0.0
chb03,chb03_35.edf,2700.0,2704.0,0.5,0.0,63,0.16726057798219393,ok,0,8,7,0.0
chb03,chb03_35.edf,2700.0,2704.0,0.5,0.0,64,0.19637001542360058,ok,0,9,8,0.0
chb03,chb03_35.edf,2700.0,2704.0,0.5,0.0,65,0.546024803519956,ok,0,10,8,0.0
chb03,chb03_35.edf,2700.0,2704.0,0.5,0.0,66,0.3428004452807938,ok,0,11,9,0.0
chb03,chb03_35.edf,2700.0,2704.0,0.5,0.0,67,0.9454773281444654,ok,0,7,6,0.0
chb03,chb03_35.edf,2700.0,2704.0,0.5,0.0,68,1.2291207868644798,ok,0,12,11,0.0
chb03,chb03_35.edf,2700.0,2704.0,0.5,0.0,69,1.1682562182790923,ok,0,9,7,0.0
chb03,chb03_35.edf,2700.0,2704.0,0.5,0.0,70,0.5111811702061327,ok,0,14,13,0.0
chb03,chb03_35.edf,2700.0,2704.0,0.5,0.0,71,1.8179982256514546,ok,0,11,9,0.0
chb03,chb03_35.edf,2700.0,2704.0,0.5,0.0,72,0.18642507739616473,ok,0,6,5,0.0
chb03,chb03_35.edf,2700.0,2704.0,0.5,0.0,73,0.6286253346157429,ok,0,10,9,0.0
chb03,chb03_35.edf,2700.0,2704.0,0.5,0.0,74,0.6476197533905482,ok,0,9,7,0.0
chb03,chb03_35.edf,2700.0,2704.0,0.5,0.0,75,0.9626906857352386,ok,0,12,10,0.0
chb03,chb03_35.edf,2700.0,2704.0,0.5,0.0,76,0.48840569686484475,ok,0,10,9,0.0
chb03,chb03_35.edf,2700.0,2704.0,0.5,0.0,77,1.4397992123948258,ok,0,10,9,0.0
chb03,chb03_35.edf,2700.0,2704.0,0.5,0.0,78,0.8783739115481473,ok,0,10,9,0.0
chb03,chb03_35.edf,2700.0,2704.0,0.5,0.0,79,0.6660998123404629,ok,0,8,7,0.0
chb03,chb03_35.edf,2700.0,2704.0,0.5,0.0,80,0.48943288169382493,ok,0,10,8,0.0
chb03,chb03_35.edf,2700.0,2704.0,0.5,0.0,81,1.3487816138931745,ok,0,10,9,0.0
chb03,chb03_35.edf,2700.0,2704.0,0.5,0.175,62,0.5712931377579745,ok,0,12,11,0.0
chb03,chb03_35.edf,2700.0,2704.0,0.5,0.175,63,0.16726057798219393,ok,0,8,7,0.0
chb03,chb03_35.edf,2700.0,2704.0,0.5,0.175,64,0.33066737835270793,ok,0,10,9,0.0
chb03,chb03_35.edf,2700.0,2704.0,0.5,0.175,65,0.546024803519956,ok,0,10,8,0.0
chb03,chb03_35.edf,2700.0,2704.0,0.5,0.175,66,0.3428004452807938,ok,0,11,9,0.0
chb03,chb03_35.edf,2700.0,2704.0,0.5,0.175,67,0.8377672197615914,ok,0,6,5,0.0
chb03,chb03_35.edf,2700.0,2704.0,0.5,0.175,68,1.2291207868644798,ok,0,12,11,0.0
chb03,chb03_35.edf,2700.0,2704.0,0.5,0.175,69,1.076614708222023,ok,0,10,8,0.0
chb03,chb03_35.edf,2700.0,2704.0,0.5,0.175,70,0.509154547108042,ok,0,14,13,0.0
chb03,chb03_35.edf,2700.0,2704.0,0.5,0.175,71,1.8814282450408817,ok,0,11,10,0.0
chb03,chb03_35.edf,2700.0,2704.0,0.5,0.175,72,0.18642507739616473,ok,0,6,5,0.0
chb03,chb03_35.edf,2700.0,2704.0,0.5,0.175,73,0.6540675371722917,ok,0,10,9,0.0
chb03,chb03_35.edf,2700.0,2704.0,0.5,0.175,74,0.655280757217913,ok,0,10,8,0.0
chb03,chb03_35.edf,2700.0,2704.0,0.5,0.175,75,0.9304566943784026,ok,0,11,10,0.0
chb03,chb03_35.edf,2700.0,2704.0,0.5,0.175,76,0.49210873425856594,ok,0,10,9,0.0
chb03,chb03_35.edf,2700.0,2704.0,0.5,0.175,77,1.4397992123948258,ok,0,10,9,0.0
chb03,chb03_35.edf,2700.0,2704.0,0.5,0.175,78,0.8783739115481473,ok,0,10,9,0.0
chb03,chb03_35.edf,2700.0,2704.0,0.5,0.175,79,0.1609368397508929,ok,0,7,6,0.0
chb03,chb03_35.edf,2700.0,2704.0,0.5,0.175,80,0.8667296522251868,ok,0,9,7,0.0
chb03,chb03_35.edf,2700.0,2704.0,0.5,0.175,81,1.3487816138931745,ok,0,10,9,0.0
chb03,chb03_35.edf,2700.0,2704.0,0.5,0.35,62,0.5712931377579745,ok,0,12,11,0.0
chb03,chb03_35.edf,2700.0,2704.0,0.5,0.35,63,0.17253466291491212,ok,0,8,7,0.0
chb03,chb03_35.edf,2700.0,2704.0,0.5,0.35,64,0.3392508459009907,ok,0,10,9,0.0
chb03,chb03_35.edf,2700.0,2704.0,0.5,0.35,65,0.546024803519956,ok,0,10,8,0.0
chb03,chb03_35.edf,2700.0,2704.0,0.5,0.35,66,0.3428004452807938,ok,0,11,9,0.0
chb03,chb03_35.edf,2700.0,2704.0,0.5,0.35,67,0.8377672197615914,ok,0,6,5,0.0
chb03,chb03_35.edf,2700.0,2704.0,0.5,0.35,68,1.4147498679112749,ok,0,10,9,0.0
chb03,chb03_35.edf,2700.0,2704.0,0.5,0.35,69,1.076614708222023,ok,0,10,8,0.0
chb03,chb03_35.edf,2700.0,2704.0,0.5,0.35,70,0.509154547108042,ok,0,14,13,0.0
chb03,chb03_35.edf,2700.0,2704.0,0.5,0.35,71,1.8814282450408817,ok,0,11,10,0.0
chb03,chb03_35.edf,2700.0,2704.0,0.5,0.35,72,0.18642507739616473,ok,0,6,5,0.0
chb03,chb03_35.edf,2700.0,2704.0,0.5,0.35,73,0.6540675371722917,ok,0,10,9,0.0
chb03,chb03_35.edf,2700.0,2704.0,0.5,0.35,74,0.655280757217913,ok,0,10,8,0.0
chb03,chb03_35.edf,2700.0,2704.0,0.5,0.35,75,0.9304566943784026,ok,0,11,10,0.0
chb03,chb03_35.edf,2700.0,2704.0,0.5,0.35,76,0.6120280784432455,ok,0,11,10,0.0
chb03,chb03_35.edf,2700.0,2704.0,0.5,0.35,77,0.15017589931350145,ok,0,8,7,0.0
chb03,chb03_35.edf,2700.0,2704.0,0.5,0.35,78,0.9146830104283815,ok,0,10,9,0.0
chb03,chb03_35.edf,2700.0,2704.0,0.5,0.35,79,0.1609368397508929,ok,0,7,6,0.0
chb03,chb03_35.edf,2700.0,2704.0,0.5,0.35,80,0.864991424825118,ok,0,9,7,0.0
chb03,chb03_35.edf,2700.0,2704.0,0.5,0.35,81,1.3487816138931745,ok,0,10,9,0.0
chb03,chb03_35.edf,2700.0,2704.0,0.5,0.7,62,0.5294834872571414,ok,0,12,10,0.0
chb03,chb03_35.edf,2700.0,2704.0,0.5,0.7,63,0.17253466291491212,ok,0,8,7,0.0
chb03,chb03_35.edf,2700.0,2704.0,0.5,0.7,64,0.3392508459009907,ok,0,10,9,0.0
chb03,chb03_35.edf,2700.0,2704.0,0.5,0.7,65,0.6996169469027036,ok,0,9,7,0.0
chb03,chb03_35.edf,2700.0,2704.0,0.5,0.7,66,0.3428004452807938,ok,0,11,9,0.0
chb03,chb03_35.edf,2700.0,2704.0,0.5,0.7,67,1.0415612724064285,ok,0,8,7,0.0
chb03,chb03_35.edf,2700.0,2704.0,0.5,0.7,68,1.430114888193516,ok,0,10,9,0.0
chb03,chb03_35.edf,2700.0,2704.0,0.5,0.7,69,1.0575732520501455,ok,0,9,6,0.0
chb03,chb03_35.edf,2700.0,2704.0,0.5,0.7,70,0.4957619220296901,ok,0,14,13,0.0
chb03,chb03_35.edf,2700.0,2704.0,0.5,0.7,71,1.8812699685084886,ok,0,11,10,0.0
chb03,chb03_35.edf,2700.0,2704.0,0.5,0.7,72,0.18642507739616473,ok,0,6,5,0.0
chb03,chb03_35.edf,2700.0,2704.0,0.5,0.7,73,0.5451648367064803,ok,0,10,9,0.0
chb03,chb03_35.edf,2700.0,2704.0,0.5,0.7,74,0.6114927723449641,ok,0,10,9,0.0
chb03,chb03_35.edf,2700.0,2704.0,0.5,0.7,75,0.9104796358089369,ok,0,11,10,0.0
chb03,chb03_35.edf,2700.0,2704.0,0.5,0.7,76,0.5775796422158895,ok,0,10,9,0.0
chb03,chb03_35.edf,2700.0,2704.0,0.5,0.7,77,0.15017589931350145,ok,0,8,7,0.0
chb03,chb03_35.edf,2700.0,2704.0,0.5,0.7,78,0.7021721738313343,ok,0,10,8,0.0
chb03,chb03_35.edf,2700.0,2704.0,0.5,0.7,79,0.1609368397508929,ok,0,7,6,0.0
chb03,chb03_35.edf,2700.0,2704.0,0.5,0.7,80,0.864991424825118,ok,0,9,7,0.0
chb03,chb03_35.edf,2700.0,2704.0,0.5,0.7,81,1.3487816138931745,ok,0,10,9,0.0
chb03,chb03_35.edf,2700.0,2704.0,1.0,0.0,62,0.7743914046997703,ok,0,11,10,0.0
chb03,chb03_35.edf,2700.0,2704.0,1.0,0.0,63,0.21488489744161204,ok,0,8,7,0.0
chb03,chb03_35.edf,2700.0,2704.0,1.0,0.0,64,0.17192047651837583,ok,0,10,9,0.0
chb03,chb03_35.edf,2700.0,2704.0,1.0,0.0,65,0.48620003231413916,ok,0,12,9,0.0
chb03,chb03_35.edf,2700.0,2704.0,1.0,0.0,66,1.3756822323974554,ok,0,13,11,0.0
chb03,chb03_35.edf,2700.0,2704.0,1.0,0.0,67,1.0067830609804835,ok,0,9,8,0.0
chb03,chb03_35.edf,2700.0,2704.0,1.0,0.0,68,1.5176810316646947,ok,0,13,11,0.0
chb03,chb03_35.edf,2700.0,2704.0,1.0,0.0,69,1.0610836315798138,ok,0,8,5,0.0
chb03,chb03_35.edf,2700.0,2704.0,1.0,0.0,70,0.981919803246944,ok,0,12,11,0.0
chb03,chb03_35.edf,2700.0,2704.0,1.0,0.0,71,1.7937447317653397,ok,0,10,8,0.0
chb03,chb03_35.edf,2700.0,2704.0,1.0,0.0,72,0.18642507739616473,ok,0,6,5,0.0
chb03,chb03_35.edf,2700.0,2704.0,1.0,0.0,73,0.5987516059102022,ok,0,9,8,0.0
chb03,chb03_35.edf,2700.0,2704.0,1.0,0.0,74,0.6443582292066723,ok,0,11,10,0.0
chb03,chb03_35.edf,2700.0,2704.0,1.0,0.0,75,1.65888681246551,ok,0,10,7,0.0
chb03,chb03_35.edf,2700.0,2704.0,1.0,0.0,76,0.22553402254439306,ok,0,12,11,0.0
chb03,chb03_35.edf,2700.0,2704.0,1.0,0.0,77,1.261454559020981,ok,0,10,9,0.0
chb03,chb03_35.edf,2700.0,2704.0,1.0,0.0,78,1.9856992051961986,ok,0,12,11,0.0
chb03,chb03_35.edf,2700.0,2704.0,1.0,0.0,79,0.1609368397508929,ok,0,7,6,0.0
chb03,chb03_35.edf,2700.0,2704.0,1.0,0.0,80,0.8375512923759941,ok,0,11,9,0.0
chb03,chb03_35.edf,2700.0,2704.0,1.0,0.0,81,1.3218647883394035,ok,0,10,8,0.0
chb03,chb03_35.edf,2700.0,2704.0,1.0,0.175,62,0.7743914046997703,ok,0,11,10,0.0
chb03,chb03_35.edf,2700.0,2704.0,1.0,0.175,63,0.16726057798219393,ok,0,8,7,0.0
chb03,chb03_35.edf,2700.0,2704.0,1.0,0.175,64,0.17192047651837583,ok,0,10,9,0.0
chb03,chb03_35.edf,2700.0,2704.0,1.0,0.175,65,0.48620003231413916,ok,0,12,9,0.0
chb03,chb03_35.edf,2700.0,2704.0,1.0,0.175,66,1.3756822323974554,ok,0,13,11,0.0
chb03,chb03_35.edf,2700.0,2704.0,1.0,0.175,67,1.0067830609804835,ok,0,9,8,0.0
chb03,chb03_35.edf,2700.0,2704.0,1.0,0.175,68,1.4166560579148733,ok,0,12,10,0.0
chb03,chb03_35.edf,2700.0,2704.0,1.0,0.175,69,1.0610836315798138,ok,0,8,5,0.0
chb03,chb03_35.edf,2700.0,2704.0,1.0,0.175,70,0.981919803246944,ok,0,12,11,0.0
chb03,chb03_35.edf,2700.0,2704.0,1.0,0.175,71,1.7937447317653397,ok,0,10,8,0.0
chb03,chb03_35.edf,2700.0,2704.0,1.0,0.175,72,0.18642507739616473,ok,0,6,5,0.0
chb03,chb03_35.edf,2700.0,2704.0,1.0,0.175,73,0.6607166923201049,ok,0,10,9,0.0
chb03,chb03_35.edf,2700.0,2704.0,1.0,0.175,74,0.6443582292066723,ok,0,11,10,0.0
chb03,chb03_35.edf,2700.0,2704.0,1.0,0.175,75,1.5948385453898242,ok,0,8,6,0.0
chb03,chb03_35.edf,2700.0,2704.0,1.0,0.175,76,0.22652733919178974,ok,0,12,11,0.0
chb03,chb03_35.edf,2700.0,2704.0,1.0,0.175,77,1.261454559020981,ok,0,10,9,0.0
chb03,chb03_35.edf,2700.0,2704.0,1.0,0.175,78,1.9856992051961986,ok,0,12,11,0.0
chb03,chb03_35.edf,2700.0,2704.0,1.0,0.175,79,0.1609368397508929,ok,0,7,6,0.0
chb03,chb03_35.edf,2700.0,2704.0,1.0,0.175,80,0.8460001481744026,ok,0,12,10,0.0
chb03,chb03_35.edf,2700.0,2704.0,1.0,0.175,81,1.3218647883394035,ok,0,10,8,0.0
chb03,chb03_35.edf,2700.0,2704.0,1.0,0.35,62,0.8312504385654137,ok,0,12,11,0.0
chb03,chb03_35.edf,2700.0,2704.0,1.0,0.35,63,0.16726057798219393,ok,0,8,7,0.0
chb03,chb03_35.edf,2700.0,2704.0,1.0,0.35,64,0.17192047651837583,ok,0,10,9,0.0
chb03,chb03_35.edf,2700.0,2704.0,1.0,0.35,65,0.49292157435773215,ok,0,12,10,0.0
chb03,chb03_35.edf,2700.0,2704.0,1.0,0.35,66,1.3756822323974554,ok,0,13,11,0.0
chb03,chb03_35.edf,2700.0,2704.0,1.0,0.35,67,1.0240622457920028,ok,0,9,8,0.0
chb03,chb03_35.edf,2700.0,2704.0,1.0,0.35,68,1.4166560579148733,ok,0,12,10,0.0
chb03,chb03_35.edf,2700.0,2704.0,1.0,0.35,69,1.05807512852026,ok,0,9,6,0.0
chb03,chb03_35.edf,2700.0,2704.0,1.0,0.35,70,1.0503580581633432,ok,0,12,10,0.0
chb03,chb03_35.edf,2700.0,2704.0,1.0,0.35,71,1.7937447317653397,ok,0,10,8,0.0
chb03,chb03_35.edf,2700.0,2704.0,1.0,0.35,72,0.18642507739616473,ok,0,6,5,0.0
chb03,chb03_35.edf,2700.0,2704.0,1.0,0.35,73,0.6607166923201049,ok,0,10,9,0.0
chb03,chb03_35.edf,2700.0,2704.0,1.0,0.35,74,0.6443582292066723,ok,0,11,10,0.0
chb03,chb03_35.edf,2700.0,2704.0,1.0,0.35,75,1.5239048562994235,ok,0,7,6,0.0
chb03,chb03_35.edf,2700.0,2704.0,1.0,0.35,76,0.22652733919178974,ok,0,12,11,0.0
chb03,chb03_35.edf,2700.0,2704.0,1.0,0.35,77,1.2551471077377274,ok,0,10,9,0.0
chb03,chb03_35.edf,2700.0,2704.0,1.0,0.35,78,1.9858068615153706,ok,0,12,11,0.0
chb03,chb03_35.edf,2700.0,2704.0,1.0,0.35,79,0.1609368397508929,ok,0,7,6,0.0
chb03,chb03_35.edf,2700.0,2704.0,1.0,0.35,80,0.8460001481744026,ok,0,12,10,0.0
chb03,chb03_35.edf,2700.0,2704.0,1.0,0.35,81,1.3218647883394035,ok,0,10,8,0.0
chb03,chb03_35.edf,2700.0,2704.0,1.0,0.7,62,0.7795355406896423,ok,0,11,9,0.0
chb03,chb03_35.edf,2700.0,2704.0,1.0,0.7,63,0.16726057798219393,ok,0,8,7,0.0
chb03,chb03_35.edf,2700.0,2704.0,1.0,0.7,64,0.19066012295924756,ok,0,10,9,0.0
chb03,chb03_35.edf,2700.0,2704.0,1.0,0.7,65,0.49292157435773215,ok,0,12,10,0.0
chb03,chb03_35.edf,2700.0,2704.0,1.0,0.7,66,1.3756822323974554,ok,0,13,11,0.0
chb03,chb03_35.edf,2700.0,2704.0,1.0,0.7,67,1.0303228311457067,ok,0,9,8,0.0
chb03,chb03_35.edf,2700.0,2704.0,1.0,0.7,68,1.4166560579148733,ok,0,12,10,0.0
chb03,chb03_35.edf,2700.0,2704.0,1.0,0.7,69,1.0624655170906576,ok,0,8,6,0.0
chb03,chb03_35.edf,2700.0,2704.0,1.0,0.7,70,0.8860555308524525,ok,0,9,7,0.0
chb03,chb03_35.edf,2700.0,2704.0,1.0,0.7,71,1.8713182836167332,ok,0,10,9,0.0
chb03,chb03_35.edf,2700.0,2704.0,1.0,0.7,72,0.18642507739616473,ok,0,6,5,0.0
chb03,chb03_35.edf,2700.0,2704.0,1.0,0.7,73,0.5539792933147515,ok,0,8,7,0.0
chb03,chb03_35.edf,2700.0,2704.0,1.0,0.7,74,0.6443582292066723,ok,0,11,10,0.0
chb03,chb03_35.edf,2700.0,2704.0,1.0,0.7,75,0.26139154419604327,ok,0,6,5,0.0
chb03,chb03_35.edf,2700.0,2704.0,1.0,0.7,76,0.2723055567101012,ok,0,12,11,0.0
chb03,chb03_35.edf,2700.0,2704.0,1.0,0.7,77,1.2829150389938366,ok,0,11,10,0.0
chb03,chb03_35.edf,2700.0,2704.0,1.0,0.7,78,1.9400643789897283,ok,0,11,10,0.0
chb03,chb03_35.edf,2700.0,2704.0,1.0,0.7,79,0.1609368397508929,ok,0,7,6,0.0
chb03,chb03_35.edf,2700.0,2704.0,1.0,0.7,80,0.8460001481744026,ok,0,12,10,0.0
chb03,chb03_35.edf,2700.0,2704.0,1.0,0.7,81,1.358734595506705,ok,0,9,7,0.0
chb03,chb03_36.edf,904.0,908.0,0.25,0.0,62,0.6171842911523988,ok,0,10,9,0.0
chb03,chb03_36.edf,904.0,908.0,0.25,0.0,63,2.043747370146671,ok,0,9,8,0.0
chb03,chb03_36.edf,904.0,908.0,0.25,0.0,64,0.8756532617719204,ok,0,9,8,0.0
chb03,chb03_36.edf,904.0,908.0,0.25,0.0,65,0.9667718123938864,ok,0,11,10,0.0
chb03,chb03_36.edf,904.0,908.0,0.25,0.0,66,0.3631787913269073,ok,0,11,9,0.0
chb03,chb03_36.edf,904.0,908.0,0.25,0.0,67,0.8092054221906116,ok,0,11,9,0.0
chb03,chb03_36.edf,904.0,908.0,0.25,0.0,68,0.9681035064574081,ok,0,9,8,0.0
chb03,chb03_36.edf,904.0,908.0,0.25,0.0,69,1.241548694349417,ok,0,10,8,0.0
chb03,chb03_36.edf,904.0,908.0,0.25,0.0,70,0.2793983295119334,ok,0,9,8,0.0
chb03,chb03_36.edf,904.0,908.0,0.25,0.0,71,1.5904417843670142,ok,0,12,11,0.0
chb03,chb03_36.edf,904.0,908.0,0.25,0.0,72,0.9990557900479503,ok,0,11,9,0.0
chb03,chb03_36.edf,904.0,908.0,0.25,0.0,73,0.4814093715175572,ok,0,8,7,0.0
chb03,chb03_36.edf,904.0,908.0,0.25,0.0,74,0.6162790697674418,ok,0,11,8,0.0
chb03,chb03_36.edf,904.0,908.0,0.25,0.0,75,0.35394981220923855,ok,0,12,11,0.0
chb03,chb03_36.edf,904.0,908.0,0.25,0.0,76,0.3909772130214703,ok,0,12,11,0.0
chb03,chb03_36.edf,904.0,908.0,0.25,0.0,77,0.9447730595988872,ok,0,6,4,0.0
chb03,chb03_36.edf,904.0,908.0,0.25,0.0,78,1.3483863463099397,ok,0,11,10,0.0
chb03,chb03_36.edf,904.0,908.0,0.25,0.0,79,0.1609368397508929,ok,0,7,6,0.0
chb03,chb03_36.edf,904.0,908.0,0.25,0.0,80,0.1797136108456547,ok,0,12,10,0.0
chb03,chb03_36.edf,904.0,908.0,0.25,0.0,81,1.4033891062507988,ok,0,10,7,0.0
chb03,chb03_36.edf,904.0,908.0,0.25,0.175,62,0.6948773510964309,ok,0,8,7,0.0
chb03,chb03_36.edf,904.0,908.0,0.25,0.175,63,0.20090073864352645,ok,0,9,8,0.0
chb03,chb03_36.edf,904.0,908.0,0.25,0.175,64,0.8763414757819065,ok,0,9,8,0.0
chb03,chb03_36.edf,904.0,908.0,0.25,0.175,65,0.9414616009623639,ok,0,11,9,0.0
chb03,chb03_36.edf,904.0,908.0,0.25,0.175,66,0.3631787913269073,ok,0,11,9,0.0
chb03,chb03_36.edf,904.0,908.0,0.25,0.175,67,0.589515634014297,ok,0,11,9,0.0
chb03,chb03_36.edf,904.0,908.0,0.25,0.175,68,1.0606932041110786,ok,0,8,7,0.0
chb03,chb03_36.edf,904.0,908.0,0.25,0.175,69,1.2744508647722061,ok,0,11,9,0.0
chb03,chb03_36.edf,904.0,908.0,0.25,0.175,70,0.2793983295119334,ok,0,9,8,0.0
chb03,chb03_36.edf,904.0,908.0,0.25,0.175,71,1.3880944615992352,ok,0,13,12,0.0
chb03,chb03_36.edf,904.0,908.0,0.25,0.175,72,0.9995291818824235,ok,0,11,9,0.0
chb03,chb03_36.edf,904.0,908.0,0.25,0.175,73,0.5853107774592456,ok,0,9,7,0.0
chb03,chb03_36.edf,904.0,908.0,0.25,0.175,74,0.3408083038784795,ok,0,13,10,0.0
chb03,chb03_36.edf,904.0,908.0,0.25,0.175,75,0.36209868255118927,ok,0,12,11,0.0
chb03,chb03_36.edf,904.0,908.0,0.25,0.175,76,0.6141251545787507,ok,0,11,10,0.0
chb03,chb03_36.edf,904.0,908.0,0.25,0.175,77,0.9448272784811769,ok,0,6,4,0.0
chb03,chb03_36.edf,904.0,908.0,0.25,0.175,78,1.776431313620844,ok,0,10,8,0.0
chb03,chb03_36.edf,904.0,908.0,0.25,0.175,79,0.1609368397508929,ok,0,7,6,0.0
chb03,chb03_36.edf,904.0,908.0,0.25,0.175,80,0.17655063606906146,ok,0,12,10,0.0
chb03,chb03_36.edf,904.0,908.0,0.25,0.175,81,1.3309912145228553,ok,0,9,8,0.0
chb03,chb03_36.edf,904.0,908.0,0.25,0.35,62,0.8358401331476385,ok,0,8,7,0.0
chb03,chb03_36.edf,904.0,908.0,0.25,0.35,63,0.1679519020138343,ok,0,8,7,0.0
chb03,chb03_36.edf,904.0,908.0,0.25,0.35,64,0.8195273820096445,ok,0,8,7,0.0
chb03,chb03_36.edf,904.0,908.0,0.25,0.35,65,0.9466500239393751,ok,0,10,8,0.0
chb03,chb03_36.edf,904.0,908.0,0.25,0.35,66,0.3631787913269073,ok,0,11,9,0.0
chb03,chb03_36.edf,904.0,908.0,0.25,0.35,67,0.6004304131407368,ok,0,12,11,0.0
chb03,chb03_36.edf,904.0,908.0,0.25,0.35,68,1.1817140481387116,ok,0,9,8,0.0
chb03,chb03_36.edf,904.0,908.0,0.25,0.35,69,1.2722381372242462,ok,0,10,7,0.0
chb03,chb03_36.edf,904.0,908.0,0.25,0.35,70,0.2793983295119334,ok,0,9,8,0.0
chb03,chb03_36.edf,904.0,908.0,0.25,0.35,71,1.4423401534445073,ok,0,13,12,0.0
chb03,chb03_36.edf,904.0,908.0,0.25,0.35,72,0.9352492186204531,ok,0,11,9,0.0
chb03,chb03_36.edf,904.0,908.0,0.25,0.35,73,0.6266709670753674,ok,0,10,8,0.0
chb03,chb03_36.edf,904.0,908.0,0.25,0.35,74,0.3408083038784795,ok,0,13,10,0.0
chb03,chb03_36.edf,904.0,908.0,0.25,0.35,75,0.5081445149511328,ok,0,12,11,0.0
chb03,chb03_36.edf,904.0,908.0,0.25,0.35,76,1.3179315001563823,ok,0,11,9,0.0
chb03,chb03_36.edf,904.0,908.0,0.25,0.35,77,0.9448272784811769,ok,0,6,4,0.0
chb03,chb03_36.edf,904.0,908.0,0.25,0.35,78,1.852376814480733,ok,0,11,9,0.0
chb03,chb03_36.edf,904.0,908.0,0.25,0.35,79,0.15092040263009227,ok,0,7,6,0.0
chb03,chb03_36.edf,904.0,908.0,0.25,0.35,80,0.20518208455786766,ok,0,12,10,0.0
chb03,chb03_36.edf,904.0,908.0,0.25,0.35,81,1.3309912145228553,ok,0,9,8,0.0
chb03,chb03_36.edf,904.0,908.0,0.25,0.7,62,0.8358401331476385,ok,0,8,7,0.0
chb03,chb03_36.edf,904.0,908.0,0.25,0.7,63,0.15731495510322982,ok,0,8,7,0.0
chb03,chb03_36.edf,904.0,908.0,0.25,0.7,64,1.2554803072460754,ok,0,7,6,0.0
chb03,chb03_36.edf,904.0,908.0,0.25,0.7,65,0.9788781739005337,ok,0,10,9,0.0
chb03,chb03_36.edf,904.0,908.0,0.25,0.7,66,0.5004831156134788,ok,0,11,8,0.0
chb03,chb03_36.edf,904.0,908.0,0.25,0.7,67,0.935783494011982,ok,0,11,9,0.0
chb03,chb03_36.edf,904.0,908.0,0.25,0.7,68,0.8046222772724138,ok,0,10,9,0.0
chb03,chb03_36.edf,904.0,908.0,0.25,0.7,69,1.1739896992855117,ok,0,8,6,0.0
chb03,chb03_36.edf,904.0,908.0,0.25,0.7,70,0.4380318473144032,ok,0,10,9,0.0
chb03,chb03_36.edf,904.0,908.0,0.25,0.7,71,1.4382338180164091,ok,0,13,12,0.0
chb03,chb03_36.edf,904.0,908.0,0.25,0.7,72,0.9954790154700113,ok,0,9,8,0.0
chb03,chb03_36.edf,904.0,908.0,0.25,0.7,73,0.5978814786823813,ok,0,10,7,0.0
chb03,chb03_36.edf,904.0,908.0,0.25,0.7,74,0.35413530763058393,ok,0,12,11,0.0
chb03,chb03_36.edf,904.0,908.0,0.25,0.7,75,0.6576448222825948,ok,0,12,11,0.0
chb03,chb03_36.edf,904.0,908.0,0.25,0.7,76,0.8060432675779795,ok,0,9,7,0.0
chb03,chb03_36.edf,904.0,908.0,0.25,0.7,77,1.0955895933149304,ok,0,6,5,0.0
chb03,chb03_36.edf,904.0,908.0,0.25,0.7,78,1.6320042556823995,ok,0,9,7,0.0
chb03,chb03_36.edf,904.0,908.0,0.25,0.7,79,0.2142203670713584,ok,0,8,6,0.0
chb03,chb03_36.edf,904.0,908.0,0.25,0.7,80,0.2354566485789655,ok,0,13,10,0.0
chb03,chb03_36.edf,904.0,908.0,0.25,0.7,81,1.3265509439494096,ok,0,9,7,0.0
chb03,chb03_36.edf,904.0,908.0,0.5,0.0,62,0.5712931377579745,ok,0,12,11,0.0
chb03,chb03_36.edf,904.0,908.0,0.5,0.0,63,0.16726057798219393,ok,0,8,7,0.0
chb03,chb03_36.edf,904.0,908.0,0.5,0.0,64,0.19637001542360058,ok,0,9,8,0.0
chb03,chb03_36.edf,904.0,908.0,0.5,0.0,65,0.546024803519956,ok,0,10,8,0.0
chb03,chb03_36.edf,904.0,908.0,0.5,0.0,66,0.3428004452807938,ok,0,11,9,0.0
chb03,chb03_36.edf,904.0,908.0,0.5,0.0,67,0.9454773281444654,ok,0,7,6,0.0
chb03,chb03_36.edf,904.0,908.0,0.5,0.0,68,1.2291207868644798,ok,0,12,11,0.0
chb03,chb03_36.edf,904.0,908.0,0.5,0.0,69,1.1682562182790923,ok,0,9,7,0.0
chb03,chb03_36.edf,904.0,908.0,0.5,0.0,70,0.5111811702061327,ok,0,14,13,0.0
chb03,chb03_36.edf,904.0,908.0,0.5,0.0,71,1.8179982256514546,ok,0,11,9,0.0
chb03,chb03_36.edf,904.0,908.0,0.5,0.0,72,0.18642507739616473,ok,0,6,5,0.0
chb03,chb03_36.edf,904.0,908.0,0.5,0.0,73,0.6286253346157429,ok,0,10,9,0.0
chb03,chb03_36.edf,904.0,908.0,0.5,0.0,74,0.6476197533905482,ok,0,9,7,0.0
chb03,chb03_36.edf,904.0,908.0,0.5,0.0,75,0.9626906857352386,ok,0,12,10,0.0
chb03,chb03_36.edf,904.0,908.0,0.5,0.0,76,0.48840569686484475,ok,0,10,9,0.0
chb03,chb03_36.edf,904.0,908.0,0.5,0.0,77,1.4397992123948258,ok,0,10,9,0.0
chb03,chb03_36.edf,904.0,908.0,0.5,0.0,78,0.8783739115481473,ok,0,10,9,0.0
chb03,chb03_36.edf,904.0,908.0,0.5,0.0,79,0.6660998123404629,ok,0,8,7,0.0
chb03,chb03_36.edf,904.0,908.0,0.5,0.0,80,0.48943288169382493,ok,0,10,8,0.0
chb03,chb03_36.edf,904.0,908.0,0.5,0.0,81,1.3487816138931745,ok,0,10,9,0.0
chb03,chb03_36.edf,904.0,908.0,0.5,0.175,62,0.6419604918582411,ok,0,11,9,0.0
chb03,chb03_36.edf,904.0,908.0,0.5,0.175,63,0.14655956456718455,ok,0,8,7,0.0
chb03,chb03_36.edf,904.0,908.0,0.5,0.175,64,0.19637001542360058,ok,0,9,8,0.0
chb03,chb03_36.edf,904.0,908.0,0.5,0.175,65,0.5518250131061467,ok,0,10,8,0.0
chb03,chb03_36.edf,904.0,908.0,0.5,0.175,66,0.3428004452807938,ok,0,11,9,0.0
chb03,chb03_36.edf,904.0,908.0,0.5,0.175,67,0.9454773281444654,ok,0,7,6,0.0
chb03,chb03_36.edf,904.0,908.0,0.5,0.175,68,1.3869827491048006,ok,0,10,9,0.0
chb03,chb03_36.edf,904.0,908.0,0.5,0.175,69,1.289965390797386,ok,0,9,7,0.0
chb03,chb03_36.edf,904.0,908.0,0.5,0.175,70,0.509154547108042,ok,0,14,13,0.0
chb03,chb03_36.edf,904.0,908.0,0.5,0.175,71,1.5957623648460275,ok,0,12,11,0.0
chb03,chb03_36.edf,904.0,908.0,0.5,0.175,72,1.6697225311422743,ok,0,7,6,0.0
chb03,chb03_36.edf,904.0,908.0,0.5,0.175,73,0.7237436789225511,ok,0,11,10,0.0
chb03,chb03_36.edf,904.0,908.0,0.5,0.175,74,0.6476197533905482,ok,0,9,7,0.0
chb03,chb03_36.edf,904.0,908.0,0.5,0.175,75,0.9654666566235744,ok,0,12,10,0.0
chb03,chb03_36.edf,904.0,908.0,0.5,0.175,76,0.48840569686484475,ok,0,10,9,0.0
chb03,chb03_36.edf,904.0,908.0,0.5,0.175,77,1.487661106245009,ok,0,9,8,0.0
chb03,chb03_36.edf,904.0,908.0,0.5,0.175,78,1.1426205890600798,ok,0,9,7,0.0
chb03,chb03_36.edf,904.0,908.0,0.5,0.175,79,0.1609368397508929,ok,0,7,6,0.0
chb03,chb03_36.edf,904.0,908.0,0.5,0.175,80,0.6865578344552838,ok,0,10,8,0.0
chb03,chb03_36.edf,904.0,908.0,0.5,0.175,81,1.3487816138931745,ok,0,10,9,0.0
chb03,chb03_36.edf,904.0,908.0,0.5,0.35,62,0.6419604918582411,ok,0,11,9,0.0
chb03,chb03_36.edf,904.0,908.0,0.5,0.35,63,0.14655956456718455,ok,0,8,7,0.0
chb03,chb03_36.edf,904.0,908.0,0.5,0.35,64,0.21579093677855796,ok,0,9,8,0.0
chb03,chb03_36.edf,904.0,908.0,0.5,0.35,65,0.5474024512937127,ok,0,10,7,0.0
chb03,chb03_36.edf,904.0,908.0,0.5,0.35,66,0.47873267628337846,ok,0,11,8,0.0
chb03,chb03_36.edf,904.0,908.0,0.5,0.35,67,0.8482492230397356,ok,0,6,5,0.0
chb03,chb03_36.edf,904.0,908.0,0.5,0.35,68,1.3869827491048006,ok,0,10,9,0.0
chb03,chb03_36.edf,904.0,908.0,0.5,0.35,69,1.174500866722712,ok,0,9,6,0.0
chb03,chb03_36.edf,904.0,908.0,0.5,0.35,70,0.509154547108042,ok,0,14,13,0.0
chb03,chb03_36.edf,904.0,908.0,0.5,0.35,71,1.6131932202124402,ok,0,11,10,0.0
chb03,chb03_36.edf,904.0,908.0,0.5,0.35,72,1.6697225311422743,ok,0,7,6,0.0
chb03,chb03_36.edf,904.0,908.0,0.5,0.35,73,0.6223863197292581,ok,0,11,10,0.0
chb03,chb03_36.edf,904.0,908.0,0.5,0.35,74,0.6476197533905482,ok,0,9,7,0.0
chb03,chb03_36.edf,904.0,908.0,0.5,0.35,75,0.933210050881639,ok,0,11,10,0.0
chb03,chb03_36.edf,904.0,908.0,0.5,0.35,76,0.49210873425856594,ok,0,10,9,0.0
chb03,chb03_36.edf,904.0,908.0,0.5,0.35,77,1.4397992123948258,ok,0,10,9,0.0
chb03,chb03_36.edf,904.0,908.0,0.5,0.35,78,1.1426205890600798,ok,0,9,7,0.0
chb03,chb03_36.edf,904.0,908.0,0.5,0.35,79,0.17494881379475946,ok,0,8,7,0.0
chb03,chb03_36.edf,904.0,908.0,0.5,0.35,80,0.8667296522251868,ok,0,9,7,0.0
chb03,chb03_36.edf,904.0,908.0,0.5,0.35,81,1.3487816138931745,ok,0,10,9,0.0
chb03,chb03_36.edf,904.0,908.0,0.5,0.7,62,0.6419604918582411,ok,0,11,9,0.0
chb03,chb03_36.edf,904.0,908.0,0.5,0.7,63,0.7076405248971572,ok,0,9,8,0.0
chb03,chb03_36.edf,904.0,908.0,0.5,0.7,64,0.20826947447720554,ok,0,8,7,0.0
chb03,chb03_36.edf,904.0,908.0,0.5,0.7,65,0.49066227537955276,ok,0,9,7,0.0
chb03,chb03_36.edf,904.0,908.0,0.5,0.7,66,0.480895301599594,ok,0,12,9,0.0
chb03,chb03_36.edf,904.0,908.0,0.5,0.7,67,0.634474711594016,ok,0,6,5,0.0
chb03,chb03_36.edf,904.0,908.0,0.5,0.7,68,1.5024765073234088,ok,0,10,9,0.0
chb03,chb03_36.edf,904.0,908.0,0.5,0.7,69,1.1738866825905974,ok,0,8,6,0.0
chb03,chb03_36.edf,904.0,908.0,0.5,0.7,70,0.6280485090247268,ok,0,12,11,0.0
chb03,chb03_36.edf,904.0,908.0,0.5,0.7,71,1.6594371476098932,ok,0,12,11,0.0
chb03,chb03_36.edf,904.0,908.0,0.5,0.7,72,1.4860461311574316,ok,0,8,7,0.0
chb03,chb03_36.edf,904.0,908.0,0.5,0.7,73,0.5988378206343029,ok,0,11,10,0.0
chb03,chb03_36.edf,904.0,908.0,0.5,0.7,74,0.6415177598168431,ok,0,10,8,0.0
chb03,chb03_36.edf,904.0,908.0,0.5,0.7,75,0.933210050881639,ok,0,11,10,0.0
chb03,chb03_36.edf,904.0,908.0,0.5,0.7,76,0.49585752748975154,ok,0,11,10,0.0
chb03,chb03_36.edf,904.0,908.0,0.5,0.7,77,1.4397992123948258,ok,0,10,9,0.0
chb03,chb03_36.edf,904.0,908.0,0.5,0.7,78,0.22875243431278758,ok,0,8,5,0.0
chb03,chb03_36.edf,904.0,908.0,0.5,0.7,79,0.16776728741083904,ok,0,8,7,0.0
chb03,chb03_36.edf,904.0,908.0,0.5,0.7,80,0.7056086501094314,ok,0,7,5,0.0
chb03,chb03_36.edf,904.0,908.0,0.5,0.7,81,1.3282457340076834,ok,0,10,8,0.0
chb03,chb03_36.edf,904.0,908.0,1.0,0.0,62,0.7743914046997703,ok,0,11,10,0.0
chb03,chb03_36.edf,904.0,908.0,1.0,0.0,63,0.21488489744161204,ok,0,8,7,0.0
chb03,chb03_36.edf,904.0,908.0,1.0,0.0,64,0.17192047651837583,ok,0,10,9,0.0
chb03,chb03_36.edf,904.0,908.0,1.0,0.0,65,0.48620003231413916,ok,0,12,9,0.0
chb03,chb03_36.edf,904.0,908.0,1.0,0.0,66,1.3756822323974554,ok,0,13,11,0.0
chb03,chb03_36.edf,904.0,908.0,1.0,0.0,67,1.0067830609804835,ok,0,9,8,0.0
chb03,chb03_36.edf,904.0,908.0,1.0,0.0,68,1.5176810316646947,ok,0,13,11,0.0
chb03,chb03_36.edf,904.0,908.0,1.0,0.0,69,1.0610836315798138,ok,0,8,5,0.0
chb03,chb03_36.edf,904.0,908.0,1.0,0.0,70,0.981919803246944,ok,0,12,11,0.0
chb03,chb03_36.edf,904.0,908.0,1.0,0.0,71,1.7937447317653397,ok,0,10,8,0.0
chb03,chb03_36.edf,904.0,908.0,1.0,0.0,72,0.18642507739616473,ok,0,6,5,0.0
chb03,chb03_36.edf,904.0,908.0,1.0,0.0,73,0.5987516059102022,ok,0,9,8,0.0
chb03,chb03_36.edf,904.0,908.0,1.0,0.0,74,0.6443582292066723,ok,0,11,10,0.0
chb03,chb03_36.edf,904.0,908.0,1.0,0.0,75,1.65888681246551,ok,0,10,7,0.0
chb03,chb03_36.edf,904.0,908.0,1.0,0.0,76,0.22553402254439306,ok,0,12,11,0.0
chb03,chb03_36.edf,904.0,908.0,1.0,0.0,77,1.261454559020981,ok,0,10,9,0.0
chb03,chb03_36.edf,904.0,908.0,1.0,0.0,78,1.9856992051961986,ok,0,12,11,0.0
chb03,chb03_36.edf,904.0,908.0,1.0,0.0,79,0.1609368397508929,ok,0,7,6,0.0
chb03,chb03_36.edf,904.0,908.0,1.0,0.0,80,0.8375512923759941,ok,0,11,9,0.0
chb03,chb03_36.edf,904.0,908.0,1.0,0.0,81,1.3218647883394035,ok,0,10,8,0.0
chb03,chb03_36.edf,904.0,908.0,1.0,0.175,62,0.7796306885747217,ok,0,12,10,0.0
chb03,chb03_36.edf,904.0,908.0,1.0,0.175,63,0.16726057798219393,ok,0,8,7,0.0
chb03,chb03_36.edf,904.0,908.0,1.0,0.175,64,0.17599259780918877,ok,0,10,8,0.0
chb03,chb03_36.edf,904.0,908.0,1.0,0.175,65,0.48620003231413916,ok,0,12,9,0.0
chb03,chb03_36.edf,904.0,908.0,1.0,0.175,66,1.4500666645278386,ok,0,13,11,0.0
chb03,chb03_36.edf,904.0,908.0,1.0,0.175,67,1.0067830609804835,ok,0,9,8,0.0
chb03,chb03_36.edf,904.0,908.0,1.0,0.175,68,1.5176810316646947,ok,0,13,11,0.0
chb03,chb03_36.edf,904.0,908.0,1.0,0.175,69,1.0610836315798138,ok,0,8,5,0.0
chb03,chb03_36.edf,904.0,908.0,1.0,0.175,70,0.981919803246944,ok,0,12,11,0.0
chb03,chb03_36.edf,904.0,908.0,1.0,0.175,71,1.5539808857919553,ok,0,11,9,0.0
chb03,chb03_36.edf,904.0,908.0,1.0,0.175,72,0.18642507739616473,ok,0,6,5,0.0
chb03,chb03_36.edf,904.0,908.0,1.0,0.175,73,0.6607166923201049,ok,0,10,9,0.0
chb03,chb03_36.edf,904.0,908.0,1.0,0.175,74,0.6443582292066723,ok,0,11,10,0.0
chb03,chb03_36.edf,904.0,908.0,1.0,0.175,75,1.6701884111809937,ok,0,9,6,0.0
chb03,chb03_36.edf,904.0,908.0,1.0,0.175,76,0.21554187051388352,ok,0,13,12,0.0
chb03,chb03_36.edf,904.0,908.0,1.0,0.175,77,1.261454559020981,ok,0,10,9,0.0
chb03,chb03_36.edf,904.0,908.0,1.0,0.175,78,1.9856992051961986,ok,0,12,11,0.0
chb03,chb03_36.edf,904.0,908.0,1.0,0.175,79,0.1609368397508929,ok,0,7,6,0.0
chb03,chb03_36.edf,904.0,908.0,1.0,0.175,80,0.9244954663863411,ok,0,10,8,0.0
chb03,chb03_36.edf,904.0,908.0,1.0,0.175,81,1.215686175817603,ok,0,9,7,0.0
chb03,chb03_36.edf,904.0,908.0,1.0,0.35,62,0.7796306885747217,ok,0,12,10,0.0
chb03,chb03_36.edf,904.0,908.0,1.0,0.35,63,0.16726057798219393,ok,0,8,7,0.0
chb03,chb03_36.edf,904.0,908.0,1.0,0.35,64,0.19536516236432463,ok,0,10,8,0.0
chb03,chb03_36.edf,904.0,908.0,1.0,0.35,65,0.48620003231413916,ok,0,12,9,0.0
chb03,chb03_36.edf,904.0,908.0,1.0,0.35,66,1.5877419055789626,ok,0,12,10,0.0
chb03,chb03_36.edf,904.0,908.0,1.0,0.35,67,1.0415983018471413,ok,0,10,9,0.0
chb03,chb03_36.edf,904.0,908.0,1.0,0.35,68,1.5176810316646947,ok,0,13,11,0.0
chb03,chb03_36.edf,904.0,908.0,1.0,0.35,69,1.174500866722712,ok,0,9,6,0.0
chb03,chb03_36.edf,904.0,908.0,1.0,0.35,70,0.9299906530883366,ok,0,11,10,0.0
chb03,chb03_36.edf,904.0,908.0,1.0,0.35,71,1.5539808857919553,ok,0,11,9,0.0
chb03,chb03_36.edf,904.0,908.0,1.0,0.35,72,0.025983731852596812,ok,0,7,5,0.0
chb03,chb03_36.edf,904.0,908.0,1.0,0.35,73,0.553002206031742,ok,0,9,8,0.0
chb03,chb03_36.edf,904.0,908.0,1.0,0.35,74,0.6373761215671587,ok,0,11,10,0.0
chb03,chb03_36.edf,904.0,908.0,1.0,0.35,75,0.06293706293706293,ok,0,8,5,0.0
chb03,chb03_36.edf,904.0,908.0,1.0,0.35,76,0.21554187051388352,ok,0,13,12,0.0
chb03,chb03_36.edf,904.0,908.0,1.0,0.35,77,1.261454559020981,ok,0,10,9,0.0
chb03,chb03_36.edf,904.0,908.0,1.0,0.35,78,1.9866776844579666,ok,0,12,11,0.0
chb03,chb03_36.edf,904.0,908.0,1.0,0.35,79,0.1609368397508929,ok,0,7,6,0.0
chb03,chb03_36.edf,904.0,908.0,1.0,0.35,80,0.9244954663863411,ok,0,10,8,0.0
chb03,chb03_36.edf,904.0,908.0,1.0,0.35,81,1.215686175817603,ok,0,9,7,0.0
chb03,chb03_36.edf,904.0,908.0,1.0,0.7,62,0.684526308601755,ok,0,9,7,0.0
chb03,chb03_36.edf,904.0,908.0,1.0,0.7,63,0.7083985602353652,ok,0,9,8,0.0
chb03,chb03_36.edf,904.0,908.0,1.0,0.7,64,0.2043639468121639,ok,0,10,8,0.0
chb03,chb03_36.edf,904.0,908.0,1.0,0.7,65,0.48620003231413916,ok,0,12,9,0.0
chb03,chb03_36.edf,904.0,908.0,1.0,0.7,66,1.612845320541588,ok,0,11,9,0.0
chb03,chb03_36.edf,904.0,908.0,1.0,0.7,67,0.8841064831560784,ok,0,10,9,0.0
chb03,chb03_36.edf,904.0,908.0,1.0,0.7,68,1.5983205841064927,ok,0,12,10,0.0
chb03,chb03_36.edf,904.0,908.0,1.0,0.7,69,1.1738866825905974,ok,0,8,6,0.0
chb03,chb03_36.edf,904.0,908.0,1.0,0.7,70,0.7607819986652126,ok,0,9,7,0.0
chb03,chb03_36.edf,904.0,908.0,1.0,0.7,71,1.555230767066364,ok,0,13,11,0.0
chb03,chb03_36.edf,904.0,908.0,1.0,0.7,72,1.6667101667197262,ok,0,7,6,0.0
chb03,chb03_36.edf,904.0,908.0,1.0,0.7,73,0.6539149289126007,ok,0,9,8,0.0
chb03,chb03_36.edf,904.0,908.0,1.0,0.7,74,0.83868121864568,ok,0,11,10,0.0
chb03,chb03_36.edf,904.0,908.0,1.0,0.7,75,0.10760536471652639,ok,0,9,6,0.0
chb03,chb03_36.edf,904.0,908.0,1.0,0.7,76,0.22001449343180626,ok,0,12,11,0.0
chb03,chb03_36.edf,904.0,908.0,1.0,0.7,77,1.1924447671755165,ok,0,8,7,0.0
chb03,chb03_36.edf,904.0,908.0,1.0,0.7,78,1.9409250393945183,ok,0,11,10,0.0
chb03,chb03_36.edf,904.0,908.0,1.0,0.7,79,0.1609368397508929,ok,0,7,6,0.0
chb03,chb03_36.edf,904.0,908.0,1.0,0.7,80,0.7136168288239982,ok,0,8,6,0.0
chb03,chb03_36.edf,904.0,908.0,1.0,0.7,81,1.215686175817603,ok,0,9,7,0.0
chb03,chb03_36.edf,2700.0,2704.0,0.25,0.0,62,0.6171842911523988,ok,0,10,9,0.0
chb03,chb03_36.edf,2700.0,2704.0,0.25,0.0,63,2.043747370146671,ok,0,9,8,0.0
chb03,chb03_36.edf,2700.0,2704.0,0.25,0.0,64,0.8756532617719204,ok,0,9,8,0.0
chb03,chb03_36.edf,2700.0,2704.0,0.25,0.0,65,0.9667718123938864,ok,0,11,10,0.0
chb03,chb03_36.edf,2700.0,2704.0,0.25,0.0,66,0.3631787913269073,ok,0,11,9,0.0
chb03,chb03_36.edf,2700.0,2704.0,0.25,0.0,67,0.8092054221906116,ok,0,11,9,0.0
chb03,chb03_36.edf,2700.0,2704.0,0.25,0.0,68,0.9681035064574081,ok,0,9,8,0.0
chb03,chb03_36.edf,2700.0,2704.0,0.25,0.0,69,1.241548694349417,ok,0,10,8,0.0
chb03,chb03_36.edf,2700.0,2704.0,0.25,0.0,70,0.2793983295119334,ok,0,9,8,0.0
chb03,chb03_36.edf,2700.0,2704.0,0.25,0.0,71,1.5904417843670142,ok,0,12,11,0.0
chb03,chb03_36.edf,2700.0,2704.0,0.25,0.0,72,0.9990557900479503,ok,0,11,9,0.0
chb03,chb03_36.edf,2700.0,2704.0,0.25,0.0,73,0.4814093715175572,ok,0,8,7,0.0
chb03,chb03_36.edf,2700.0,2704.0,0.25,0.0,74,0.6162790697674418,ok,0,11,8,0.0
chb03,chb03_36.edf,2700.0,2704.0,0.25,0.0,75,0.35394981220923855,ok,0,12,11,0.0
chb03,chb03_36.edf,2700.0,2704.0,0.25,0.0,76,0.3909772130214703,ok,0,12,11,0.0
chb03,chb03_36.edf,2700.0,2704.0,0.25,0.0,77,0.9447730595988872,ok,0,6,4,0.0
chb03,chb03_36.edf,2700.0,2704.0,0.25,0.0,78,1.3483863463099397,ok,0,11,10,0.0
chb03,chb03_36.edf,2700.0,2704.0,0.25,0.0,79,0.1609368397508929,ok,0,7,6,0.0
chb03,chb03_36.edf,2700.0,2704.0,0.25,0.0,80,0.1797136108456547,ok,0,12,10,0.0
chb03,chb03_36.edf,2700.0,2704.0,0.25,0.0,81,1.4033891062507988,ok,0,10,7,0.0
chb03,chb03_36.edf,2700.0,2704.0,0.25,0.175,62,0.5253590071619268,ok,0,12,11,0.0
chb03,chb03_36.edf,2700.0,2704.0,0.25,0.175,63,0.21576571497260855,ok,0,9,8,0.0
chb03,chb03_36.edf,2700.0,2704.0,0.25,0.175,64,0.8756532617719204,ok,0,9,8,0.0
chb03,chb03_36.edf,2700.0,2704.0,0.25,0.175,65,0.9778806893064224,ok,0,12,10,0.0
chb03,chb03_36.edf,2700.0,2704.0,0.25,0.175,66,0.3455869941264749,ok,0,11,9,0.0
chb03,chb03_36.edf,2700.0,2704.0,0.25,0.175,67,0.3632060189526681,ok,0,10,8,0.0
chb03,chb03_36.edf,2700.0,2704.0,0.25,0.175,68,0.8821717639524773,ok,0,8,7,0.0
chb03,chb03_36.edf,2700.0,2704.0,0.25,0.175,69,1.241548694349417,ok,0,10,8,0.0
chb03,chb03_36.edf,2700.0,2704.0,0.25,0.175,70,0.2793983295119334,ok,0,9,8,0.0
chb03,chb03_36.edf,2700.0,2704.0,0.25,0.175,71,1.5904417843670142,ok,0,12,11,0.0
chb03,chb03_36.edf,2700.0,2704.0,0.25,0.175,72,0.9997704940731007,ok,0,11,9,0.0
chb03,chb03_36.edf,2700.0,2704.0,0.25,0.175,73,0.5089010116327386,ok,0,9,8,0.0
chb03,chb03_36.edf,2700.0,2704.0,0.25,0.175,74,0.5676782562522674,ok,0,12,9,0.0
chb03,chb03_36.edf,2700.0,2704.0,0.25,0.175,75,0.61100352877444,ok,0,11,10,0.0
chb03,chb03_36.edf,2700.0,2704.0,0.25,0.175,76,0.9853027208035106,ok,0,10,8,0.0
chb03,chb03_36.edf,2700.0,2704.0,0.25,0.175,77,0.9447730595988872,ok,0,6,4,0.0
chb03,chb03_36.edf,2700.0,2704.0,0.25,0.175,78,1.776431313620844,ok,0,10,8,0.0
chb03,chb03_36.edf,2700.0,2704.0,0.25,0.175,79,0.1609368397508929,ok,0,7,6,0.0
chb03,chb03_36.edf,2700.0,2704.0,0.25,0.175,80,0.16139070270625072,ok,0,11,10,0.0
chb03,chb03_36.edf,2700.0,2704.0,0.25,0.175,81,1.3706554315567743,ok,0,11,8,0.0
chb03,chb03_36.edf,2700.0,2704.0,0.25,0.35,62,0.983214881615388,ok,0,11,10,0.0
chb03,chb03_36.edf,2700.0,2704.0,0.25,0.35,63,0.1944747049816642,ok,0,8,7,0.0
chb03,chb03_36.edf,2700.0,2704.0,0.25,0.35,64,0.8656624188824752,ok,0,9,8,0.0
chb03,chb03_36.edf,2700.0,2704.0,0.25,0.35,65,0.9778806893064224,ok,0,12,10,0.0
chb03,chb03_36.edf,2700.0,2704.0,0.25,0.35,66,0.3455869941264749,ok,0,11,9,0.0
chb03,chb03_36.edf,2700.0,2704.0,0.25,0.35,67,0.3632060189526681,ok,0,10,8,0.0
chb03,chb03_36.edf,2700.0,2704.0,0.25,0.35,68,0.8821717639524773,ok,0,8,7,0.0
chb03,chb03_36.edf,2700.0,2704.0,0.25,0.35,69,1.2485498172131084,ok,0,10,8,0.0
chb03,chb03_36.edf,2700.0,2704.0,0.25,0.35,70,0.2793983295119334,ok,0,9,8,0.0
chb03,chb03_36.edf,2700.0,2704.0,0.25,0.35,71,1.5904417843670142,ok,0,12,11,0.0
chb03,chb03_36.edf,2700.0,2704.0,0.25,0.35,72,1.337245650748328,ok,0,10,8,0.0
chb03,chb03_36.edf,2700.0,2704.0,0.25,0.35,73,0.5997702287220403,ok,0,8,7,0.0
chb03,chb03_36.edf,2700.0,2704.0,0.25,0.35,74,0.4959295969556794,ok,0,11,8,0.0
chb03,chb03_36.edf,2700.0,2704.0,0.25,0.35,75,0.6449637972817176,ok,0,12,11,0.0
chb03,chb03_36.edf,2700.0,2704.0,0.25,0.35,76,0.15425451347739008,ok,0,9,7,0.0
chb03,chb03_36.edf,2700.0,2704.0,0.25,0.35,77,0.9447730595988872,ok,0,6,4,0.0
chb03,chb03_36.edf,2700.0,2704.0,0.25,0.35,78,1.7701047743278642,ok,0,9,7,0.0
chb03,chb03_36.edf,2700.0,2704.0,0.25,0.35,79,0.1609368397508929,ok,0,7,6,0.0
chb03,chb03_36.edf,2700.0,2704.0,0.25,0.35,80,0.1753035260410164,ok,0,12,10,0.0
chb03,chb03_36.edf,2700.0,2704.0,0.25,0.35,81,1.3706554315567743,ok,0,11,8,0.0
chb03,chb03_36.edf,2700.0,2704.0,0.25,0.7,62,0.9686237893519289,ok,0,10,9,0.0
chb03,chb03_36.edf,2700.0,2704.0,0.25,0.7,63,0.17888915583570714,ok,0,8,7,0.0
chb03,chb03_36.edf,2700.0,2704.0,0.25,0.7,64,0.8695041596622346,ok,0,9,8,0.0
chb03,chb03_36.edf,2700.0,2704.0,0.25,0.7,65,0.9504621919773444,ok,0,12,10,0.0
chb03,chb03_36.edf,2700.0,2704.0,0.25,0.7,66,0.3562229199057915,ok,0,11,9,0.0
chb03,chb03_36.edf,2700.0,2704.0,0.25,0.7,67,0.4415354605420549,ok,0,10,7,0.0
chb03,chb03_36.edf,2700.0,2704.0,0.25,0.7,68,0.969673373865256,ok,0,7,6,0.0
chb03,chb03_36.edf,2700.0,2704.0,0.25,0.7,69,1.0665206267573375,ok,0,9,6,0.0
chb03,chb03_36.edf,2700.0,2704.0,0.25,0.7,70,0.2793983295119334,ok,0,9,8,0.0
chb03,chb03_36.edf,2700.0,2704.0,0.25,0.7,71,1.638694282615287,ok,0,13,12,0.0
chb03,chb03_36.edf,2700.0,2704.0,0.25,0.7,72,1.2723742783584358,ok,0,9,8,0.0
chb03,chb03_36.edf,2700.0,2704.0,0.25,0.7,73,0.5648920179412984,ok,0,10,9,0.0
chb03,chb03_36.edf,2700.0,2704.0,0.25,0.7,74,0.43617081825697823,ok,0,10,8,0.0
chb03,chb03_36.edf,2700.0,2704.0,0.25,0.7,75,0.5977518354154719,ok,0,12,11,0.0
chb03,chb03_36.edf,2700.0,2704.0,0.25,0.7,76,0.871258049606761,ok,0,10,8,0.0
chb03,chb03_36.edf,2700.0,2704.0,0.25,0.7,77,0.9447730595988872,ok,0,6,4,0.0
chb03,chb03_36.edf,2700.0,2704.0,0.25,0.7,78,1.860176125964958,ok,0,10,8,0.0
chb03,chb03_36.edf,2700.0,2704.0,0.25,0.7,79,0.1609368397508929,ok,0,7,6,0.0
chb03,chb03_36.edf,2700.0,2704.0,0.25,0.7,80,0.38799280692660937,ok,0,12,11,0.0
chb03,chb03_36.edf,2700.0,2704.0,0.25,0.7,81,1.2789194630833074,ok,0,12,9,0.0
chb03,chb03_36.edf,2700.0,2704.0,0.5,0.0,62,0.5712931377579745,ok,0,12,11,0.0
chb03,chb03_36.edf,2700.0,2704.0,0.5,0.0,63,0.16726057798219393,ok,0,8,7,0.0
chb03,chb03_36.edf,2700.0,2704.0,0.5,0.0,64,0.19637001542360058,ok,0,9,8,0.0
chb03,chb03_36.edf,2700.0,2704.0,0.5,0.0,65,0.546024803519956,ok,0,10,8,0.0
chb03,chb03_36.edf,2700.0,2704.0,0.5,0.0,66,0.3428004452807938,ok,0,11,9,0.0
chb03,chb03_36.edf,2700.0,2704.0,0.5,0.0,67,0.9454773281444654,ok,0,7,6,0.0
chb03,chb03_36.edf,2700.0,2704.0,0.5,0.0,68,1.2291207868644798,ok,0,12,11,0.0
chb03,chb03_36.edf,2700.0,2704.0,0.5,0.0,69,1.1682562182790923,ok,0,9,7,0.0
chb03,chb03_36.edf,2700.0,2704.0,0.5,0.0,70,0.5111811702061327,ok,0,14,13,0.0
chb03,chb03_36.edf,2700.0,2704.0,0.5,0.0,71,1.8179982256514546,ok,0,11,9,0.0
chb03,chb03_36.edf,2700.0,2704.0,0.5,0.0,72,0.18642507739616473,ok,0,6,5,0.0
chb03,chb03_36.edf,2700.0,2704.0,0.5,0.0,73,0.6286253346157429,ok,0,10,9,0.0
chb03,chb03_36.edf,2700.0,2704.0,0.5,0.0,74,0.6476197533905482,ok,0,9,7,0.0
chb03,chb03_36.edf,2700.0,2704.0,0.5,0.0,75,0.9626906857352386,ok,0,12,10,0.0
chb03,chb03_36.edf,2700.0,2704.0,0.5,0.0,76,0.48840569686484475,ok,0,10,9,0.0
chb03,chb03_36.edf,2700.0,2704.0,0.5,0.0,77,1.4397992123948258,ok,0,10,9,0.0
chb03,chb03_36.edf,2700.0,2704.0,0.5,0.0,78,0.8783739115481473,ok,0,10,9,0.0
chb03,chb03_36.edf,2700.0,2704.0,0.5,0.0,79,0.6660998123404629,ok,0,8,7,0.0
chb03,chb03_36.edf,2700.0,2704.0,0.5,0.0,80,0.48943288169382493,ok,0,10,8,0.0
chb03,chb03_36.edf,2700.0,2704.0,0.5,0.0,81,1.3487816138931745,ok,0,10,9,0.0
chb03,chb03_36.edf,2700.0,2704.0,0.5,0.175,62,0.5687028088741318,ok,0,12,11,0.0
chb03,chb03_36.edf,2700.0,2704.0,0.5,0.175,63,0.14655956456718455,ok,0,8,7,0.0
chb03,chb03_36.edf,2700.0,2704.0,0.5,0.175,64,0.33066737835270793,ok,0,10,9,0.0
chb03,chb03_36.edf,2700.0,2704.0,0.5,0.175,65,0.546024803519956,ok,0,10,8,0.0
chb03,chb03_36.edf,2700.0,2704.0,0.5,0.175,66,0.3428004452807938,ok,0,11,9,0.0
chb03,chb03_36.edf,2700.0,2704.0,0.5,0.175,67,0.9454773281444654,ok,0,7,6,0.0
chb03,chb03_36.edf,2700.0,2704.0,0.5,0.175,68,1.298487349908119,ok,0,11,10,0.0
chb03,chb03_36.edf,2700.0,2704.0,0.5,0.175,69,1.1682562182790923,ok,0,9,7,0.0
chb03,chb03_36.edf,2700.0,2704.0,0.5,0.175,70,0.509154547108042,ok,0,14,13,0.0
chb03,chb03_36.edf,2700.0,2704.0,0.5,0.175,71,1.8179982256514546,ok,0,11,9,0.0
chb03,chb03_36.edf,2700.0,2704.0,0.5,0.175,72,0.18642507739616473,ok,0,6,5,0.0
chb03,chb03_36.edf,2700.0,2704.0,0.5,0.175,73,0.6540283475413603,ok,0,10,9,0.0
chb03,chb03_36.edf,2700.0,2704.0,0.5,0.175,74,0.655280757217913,ok,0,10,8,0.0
chb03,chb03_36.edf,2700.0,2704.0,0.5,0.175,75,0.9109122904933337,ok,0,11,10,0.0
chb03,chb03_36.edf,2700.0,2704.0,0.5,0.175,76,0.49585752748975154,ok,0,11,10,0.0
chb03,chb03_36.edf,2700.0,2704.0,0.5,0.175,77,1.4882095124675974,ok,0,9,8,0.0
chb03,chb03_36.edf,2700.0,2704.0,0.5,0.175,78,0.842869542983464,ok,0,10,9,0.0
chb03,chb03_36.edf,2700.0,2704.0,0.5,0.175,79,0.1609368397508929,ok,0,7,6,0.0
chb03,chb03_36.edf,2700.0,2704.0,0.5,0.175,80,0.9244954663863411,ok,0,10,8,0.0
chb03,chb03_36.edf,2700.0,2704.0,0.5,0.175,81,1.3487816138931745,ok,0,10,9,0.0
chb03,chb03_36.edf,2700.0,2704.0,0.5,0.35,62,0.5687028088741318,ok,0,12,11,0.0
chb03,chb03_36.edf,2700.0,2704.0,0.5,0.35,63,0.14655956456718455,ok,0,8,7,0.0
chb03,chb03_36.edf,2700.0,2704.0,0.5,0.35,64,0.3377340835711281,ok,0,10,9,0.0
chb03,chb03_36.edf,2700.0,2704.0,0.5,0.35,65,0.6996169469027036,ok,0,9,7,0.0
chb03,chb03_36.edf,2700.0,2704.0,0.5,0.35,66,0.3428004452807938,ok,0,11,9,0.0
chb03,chb03_36.edf,2700.0,2704.0,0.5,0.35,67,0.8377672197615914,ok,0,6,5,0.0
chb03,chb03_36.edf,2700.0,2704.0,0.5,0.35,68,1.298487349908119,ok,0,11,10,0.0
chb03,chb03_36.edf,2700.0,2704.0,0.5,0.35,69,1.3020448419914015,ok,0,9,7,0.0
chb03,chb03_36.edf,2700.0,2704.0,0.5,0.35,70,0.509154547108042,ok,0,14,13,0.0
chb03,chb03_36.edf,2700.0,2704.0,0.5,0.35,71,1.8179982256514546,ok,0,11,9,0.0
chb03,chb03_36.edf,2700.0,2704.0,0.5,0.35,72,0.18642507739616473,ok,0,6,5,0.0
chb03,chb03_36.edf,2700.0,2704.0,0.5,0.35,73,0.65419292821495,ok,0,10,9,0.0
chb03,chb03_36.edf,2700.0,2704.0,0.5,0.35,74,0.655280757217913,ok,0,10,8,0.0
chb03,chb03_36.edf,2700.0,2704.0,0.5,0.35,75,0.9109122904933337,ok,0,11,10,0.0
chb03,chb03_36.edf,2700.0,2704.0,0.5,0.35,76,0.49585752748975154,ok,0,11,10,0.0
chb03,chb03_36.edf,2700.0,2704.0,0.5,0.35,77,1.4885965011016011,ok,0,9,8,0.0
chb03,chb03_36.edf,2700.0,2704.0,0.5,0.35,78,1.097015523142699,ok,0,9,7,0.0
chb03,chb03_36.edf,2700.0,2704.0,0.5,0.35,79,0.1609368397508929,ok,0,7,6,0.0
chb03,chb03_36.edf,2700.0,2704.0,0.5,0.35,80,0.864991424825118,ok,0,9,7,0.0
chb03,chb03_36.edf,2700.0,2704.0,0.5,0.35,81,1.3487816138931745,ok,0,10,9,0.0
chb03,chb03_36.edf,2700.0,2704.0,0.5,0.7,62,0.5653536213890097,ok,0,11,9,0.0
chb03,chb03_36.edf,2700.0,2704.0,0.5,0.7,63,0.5721042131016589,ok,0,10,9,0.0
chb03,chb03_36.edf,2700.0,2704.0,0.5,0.7,64,0.3377340835711281,ok,0,10,9,0.0
chb03,chb03_36.edf,2700.0,2704.0,0.5,0.7,65,0.6996169469027036,ok,0,9,7,0.0
chb03,chb03_36.edf,2700.0,2704.0,0.5,0.7,66,0.34938582013107533,ok,0,10,8,0.0
chb03,chb03_36.edf,2700.0,2704.0,0.5,0.7,67,0.7640771187859737,ok,0,7,6,0.0
chb03,chb03_36.edf,2700.0,2704.0,0.5,0.7,68,1.3655206464142593,ok,0,8,7,0.0
chb03,chb03_36.edf,2700.0,2704.0,0.5,0.7,69,1.1544767516741605,ok,0,10,7,0.0
chb03,chb03_36.edf,2700.0,2704.0,0.5,0.7,70,0.5062509477338263,ok,0,14,13,0.0
chb03,chb03_36.edf,2700.0,2704.0,0.5,0.7,71,1.8814282450408817,ok,0,11,10,0.0
chb03,chb03_36.edf,2700.0,2704.0,0.5,0.7,72,0.24098688218879177,ok,0,6,5,0.0
chb03,chb03_36.edf,2700.0,2704.0,0.5,0.7,73,0.5773646394605536,ok,0,9,8,0.0
chb03,chb03_36.edf,2700.0,2704.0,0.5,0.7,74,0.6052669148306732,ok,0,10,8,0.0
chb03,chb03_36.edf,2700.0,2704.0,0.5,0.7,75,0.9109122904933337,ok,0,11,10,0.0
chb03,chb03_36.edf,2700.0,2704.0,0.5,0.7,76,0.6130185119462057,ok,0,11,10,0.0
chb03,chb03_36.edf,2700.0,2704.0,0.5,0.7,77,1.429082774174487,ok,0,9,7,0.0
chb03,chb03_36.edf,2700.0,2704.0,0.5,0.7,78,1.211245750092025,ok,0,10,8,0.0
chb03,chb03_36.edf,2700.0,2704.0,0.5,0.7,79,0.17494881379475946,ok,0,8,7,0.0
chb03,chb03_36.edf,2700.0,2704.0,0.5,0.7,80,0.864991424825118,ok,0,9,7,0.0
chb03,chb03_36.edf,2700.0,2704.0,0.5,0.7,81,1.3487816138931745,ok,0,10,9,0.0
chb03,chb03_36.edf,2700.0,2704.0,1.0,0.0,62,0.7743914046997703,ok,0,11,10,0.0
chb03,chb03_36.edf,2700.0,2704.0,1.0,0.0,63,0.21488489744161204,ok,0,8,7,0.0
chb03,chb03_36.edf,2700.0,2704.0,1.0,0.0,64,0.17192047651837583,ok,0,10,9,0.0
chb03,chb03_36.edf,2700.0,2704.0,1.0,0.0,65,0.48620003231413916,ok,0,12,9,0.0
chb03,chb03_36.edf,2700.0,2704.0,1.0,0.0,66,1.3756822323974554,ok,0,13,11,0.0
chb03,chb03_36.edf,2700.0,2704.0,1.0,0.0,67,1.0067830609804835,ok,0,9,8,0.0
chb03,chb03_36.edf,2700.0,2704.0,1.0,0.0,68,1.5176810316646947,ok,0,13,11,0.0
chb03,chb03_36.edf,2700.0,2704.0,1.0,0.0,69,1.0610836315798138,ok,0,8,5,0.0
chb03,chb03_36.edf,2700.0,2704.0,1.0,0.0,70,0.981919803246944,ok,0,12,11,0.0
chb03,chb03_36.edf,2700.0,2704.0,1.0,0.0,71,1.7937447317653397,ok,0,10,8,0.0
chb03,chb03_36.edf,2700.0,2704.0,1.0,0.0,72,0.18642507739616473,ok,0,6,5,0.0
chb03,chb03_36.edf,2700.0,2704.0,1.0,0.0,73,0.5987516059102022,ok,0,9,8,0.0
chb03,chb03_36.edf,2700.0,2704.0,1.0,0.0,74,0.6443582292066723,ok,0,11,10,0.0
chb03,chb03_36.edf,2700.0,2704.0,1.0,0.0,75,1.65888681246551,ok,0,10,7,0.0
chb03,chb03_36.edf,2700.0,2704.0,1.0,0.0,76,0.22553402254439306,ok,0,12,11,0.0
chb03,chb03_36.edf,2700.0,2704.0,1.0,0.0,77,1.261454559020981,ok,0,10,9,0.0
chb03,chb03_36.edf,2700.0,2704.0,1.0,0.0,78,1.9856992051961986,ok,0,12,11,0.0
chb03,chb03_36.edf,2700.0,2704.0,1.0,0.0,79,0.1609368397508929,ok,0,7,6,0.0
chb03,chb03_36.edf,2700.0,2704.0,1.0,0.0,80,0.8375512923759941,ok,0,11,9,0.0
chb03,chb03_36.edf,2700.0,2704.0,1.0,0.0,81,1.3218647883394035,ok,0,10,8,0.0
chb03,chb03_36.edf,2700.0,2704.0,1.0,0.175,62,0.7718735348950996,ok,0,11,10,0.0
chb03,chb03_36.edf,2700.0,2704.0,1.0,0.175,63,0.16726057798219393,ok,0,8,7,0.0
chb03,chb03_36.edf,2700.0,2704.0,1.0,0.175,64,0.17192047651837583,ok,0,10,9,0.0
chb03,chb03_36.edf,2700.0,2704.0,1.0,0.175,65,0.48620003231413916,ok,0,12,9,0.0
chb03,chb03_36.edf,2700.0,2704.0,1.0,0.175,66,1.3756822323974554,ok,0,13,11,0.0
chb03,chb03_36.edf,2700.0,2704.0,1.0,0.175,67,1.0067830609804835,ok,0,9,8,0.0
chb03,chb03_36.edf,2700.0,2704.0,1.0,0.175,68,1.4166560579148733,ok,0,12,10,0.0
chb03,chb03_36.edf,2700.0,2704.0,1.0,0.175,69,1.0610836315798138,ok,0,8,5,0.0
chb03,chb03_36.edf,2700.0,2704.0,1.0,0.175,70,1.0713161689866328,ok,0,12,9,0.0
chb03,chb03_36.edf,2700.0,2704.0,1.0,0.175,71,1.7937447317653397,ok,0,10,8,0.0
chb03,chb03_36.edf,2700.0,2704.0,1.0,0.175,72,0.18642507739616473,ok,0,6,5,0.0
chb03,chb03_36.edf,2700.0,2704.0,1.0,0.175,73,0.6605292894149234,ok,0,10,9,0.0
chb03,chb03_36.edf,2700.0,2704.0,1.0,0.175,74,0.6443582292066723,ok,0,11,10,0.0
chb03,chb03_36.edf,2700.0,2704.0,1.0,0.175,75,1.6701884111809937,ok,0,9,6,0.0
chb03,chb03_36.edf,2700.0,2704.0,1.0,0.175,76,0.22553402254439306,ok,0,12,11,0.0
chb03,chb03_36.edf,2700.0,2704.0,1.0,0.175,77,1.261454559020981,ok,0,10,9,0.0
chb03,chb03_36.edf,2700.0,2704.0,1.0,0.175,78,1.9856992051961986,ok,0,12,11,0.0
chb03,chb03_36.edf,2700.0,2704.0,1.0,0.175,79,0.1609368397508929,ok,0,7,6,0.0
chb03,chb03_36.edf,2700.0,2704.0,1.0,0.175,80,0.8460001481744026,ok,0,12,10,0.0
chb03,chb03_36.edf,2700.0,2704.0,1.0,0.175,81,1.3218647883394035,ok,0,10,8,0.0
chb03,chb03_36.edf,2700.0,2704.0,1.0,0.35,62,0.7208946329303869,ok,0,11,9,0.0
chb03,chb03_36.edf,2700.0,2704.0,1.0,0.35,63,0.14655956456718455,ok,0,8,7,0.0
chb03,chb03_36.edf,2700.0,2704.0,1.0,0.35,64,0.17192047651837583,ok,0,10,9,0.0
chb03,chb03_36.edf,2700.0,2704.0,1.0,0.35,65,0.48620003231413916,ok,0,12,9,0.0
chb03,chb03_36.edf,2700.0,2704.0,1.0,0.35,66,1.3756822323974554,ok,0,13,11,0.0
chb03,chb03_36.edf,2700.0,2704.0,1.0,0.35,67,1.0162300239210387,ok,0,9,8,0.0
chb03,chb03_36.edf,2700.0,2704.0,1.0,0.35,68,1.4166560579148733,ok,0,12,10,0.0
chb03,chb03_36.edf,2700.0,2704.0,1.0,0.35,69,1.0610836315798138,ok,0,8,5,0.0
chb03,chb03_36.edf,2700.0,2704.0,1.0,0.35,70,0.9562962965172503,ok,0,10,7,0.0
chb03,chb03_36.edf,2700.0,2704.0,1.0,0.35,71,1.7937447317653397,ok,0,10,8,0.0
chb03,chb03_36.edf,2700.0,2704.0,1.0,0.35,72,0.025983731852596812,ok,0,7,5,0.0
chb03,chb03_36.edf,2700.0,2704.0,1.0,0.35,73,0.6697481160429432,ok,0,9,8,0.0
chb03,chb03_36.edf,2700.0,2704.0,1.0,0.35,74,0.6459406006850896,ok,0,11,10,0.0
chb03,chb03_36.edf,2700.0,2704.0,1.0,0.35,75,1.5949221610501576,ok,0,8,6,0.0
chb03,chb03_36.edf,2700.0,2704.0,1.0,0.35,76,0.21649345781273435,ok,0,13,12,0.0
chb03,chb03_36.edf,2700.0,2704.0,1.0,0.35,77,1.261454559020981,ok,0,10,9,0.0
chb03,chb03_36.edf,2700.0,2704.0,1.0,0.35,78,1.9856992051961986,ok,0,12,11,0.0
chb03,chb03_36.edf,2700.0,2704.0,1.0,0.35,79,0.1609368397508929,ok,0,7,6,0.0
chb03,chb03_36.edf,2700.0,2704.0,1.0,0.35,80,0.8460001481744026,ok,0,12,10,0.0
chb03,chb03_36.edf,2700.0,2704.0,1.0,0.35,81,1.358734595506705,ok,0,9,7,0.0
chb03,chb03_36.edf,2700.0,2704.0,1.0,0.7,62,0.7770916040422823,ok,0,11,9,0.0
chb03,chb03_36.edf,2700.0,2704.0,1.0,0.7,63,0.14655956456718455,ok,0,8,7,0.0
chb03,chb03_36.edf,2700.0,2704.0,1.0,0.7,64,0.19066012295924756,ok,0,10,9,0.0
chb03,chb03_36.edf,2700.0,2704.0,1.0,0.7,65,0.48620003231413916,ok,0,12,9,0.0
chb03,chb03_36.edf,2700.0,2704.0,1.0,0.7,66,1.3756822323974554,ok,0,13,11,0.0
chb03,chb03_36.edf,2700.0,2704.0,1.0,0.7,67,1.0396822774544001,ok,0,9,7,0.0
chb03,chb03_36.edf,2700.0,2704.0,1.0,0.7,68,1.4843538096478193,ok,0,11,9,0.0
chb03,chb03_36.edf,2700.0,2704.0,1.0,0.7,69,1.05807512852026,ok,0,9,6,0.0
chb03,chb03_36.edf,2700.0,2704.0,1.0,0.7,70,1.3790765033563652,ok,0,10,7,0.0
chb03,chb03_36.edf,2700.0,2704.0,1.0,0.7,71,1.7937447317653397,ok,0,10,8,0.0
chb03,chb03_36.edf,2700.0,2704.0,1.0,0.7,72,0.24098688218879177,ok,0,6,5,0.0
chb03,chb03_36.edf,2700.0,2704.0,1.0,0.7,73,0.6819145146084246,ok,0,7,6,0.0
chb03,chb03_36.edf,2700.0,2704.0,1.0,0.7,74,0.6459406006850896,ok,0,11,10,0.0
chb03,chb03_36.edf,2700.0,2704.0,1.0,0.7,75,1.0573389093684542,ok,0,8,6,0.0
chb03,chb03_36.edf,2700.0,2704.0,1.0,0.7,76,0.2749621413853564,ok,0,12,11,0.0
chb03,chb03_36.edf,2700.0,2704.0,1.0,0.7,77,1.2556298425811674,ok,0,9,8,0.0
chb03,chb03_36.edf,2700.0,2704.0,1.0,0.7,78,1.9856992051961986,ok,0,12,11,0.0
chb03,chb03_36.edf,2700.0,2704.0,1.0,0.7,79,0.1609368397508929,ok,0,7,6,0.0
chb03,chb03_36.edf,2700.0,2704.0,1.0,0.7,80,0.8294292053104381,ok,0,12,10,0.0
chb03,chb03_36.edf,2700.0,2704.0,1.0,0.7,81,1.358734595506705,ok,0,9,7,0.0
chb05,chb05_01.edf,908.0,912.0,0.25,0.0,62,0.6171842911523988,ok,0,10,9,0.0
chb05,chb05_01.edf,908.0,912.0,0.25,0.0,63,2.043747370146671,ok,0,9,8,0.0
chb05,chb05_01.edf,908.0,912.0,0.25,0.0,64,0.8756532617719204,ok,0,9,8,0.0
chb05,chb05_01.edf,908.0,912.0,0.25,0.0,65,0.9667718123938864,ok,0,11,10,0.0
chb05,chb05_01.edf,908.0,912.0,0.25,0.0,66,0.3631787913269073,ok,0,11,9,0.0
chb05,chb05_01.edf,908.0,912.0,0.25,0.0,67,0.8092054221906116,ok,0,11,9,0.0
chb05,chb05_01.edf,908.0,912.0,0.25,0.0,68,0.9681035064574081,ok,0,9,8,0.0
chb05,chb05_01.edf,908.0,912.0,0.25,0.0,69,1.241548694349417,ok,0,10,8,0.0
chb05,chb05_01.edf,908.0,912.0,0.25,0.0,70,0.2793983295119334,ok,0,9,8,0.0
chb05,chb05_01.edf,908.0,912.0,0.25,0.0,71,1.5904417843670142,ok,0,12,11,0.0
chb05,chb05_01.edf,908.0,912.0,0.25,0.0,72,0.9990557900479503,ok,0,11,9,0.0
chb05,chb05_01.edf,908.0,912.0,0.25,0.0,73,0.4814093715175572,ok,0,8,7,0.0
chb05,chb05_01.edf,908.0,912.0,0.25,0.0,74,0.6162790697674418,ok,0,11,8,0.0
chb05,chb05_01.edf,908.0,912.0,0.25,0.0,75,0.35394981220923855,ok,0,12,11,0.0
chb05,chb05_01.edf,908.0,912.0,0.25,0.0,76,0.3909772130214703,ok,0,12,11,0.0
chb05,chb05_01.edf,908.0,912.0,0.25,0.0,77,0.9447730595988872,ok,0,6,4,0.0
chb05,chb05_01.edf,908.0,912.0,0.25,0.0,78,1.3483863463099397,ok,0,11,10,0.0
chb05,chb05_01.edf,908.0,912.0,0.25,0.0,79,0.1609368397508929,ok,0,7,6,0.0
chb05,chb05_01.edf,908.0,912.0,0.25,0.0,80,0.1797136108456547,ok,0,12,10,0.0
chb05,chb05_01.edf,908.0,912.0,0.25,0.0,81,1.4033891062507988,ok,0,10,7,0.0
chb05,chb05_01.edf,908.0,912.0,0.25,0.175,62,0.6196207900565306,ok,0,10,9,0.0
chb05,chb05_01.edf,908.0,912.0,0.25,0.175,63,2.043813729291342,ok,0,9,8,0.0
chb05,chb05_01.edf,908.0,912.0,0.25,0.175,64,0.8756532617719204,ok,0,9,8,0.0
chb05,chb05_01.edf,908.0,912.0,0.25,0.175,65,0.9667718123938864,ok,0,11,10,0.0
chb05,chb05_01.edf,908.0,912.0,0.25,0.175,66,0.3631787913269073,ok,0,11,9,0.0
chb05,chb05_01.edf,908.0,912.0,0.25,0.175,67,0.818340372717771,ok,0,11,9,0.0
chb05,chb05_01.edf,908.0,912.0,0.25,0.175,68,0.895157178062396,ok,0,8,7,0.0
chb05,chb05_01.edf,908.0,912.0,0.25,0.175,69,1.241548694349417,ok,0,10,8,0.0
chb05,chb05_01.edf,908.0,912.0,0.25,0.175,70,0.2793983295119334,ok,0,9,8,0.0
chb05,chb05_01.edf,908.0,912.0,0.25,0.175,71,1.5904417843670142,ok,0,12,11,0.0
chb05,chb05_01.edf,908.0,912.0,0.25,0.175,72,0.9990557900479503,ok,0,11,9,0.0
chb05,chb05_01.edf,908.0,912.0,0.25,0.175,73,0.5222483000558874,ok,0,9,8,0.0
chb05,chb05_01.edf,908.0,912.0,0.25,0.175,74,0.360793174048842,ok,0,12,9,0.0
chb05,chb05_01.edf,908.0,912.0,0.25,0.175,75,0.35394981220923855,ok,0,12,11,0.0
chb05,chb05_01.edf,908.0,912.0,0.25,0.175,76,0.42906954748645326,ok,0,13,12,0.0
chb05,chb05_01.edf,908.0,912.0,0.25,0.175,77,0.9447730595988872,ok,0,6,4,0.0
chb05,chb05_01.edf,908.0,912.0,0.25,0.175,78,1.3401467758176164,ok,0,11,10,0.0
chb05,chb05_01.edf,908.0,912.0,0.25,0.175,79,0.1609368397508929,ok,0,7,6,0.0
chb05,chb05_01.edf,908.0,912.0,0.25,0.175,80,0.18317349230170574,ok,0,11,9,0.0
chb05,chb05_01.edf,908.0,912.0,0.25,0.175,81,1.3949521781254495,ok,0,9,8,0.0
chb05,chb05_01.edf,908.0,912.0,0.25,0.35,62,0.6583664870760227,ok,0,10,9,0.0
chb05,chb05_01.edf,908.0,912.0,0.25,0.35,63,2.0343025634694656,ok,0,9,8,0.0
chb05,chb05_01.edf,908.0,912.0,0.25,0.35,64,0.8806920558518212,ok,0,10,9,0.0
chb05,chb05_01.edf,908.0,912.0,0.25,0.35,65,0.9667718123938864,ok,0,11,10,0.0
chb05,chb05_01.edf,908.0,912.0,0.25,0.35,66,0.3631787913269073,ok,0,11,9,0.0
chb05,chb05_01.edf,908.0,912.0,0.25,0.35,67,0.793177848124112,ok,0,11,9,0.0
chb05,chb05_01.edf,908.0,912.0,0.25,0.35,68,0.887810658802592,ok,0,8,7,0.0
chb05,chb05_01.edf,908.0,912.0,0.25,0.35,69,1.20327226737019,ok,0,8,6,0.0
chb05,chb05_01.edf,908.0,912.0,0.25,0.35,70,0.2793983295119334,ok,0,9,8,0.0
chb05,chb05_01.edf,908.0,912.0,0.25,0.35,71,1.5904417843670142,ok,0,12,11,0.0
chb05,chb05_01.edf,908.0,912.0,0.25,0.35,72,0.9721863426083236,ok,0,12,10,0.0
chb05,chb05_01.edf,908.0,912.0,0.25,0.35,73,0.5222483000558874,ok,0,9,8,0.0
chb05,chb05_01.edf,908.0,912.0,0.25,0.35,74,0.5165816608847645,ok,0,11,9,0.0
chb05,chb05_01.edf,908.0,912.0,0.25,0.35,75,0.35394981220923855,ok,0,12,11,0.0
chb05,chb05_01.edf,908.0,912.0,0.25,0.35,76,0.7427476121194982,ok,0,13,12,0.0
chb05,chb05_01.edf,908.0,912.0,0.25,0.35,77,0.9447730595988872,ok,0,6,4,0.0
chb05,chb05_01.edf,908.0,912.0,0.25,0.35,78,1.3425531352830489,ok,0,11,10,0.0
chb05,chb05_01.edf,908.0,912.0,0.25,0.35,79,0.1609368397508929,ok,0,7,6,0.0
chb05,chb05_01.edf,908.0,912.0,0.25,0.35,80,0.18317349230170574,ok,0,11,9,0.0
chb05,chb05_01.edf,908.0,912.0,0.25,0.35,81,1.325447183076775,ok,0,10,8,0.0
chb05,chb05_01.edf,908.0,912.0,0.25,0.7,62,0.8920571084270843,ok,0,11,10,0.0
chb05,chb05_01.edf,908.0,912.0,0.25,0.7,63,2.184629571708387,ok,0,10,9,0.0
chb05,chb05_01.edf,908.0,912.0,0.25,0.7,64,0.9204490378468597,ok,0,9,8,0.0
chb05,chb05_01.edf,908.0,912.0,0.25,0.7,65,0.8139009322332608,ok,0,12,11,0.0
chb05,chb05_01.edf,908.0,912.0,0.25,0.7,66,0.3631787913269073,ok,0,11,9,0.0
chb05,chb05_01.edf,908.0,912.0,0.25,0.7,67,0.4395199807226743,ok,0,12,11,0.0
chb05,chb05_01.edf,908.0,912.0,0.25,0.7,68,0.9548224725295615,ok,0,9,8,0.0
chb05,chb05_01.edf,908.0,912.0,0.25,0.7,69,1.20327226737019,ok,0,8,6,0.0
chb05,chb05_01.edf,908.0,912.0,0.25,0.7,70,0.2793983295119334,ok,0,9,8,0.0
chb05,chb05_01.edf,908.0,912.0,0.25,0.7,71,1.3017929311683272,ok,0,14,12,0.0
chb05,chb05_01.edf,908.0,912.0,0.25,0.7,72,0.8620214028969306,ok,0,12,9,0.0
chb05,chb05_01.edf,908.0,912.0,0.25,0.7,73,0.5222483000558874,ok,0,9,8,0.0
chb05,chb05_01.edf,908.0,912.0,0.25,0.7,74,0.5165816608847645,ok,0,11,9,0.0
chb05,chb05_01.edf,908.0,912.0,0.25,0.7,75,0.5376264280321666,ok,0,11,10,0.0
chb05,chb05_01.edf,908.0,912.0,0.25,0.7,76,0.35820620920314644,ok,0,13,12,0.0
chb05,chb05_01.edf,908.0,912.0,0.25,0.7,77,0.9447730595988872,ok,0,6,4,0.0
chb05,chb05_01.edf,908.0,912.0,0.25,0.7,78,1.7124112374621197,ok,0,9,8,0.0
chb05,chb05_01.edf,908.0,912.0,0.25,0.7,79,0.2272301539919122,ok,0,7,5,0.0
chb05,chb05_01.edf,908.0,912.0,0.25,0.7,80,0.17655063606906146,ok,0,12,10,0.0
chb05,chb05_01.edf,908.0,912.0,0.25,0.7,81,1.325447183076775,ok,0,10,8,0.0
chb05,chb05_01.edf,908.0,912.0,0.5,0.0,62,0.5712931377579745,ok,0,12,11,0.0
chb05,chb05_01.edf,908.0,912.0,0.5,0.0,63,0.16726057798219393,ok,0,8,7,0.0
chb05,chb05_01.edf,908.0,912.0,0.5,0.0,64,0.19637001542360058,ok,0,9,8,0.0
chb05,chb05_01.edf,908.0,912.0,0.5,0.0,65,0.546024803519956,ok,0,10,8,0.0
chb05,chb05_01.edf,908.0,912.0,0.5,0.0,66,0.3428004452807938,ok,0,11,9,0.0
chb05,chb05_01.edf,908.0,912.0,0.5,0.0,67,0.9454773281444654,ok,0,7,6,0.0
chb05,chb05_01.edf,908.0,912.0,0.5,0.0,68,1.2291207868644798,ok,0,12,11,0.0
chb05,chb05_01.edf,908.0,912.0,0.5,0.0,69,1.1682562182790923,ok,0,9,7,0.0
chb05,chb05_01.edf,908.0,912.0,0.5,0.0,70,0.5111811702061327,ok,0,14,13,0.0
chb05,chb05_01.edf,908.0,912.0,0.5,0.0,71,1.8179982256514546,ok,0,11,9,0.0
chb05,chb05_01.edf,908.0,912.0,0.5,0.0,72,0.18642507739616473,ok,0,6,5,0.0
chb05,chb05_01.edf,908.0,912.0,0.5,0.0,73,0.6286253346157429,ok,0,10,9,0.0
chb05,chb05_01.edf,908.0,912.0,0.5,0.0,74,0.6476197533905482,ok,0,9,7,0.0
chb05,chb05_01.edf,908.0,912.0,0.5,0.0,75,0.9626906857352386,ok,0,12,10,0.0
chb05,chb05_01.edf,908.0,912.0,0.5,0.0,76,0.48840569686484475,ok,0,10,9,0.0
chb05,chb05_01.edf,908.0,912.0,0.5,0.0,77,1.4397992123948258,ok,0,10,9,0.0
chb05,chb05_01.edf,908.0,912.0,0.5,0.0,78,0.8783739115481473,ok,0,10,9,0.0
chb05,chb05_01.edf,908.0,912.0,0.5,0.0,79,0.6660998123404629,ok,0,8,7,0.0
chb05,chb05_01.edf,908.0,912.0,0.5,0.0,80,0.48943288169382493,ok,0,10,8,0.0
chb05,chb05_01.edf,908.0,912.0,0.5,0.0,81,1.3487816138931745,ok,0,10,9,0.0
chb05,chb05_01.edf,908.0,912.0,0.5,0.175,62,0.5712931377579745,ok,0,12,11,0.0
chb05,chb05_01.edf,908.0,912.0,0.5,0.175,63,0.16726057798219393,ok,0,8,7,0.0
chb05,chb05_01.edf,908.0,912.0,0.5,0.175,64,0.19637001542360058,ok,0,9,8,0.0
chb05,chb05_01.edf,908.0,912.0,0.5,0.175,65,0.5518250131061467,ok,0,10,8,0.0
chb05,chb05_01.edf,908.0,912.0,0.5,0.175,66,0.3428004452807938,ok,0,11,9,0.0
chb05,chb05_01.edf,908.0,912.0,0.5,0.175,67,0.9454773281444654,ok,0,7,6,0.0
chb05,chb05_01.edf,908.0,912.0,0.5,0.175,68,1.2280564920118564,ok,0,12,11,0.0
chb05,chb05_01.edf,908.0,912.0,0.5,0.175,69,1.1682562182790923,ok,0,9,7,0.0
chb05,chb05_01.edf,908.0,912.0,0.5,0.175,70,0.5111811702061327,ok,0,14,13,0.0
chb05,chb05_01.edf,908.0,912.0,0.5,0.175,71,1.8179982256514546,ok,0,11,9,0.0
chb05,chb05_01.edf,908.0,912.0,0.5,0.175,72,0.18642507739616473,ok,0,6,5,0.0
chb05,chb05_01.edf,908.0,912.0,0.5,0.175,73,0.6806630905161737,ok,0,11,10,0.0
chb05,chb05_01.edf,908.0,912.0,0.5,0.175,74,0.6476197533905482,ok,0,9,7,0.0
chb05,chb05_01.edf,908.0,912.0,0.5,0.175,75,0.9626906857352386,ok,0,12,10,0.0
chb05,chb05_01.edf,908.0,912.0,0.5,0.175,76,0.48840569686484475,ok,0,10,9,0.0
chb05,chb05_01.edf,908.0,912.0,0.5,0.175,77,1.4397992123948258,ok,0,10,9,0.0
chb05,chb05_01.edf,908.0,912.0,0.5,0.175,78,0.8779494481411574,ok,0,10,9,0.0
chb05,chb05_01.edf,908.0,912.0,0.5,0.175,79,0.6660998123404629,ok,0,8,7,0.0
chb05,chb05_01.edf,908.0,912.0,0.5,0.175,80,0.7001723173641382,ok,0,11,9,0.0
chb05,chb05_01.edf,908.0,912.0,0.5,0.175,81,1.3485722789127093,ok,0,10,9,0.0
chb05,chb05_01.edf,908.0,912.0,0.5,0.35,62,0.6559757885363878,ok,0,12,11,0.0
chb05,chb05_01.edf,908.0,912.0,0.5,0.35,63,0.2173990092096237,ok,0,9,8,0.0
chb05,chb05_01.edf,908.0,912.0,0.5,0.35,64,0.18743175687141955,ok,0,9,8,0.0
chb05,chb05_01.edf,908.0,912.0,0.5,0.35,65,0.5518250131061467,ok,0,10,8,0.0
chb05,chb05_01.edf,908.0,912.0,0.5,0.35,66,0.3428004452807938,ok,0,11,9,0.0
chb05,chb05_01.edf,908.0,912.0,0.5,0.35,67,0.9454773281444654,ok,0,7,6,0.0
chb05,chb05_01.edf,908.0,912.0,0.5,0.35,68,1.2280564920118564,ok,0,12,11,0.0
chb05,chb05_01.edf,908.0,912.0,0.5,0.35,69,1.2023157860598088,ok,0,8,6,0.0
chb05,chb05_01.edf,908.0,912.0,0.5,0.35,70,0.5111811702061327,ok,0,14,13,0.0
chb05,chb05_01.edf,908.0,912.0,0.5,0.35,71,1.8246840587852644,ok,0,12,9,0.0
chb05,chb05_01.edf,908.0,912.0,0.5,0.35,72,1.669875967966309,ok,0,7,6,0.0
chb05,chb05_01.edf,908.0,912.0,0.5,0.35,73,0.6806630905161737,ok,0,11,10,0.0
chb05,chb05_01.edf,908.0,912.0,0.5,0.35,74,0.6352108645492693,ok,0,9,7,0.0
chb05,chb05_01.edf,908.0,912.0,0.5,0.35,75,0.9626906857352386,ok,0,12,10,0.0
chb05,chb05_01.edf,908.0,912.0,0.5,0.35,76,0.3297550339148682,ok,0,11,10,0.0
chb05,chb05_01.edf,908.0,912.0,0.5,0.35,77,1.4397992123948258,ok,0,10,9,0.0
chb05,chb05_01.edf,908.0,912.0,0.5,0.35,78,0.5544998582844037,ok,0,10,9,0.0
chb05,chb05_01.edf,908.0,912.0,0.5,0.35,79,0.1878077787684282,ok,0,7,6,0.0
chb05,chb05_01.edf,908.0,912.0,0.5,0.35,80,0.7001723173641382,ok,0,11,9,0.0
chb05,chb05_01.edf,908.0,912.0,0.5,0.35,81,1.3282457340076834,ok,0,10,8,0.0
chb05,chb05_01.edf,908.0,912.0,0.5,0.7,62,0.6557931889216831,ok,0,12,11,0.0
chb05,chb05_01.edf,908.0,912.0,0.5,0.7,63,0.1761596311519761,ok,0,10,9,0.0
chb05,chb05_01.edf,908.0,912.0,0.5,0.7,64,0.178366181378274,ok,0,9,8,0.0
chb05,chb05_01.edf,908.0,912.0,0.5,0.7,65,0.5518250131061467,ok,0,10,8,0.0
chb05,chb05_01.edf,908.0,912.0,0.5,0.7,66,0.3428004452807938,ok,0,11,9,0.0
chb05,chb05_01.edf,908.0,912.0,0.5,0.7,67,0.9454773281444654,ok,0,7,6,0.0
chb05,chb05_01.edf,908.0,912.0,0.5,0.7,68,1.162016851133605,ok,0,11,10,0.0
chb05,chb05_01.edf,908.0,912.0,0.5,0.7,69,1.2059610866277488,ok,0,8,6,0.0
chb05,chb05_01.edf,908.0,912.0,0.5,0.7,70,0.5111811702061327,ok,0,14,13,0.0
chb05,chb05_01.edf,908.0,912.0,0.5,0.7,71,1.4315865738103948,ok,0,13,10,0.0
chb05,chb05_01.edf,908.0,912.0,0.5,0.7,72,1.669875967966309,ok,0,7,6,0.0
chb05,chb05_01.edf,908.0,912.0,0.5,0.7,73,0.7191767771132861,ok,0,12,11,0.0
chb05,chb05_01.edf,908.0,912.0,0.5,0.7,74,0.6371093900184781,ok,0,10,8,0.0
chb05,chb05_01.edf,908.0,912.0,0.5,0.7,75,0.9626906857352386,ok,0,12,10,0.0
chb05,chb05_01.edf,908.0,912.0,0.5,0.7,76,0.35427761816971204,ok,0,11,10,0.0
chb05,chb05_01.edf,908.0,912.0,0.5,0.7,77,1.4397992123948258,ok,0,10,9,0.0
chb05,chb05_01.edf,908.0,912.0,0.5,0.7,78,0.5424402130200409,ok,0,10,9,0.0
chb05,chb05_01.edf,908.0,912.0,0.5,0.7,79,0.1878077787684282,ok,0,7,6,0.0
chb05,chb05_01.edf,908.0,912.0,0.5,0.7,80,0.6865578344552838,ok,0,10,8,0.0
chb05,chb05_01.edf,908.0,912.0,0.5,0.7,81,1.3023289800133568,ok,0,9,7,0.0
chb05,chb05_01.edf,908.0,912.0,1.0,0.0,62,0.7743914046997703,ok,0,11,10,0.0
chb05,chb05_01.edf,908.0,912.0,1.0,0.0,63,0.21488489744161204,ok,0,8,7,0.0
chb05,chb05_01.edf,908.0,912.0,1.0,0.0,64,0.17192047651837583,ok,0,10,9,0.0
chb05,chb05_01.edf,908.0,912.0,1.0,0.0,65,0.48620003231413916,ok,0,12,9,0.0
chb05,chb05_01.edf,908.0,912.0,1.0,0.0,66,1.3756822323974554,ok,0,13,11,0.0
chb05,chb05_01.edf,908.0,912.0,1.0,0.0,67,1.0067830609804835,ok,0,9,8,0.0
chb05,chb05_01.edf,908.0,912.0,1.0,0.0,68,1.5176810316646947,ok,0,13,11,0.0
chb05,chb05_01.edf,908.0,912.0,1.0,0.0,69,1.0610836315798138,ok,0,8,5,0.0
chb05,chb05_01.edf,908.0,912.0,1.0,0.0,70,0.981919803246944,ok,0,12,11,0.0
chb05,chb05_01.edf,908.0,912.0,1.0,0.0,71,1.7937447317653397,ok,0,10,8,0.0
chb05,chb05_01.edf,908.0,912.0,1.0,0.0,72,0.18642507739616473,ok,0,6,5,0.0
chb05,chb05_01.edf,908.0,912.0,1.0,0.0,73,0.5987516059102022,ok,0,9,8,0.0
chb05,chb05_01.edf,908.0,912.0,1.0,0.0,74,0.6443582292066723,ok,0,11,10,0.0
chb05,chb05_01.edf,908.0,912.0,1.0,0.0,75,1.65888681246551,ok,0,10,7,0.0
chb05,chb05_01.edf,908.0,912.0,1.0,0.0,76,0.22553402254439306,ok,0,12,11,0.0
chb05,chb05_01.edf,908.0,912.0,1.0,0.0,77,1.261454559020981,ok,0,10,9,0.0
chb05,chb05_01.edf,908.0,912.0,1.0,0.0,78,1.9856992051961986,ok,0,12,11,0.0
chb05,chb05_01.edf,908.0,912.0,1.0,0.0,79,0.1609368397508929,ok,0,7,6,0.0
chb05,chb05_01.edf,908.0,912.0,1.0,0.0,80,0.8375512923759941,ok,0,11,9,0.0
chb05,chb05_01.edf,908.0,912.0,1.0,0.0,81,1.3218647883394035,ok,0,10,8,0.0
chb05,chb05_01.edf,908.0,912.0,1.0,0.175,62,0.7743914046997703,ok,0,11,10,0.0
chb05,chb05_01.edf,908.0,912.0,1.0,0.175,63,0.2173990092096237,ok,0,9,8,0.0
chb05,chb05_01.edf,908.0,912.0,1.0,0.175,64,0.17192047651837583,ok,0,10,9,0.0
chb05,chb05_01.edf,908.0,912.0,1.0,0.175,65,0.48620003231413916,ok,0,12,9,0.0
chb05,chb05_01.edf,908.0,912.0,1.0,0.175,66,1.3756822323974554,ok,0,13,11,0.0
chb05,chb05_01.edf,908.0,912.0,1.0,0.175,67,1.0067830609804835,ok,0,9,8,0.0
chb05,chb05_01.edf,908.0,912.0,1.0,0.175,68,1.4403478634378917,ok,0,12,10,0.0
chb05,chb05_01.edf,908.0,912.0,1.0,0.175,69,1.0610836315798138,ok,0,8,5,0.0
chb05,chb05_01.edf,908.0,912.0,1.0,0.175,70,0.981919803246944,ok,0,12,11,0.0
chb05,chb05_01.edf,908.0,912.0,1.0,0.175,71,1.7937447317653397,ok,0,10,8,0.0
chb05,chb05_01.edf,908.0,912.0,1.0,0.175,72,0.18642507739616473,ok,0,6,5,0.0
chb05,chb05_01.edf,908.0,912.0,1.0,0.175,73,0.6191720810400293,ok,0,9,8,0.0
chb05,chb05_01.edf,908.0,912.0,1.0,0.175,74,0.6443582292066723,ok,0,11,10,0.0
chb05,chb05_01.edf,908.0,912.0,1.0,0.175,75,1.65888681246551,ok,0,10,7,0.0
chb05,chb05_01.edf,908.0,912.0,1.0,0.175,76,0.22553402254439306,ok,0,12,11,0.0
chb05,chb05_01.edf,908.0,912.0,1.0,0.175,77,1.261454559020981,ok,0,10,9,0.0
chb05,chb05_01.edf,908.0,912.0,1.0,0.175,78,1.9856992051961986,ok,0,12,11,0.0
chb05,chb05_01.edf,908.0,912.0,1.0,0.175,79,0.1609368397508929,ok,0,7,6,0.0
chb05,chb05_01.edf,908.0,912.0,1.0,0.175,80,0.8355892494014844,ok,0,11,9,0.0
chb05,chb05_01.edf,908.0,912.0,1.0,0.175,81,1.3218647883394035,ok,0,10,8,0.0
chb05,chb05_01.edf,908.0,912.0,1.0,0.35,62,0.7743914046997703,ok,0,11,10,0.0
chb05,chb05_01.edf,908.0,912.0,1.0,0.35,63,0.2156184166272027,ok,0,9,8,0.0
chb05,chb05_01.edf,908.0,912.0,1.0,0.35,64,0.17192047651837583,ok,0,10,9,0.0
chb05,chb05_01.edf,908.0,912.0,1.0,0.35,65,0.48620003231413916,ok,0,12,9,0.0
chb05,chb05_01.edf,908.0,912.0,1.0,0.35,66,1.3756822323974554,ok,0,13,11,0.0
chb05,chb05_01.edf,908.0,912.0,1.0,0.35,67,1.0276695755361174,ok,0,9,8,0.0
chb05,chb05_01.edf,908.0,912.0,1.0,0.35,68,1.44167629497798,ok,0,12,10,0.0
chb05,chb05_01.edf,908.0,912.0,1.0,0.35,69,1.0610836315798138,ok,0,8,5,0.0
chb05,chb05_01.edf,908.0,912.0,1.0,0.35,70,0.981919803246944,ok,0,12,11,0.0
chb05,chb05_01.edf,908.0,912.0,1.0,0.35,71,1.8006805731534377,ok,0,11,8,0.0
chb05,chb05_01.edf,908.0,912.0,1.0,0.35,72,0.18642507739616473,ok,0,6,5,0.0
chb05,chb05_01.edf,908.0,912.0,1.0,0.35,73,0.6815614061951711,ok,0,10,9,0.0
chb05,chb05_01.edf,908.0,912.0,1.0,0.35,74,0.5429459948309097,ok,0,12,10,0.0
chb05,chb05_01.edf,908.0,912.0,1.0,0.35,75,1.65888681246551,ok,0,10,7,0.0
chb05,chb05_01.edf,908.0,912.0,1.0,0.35,76,0.22553402254439306,ok,0,12,11,0.0
chb05,chb05_01.edf,908.0,912.0,1.0,0.35,77,1.261454559020981,ok,0,10,9,0.0
chb05,chb05_01.edf,908.0,912.0,1.0,0.35,78,1.9856992051961986,ok,0,12,11,0.0
chb05,chb05_01.edf,908.0,912.0,1.0,0.35,79,0.1609368397508929,ok,0,7,6,0.0
chb05,chb05_01.edf,908.0,912.0,1.0,0.35,80,0.8355892494014844,ok,0,11,9,0.0
chb05,chb05_01.edf,908.0,912.0,1.0,0.35,81,1.3218647883394035,ok,0,10,8,0.0
chb05,chb05_01.edf,908.0,912.0,1.0,0.7,62,0.7743914046997703,ok,0,11,10,0.0
chb05,chb05_01.edf,908.0,912.0,1.0,0.7,63,0.22630696859654337,ok,0,9,8,0.0
chb05,chb05_01.edf,908.0,912.0,1.0,0.7,64,0.1755520165636006,ok,0,10,9,0.0
chb05,chb05_01.edf,908.0,912.0,1.0,0.7,65,0.5302284724898613,ok,0,13,9,0.0
chb05,chb05_01.edf,908.0,912.0,1.0,0.7,66,1.3883982697527104,ok,0,11,9,0.0
chb05,chb05_01.edf,908.0,912.0,1.0,0.7,67,1.0276695755361174,ok,0,9,8,0.0
chb05,chb05_01.edf,908.0,912.0,1.0,0.7,68,1.4180598266571578,ok,0,12,10,0.0
chb05,chb05_01.edf,908.0,912.0,1.0,0.7,69,1.0610836315798138,ok,0,8,5,0.0
chb05,chb05_01.edf,908.0,912.0,1.0,0.7,70,0.981919803246944,ok,0,12,11,0.0
chb05,chb05_01.edf,908.0,912.0,1.0,0.7,71,1.7144437964910062,ok,0,10,7,0.0
chb05,chb05_01.edf,908.0,912.0,1.0,0.7,72,1.669875967966309,ok,0,7,6,0.0
chb05,chb05_01.edf,908.0,912.0,1.0,0.7,73,0.6815614061951711,ok,0,10,9,0.0
chb05,chb05_01.edf,908.0,912.0,1.0,0.7,74,0.5483217424847823,ok,0,12,10,0.0
chb05,chb05_01.edf,908.0,912.0,1.0,0.7,75,1.65888681246551,ok,0,10,7,0.0
chb05,chb05_01.edf,908.0,912.0,1.0,0.7,76,0.2499525155781146,ok,0,12,11,0.0
chb05,chb05_01.edf,908.0,912.0,1.0,0.7,77,1.261454559020981,ok,0,10,9,0.0
chb05,chb05_01.edf,908.0,912.0,1.0,0.7,78,1.985819910369588,ok,0,12,11,0.0
chb05,chb05_01.edf,908.0,912.0,1.0,0.7,79,0.1878077787684282,ok,0,7,6,0.0
chb05,chb05_01.edf,908.0,912.0,1.0,0.7,80,0.8355892494014844,ok,0,11,9,0.0
chb05,chb05_01.edf,908.0,912.0,1.0,0.7,81,1.342198171572065,ok,0,10,9,0.0
chb05,chb05_01.edf,2704.0,2708.0,0.25,0.0,62,0.6171842911523988,ok,0,10,9,0.0
chb05,chb05_01.edf,2704.0,2708.0,0.25,0.0,63,2.043747370146671,ok,0,9,8,0.0
chb05,chb05_01.edf,2704.0,2708.0,0.25,0.0,64,0.8756532617719204,ok,0,9,8,0.0
chb05,chb05_01.edf,2704.0,2708.0,0.25,0.0,65,0.9667718123938864,ok,0,11,10,0.0
chb05,chb05_01.edf,2704.0,2708.0,0.25,0.0,66,0.3631787913269073,ok,0,11,9,0.0
chb05,chb05_01.edf,2704.0,2708.0,0.25,0.0,67,0.8092054221906116,ok,0,11,9,0.0
chb05,chb05_01.edf,2704.0,2708.0,0.25,0.0,68,0.9681035064574081,ok,0,9,8,0.0
chb05,chb05_01.edf,2704.0,2708.0,0.25,0.0,69,1.241548694349417,ok,0,10,8,0.0
chb05,chb05_01.edf,2704.0,2708.0,0.25,0.0,70,0.2793983295119334,ok,0,9,8,0.0
chb05,chb05_01.edf,2704.0,2708.0,0.25,0.0,71,1.5904417843670142,ok,0,12,11,0.0
chb05,chb05_01.edf,2704.0,2708.0,0.25,0.0,72,0.9990557900479503,ok,0,11,9,0.0
chb05,chb05_01.edf,2704.0,2708.0,0.25,0.0,73,0.4814093715175572,ok,0,8,7,0.0
chb05,chb05_01.edf,2704.0,2708.0,0.25,0.0,74,0.6162790697674418,ok,0,11,8,0.0
chb05,chb05_01.edf,2704.0,2708.0,0.25,0.0,75,0.35394981220923855,ok,0,12,11,0.0
chb05,chb05_01.edf,2704.0,2708.0,0.25,0.0,76,0.3909772130214703,ok,0,12,11,0.0
chb05,chb05_01.edf,2704.0,2708.0,0.25,0.0,77,0.9447730595988872,ok,0,6,4,0.0
chb05,chb05_01.edf,2704.0,2708.0,0.25,0.0,78,1.3483863463099397,ok,0,11,10,0.0
chb05,chb05_01.edf,2704.0,2708.0,0.25,0.0,79,0.1609368397508929,ok,0,7,6,0.0
chb05,chb05_01.edf,2704.0,2708.0,0.25,0.0,80,0.1797136108456547,ok,0,12,10,0.0
chb05,chb05_01.edf,2704.0,2708.0,0.25,0.0,81,1.4033891062507988,ok,0,10,7,0.0
chb05,chb05_01.edf,2704.0,2708.0,0.25,0.175,62,0.5312253998074805,ok,0,9,8,0.0
chb05,chb05_01.edf,2704.0,2708.0,0.25,0.175,63,2.043747370146671,ok,0,9,8,0.0
chb05,chb05_01.edf,2704.0,2708.0,0.25,0.175,64,0.8756532617719204,ok,0,9,8,0.0
chb05,chb05_01.edf,2704.0,2708.0,0.25,0.175,65,0.9778806893064224,ok,0,12,10,0.0
chb05,chb05_01.edf,2704.0,2708.0,0.25,0.175,66,0.3428004452807938,ok,0,11,9,0.0
chb05,chb05_01.edf,2704.0,2708.0,0.25,0.175,67,0.8092054221906116,ok,0,11,9,0.0
chb05,chb05_01.edf,2704.0,2708.0,0.25,0.175,68,1.0325289261124768,ok,0,10,9,0.0
chb05,chb05_01.edf,2704.0,2708.0,0.25,0.175,69,1.241548694349417,ok,0,10,8,0.0
chb05,chb05_01.edf,2704.0,2708.0,0.25,0.175,70,0.2793983295119334,ok,0,9,8,0.0
chb05,chb05_01.edf,2704.0,2708.0,0.25,0.175,71,1.3880944615992352,ok,0,13,12,0.0
chb05,chb05_01.edf,2704.0,2708.0,0.25,0.175,72,1.036602579331663,ok,0,12,9,0.0
chb05,chb05_01.edf,2704.0,2708.0,0.25,0.175,73,0.5051401549176912,ok,0,7,6,0.0
chb05,chb05_01.edf,2704.0,2708.0,0.25,0.175,74,0.6162790697674418,ok,0,11,8,0.0
chb05,chb05_01.edf,2704.0,2708.0,0.25,0.175,75,0.35394981220923855,ok,0,12,11,0.0
chb05,chb05_01.edf,2704.0,2708.0,0.25,0.175,76,0.3909772130214703,ok,0,12,11,0.0
chb05,chb05_01.edf,2704.0,2708.0,0.25,0.175,77,0.9447730595988872,ok,0,6,4,0.0
chb05,chb05_01.edf,2704.0,2708.0,0.25,0.175,78,1.3019074560201331,ok,0,11,9,0.0
chb05,chb05_01.edf,2704.0,2708.0,0.25,0.175,79,0.1609368397508929,ok,0,7,6,0.0
chb05,chb05_01.edf,2704.0,2708.0,0.25,0.175,80,0.1797136108456547,ok,0,12,10,0.0
chb05,chb05_01.edf,2704.0,2708.0,0.25,0.175,81,1.4033891062507988,ok,0,10,7,0.0
chb05,chb05_01.edf,2704.0,2708.0,0.25,0.35,62,0.6494808152811989,ok,0,10,9,0.0
chb05,chb05_01.edf,2704.0,2708.0,0.25,0.35,63,0.22271726145534873,ok,0,8,7,0.0
chb05,chb05_01.edf,2704.0,2708.0,0.25,0.35,64,0.8797157319407379,ok,0,9,8,0.0
chb05,chb05_01.edf,2704.0,2708.0,0.25,0.35,65,0.920247195240599,ok,0,11,9,0.0
chb05,chb05_01.edf,2704.0,2708.0,0.25,0.35,66,0.3428004452807938,ok,0,11,9,0.0
chb05,chb05_01.edf,2704.0,2708.0,0.25,0.35,67,0.3191413059064668,ok,0,11,9,0.0
chb05,chb05_01.edf,2704.0,2708.0,0.25,0.35,68,1.0325289261124768,ok,0,10,9,0.0
chb05,chb05_01.edf,2704.0,2708.0,0.25,0.35,69,1.0504682662376859,ok,0,11,8,0.0
chb05,chb05_01.edf,2704.0,2708.0,0.25,0.35,70,0.2793983295119334,ok,0,9,8,0.0
chb05,chb05_01.edf,2704.0,2708.0,0.25,0.35,71,1.3880944615992352,ok,0,13,12,0.0
chb05,chb05_01.edf,2704.0,2708.0,0.25,0.35,72,1.3894975877908526,ok,0,11,8,0.0
chb05,chb05_01.edf,2704.0,2708.0,0.25,0.35,73,0.5763257187031653,ok,0,9,8,0.0
chb05,chb05_01.edf,2704.0,2708.0,0.25,0.35,74,0.5610797877121244,ok,0,10,9,0.0
chb05,chb05_01.edf,2704.0,2708.0,0.25,0.35,75,0.3711502639419733,ok,0,11,10,0.0
chb05,chb05_01.edf,2704.0,2708.0,0.25,0.35,76,0.8776471873097332,ok,0,10,9,0.0
chb05,chb05_01.edf,2704.0,2708.0,0.25,0.35,77,0.9447730595988872,ok,0,6,4,0.0
chb05,chb05_01.edf,2704.0,2708.0,0.25,0.35,78,1.2911568068526829,ok,0,10,9,0.0
chb05,chb05_01.edf,2704.0,2708.0,0.25,0.35,79,0.1609368397508929,ok,0,7,6,0.0
chb05,chb05_01.edf,2704.0,2708.0,0.25,0.35,80,0.20805602846257226,ok,0,12,9,0.0
chb05,chb05_01.edf,2704.0,2708.0,0.25,0.35,81,1.4033891062507988,ok,0,10,7,0.0
chb05,chb05_01.edf,2704.0,2708.0,0.25,0.7,62,0.9885091203830554,ok,0,10,9,0.0
chb05,chb05_01.edf,2704.0,2708.0,0.25,0.7,63,0.20579773515778108,ok,0,9,8,0.0
chb05,chb05_01.edf,2704.0,2708.0,0.25,0.7,64,0.9031923527808846,ok,0,9,8,0.0
chb05,chb05_01.edf,2704.0,2708.0,0.25,0.7,65,0.8714740369501396,ok,0,10,8,0.0
chb05,chb05_01.edf,2704.0,2708.0,0.25,0.7,66,0.3428004452807938,ok,0,11,9,0.0
chb05,chb05_01.edf,2704.0,2708.0,0.25,0.7,67,0.30758636998410704,ok,0,11,8,0.0
chb05,chb05_01.edf,2704.0,2708.0,0.25,0.7,68,1.0532662615928947,ok,0,10,8,0.0
chb05,chb05_01.edf,2704.0,2708.0,0.25,0.7,69,0.8245928353646209,ok,0,12,9,0.0
chb05,chb05_01.edf,2704.0,2708.0,0.25,0.7,70,0.2793983295119334,ok,0,9,8,0.0
chb05,chb05_01.edf,2704.0,2708.0,0.25,0.7,71,1.4578760245933946,ok,0,14,13,0.0
chb05,chb05_01.edf,2704.0,2708.0,0.25,0.7,72,1.378322066090531,ok,0,11,8,0.0
chb05,chb05_01.edf,2704.0,2708.0,0.25,0.7,73,0.5340242737672382,ok,0,10,9,0.0
chb05,chb05_01.edf,2704.0,2708.0,0.25,0.7,74,0.517355839230848,ok,0,10,9,0.0
chb05,chb05_01.edf,2704.0,2708.0,0.25,0.7,75,0.7201180382298352,ok,0,11,10,0.0
chb05,chb05_01.edf,2704.0,2708.0,0.25,0.7,76,0.8431881858106662,ok,0,9,8,0.0
chb05,chb05_01.edf,2704.0,2708.0,0.25,0.7,77,0.9447730595988872,ok,0,6,4,0.0
chb05,chb05_01.edf,2704.0,2708.0,0.25,0.7,78,1.3337300466765345,ok,0,11,10,0.0
chb05,chb05_01.edf,2704.0,2708.0,0.25,0.7,79,0.1609368397508929,ok,0,7,6,0.0
chb05,chb05_01.edf,2704.0,2708.0,0.25,0.7,80,0.20805602846257226,ok,0,12,9,0.0
chb05,chb05_01.edf,2704.0,2708.0,0.25,0.7,81,1.3706554315567743,ok,0,11,8,0.0
chb05,chb05_01.edf,2704.0,2708.0,0.5,0.0,62,0.5712931377579745,ok,0,12,11,0.0
chb05,chb05_01.edf,2704.0,2708.0,0.5,0.0,63,0.16726057798219393,ok,0,8,7,0.0
chb05,chb05_01.edf,2704.0,2708.0,0.5,0.0,64,0.19637001542360058,ok,0,9,8,0.0
chb05,chb05_01.edf,2704.0,2708.0,0.5,0.0,65,0.546024803519956,ok,0,10,8,0.0
chb05,chb05_01.edf,2704.0,2708.0,0.5,0.0,66,0.3428004452807938,ok,0,11,9,0.0
chb05,chb05_01.edf,2704.0,2708.0,0.5,0.0,67,0.9454773281444654,ok,0,7,6,0.0
chb05,chb05_01.edf,2704.0,2708.0,0.5,0.0,68,1.2291207868644798,ok,0,12,11,0.0
chb05,chb05_01.edf,2704.0,2708.0,0.5,0.0,69,1.1682562182790923,ok,0,9,7,0.0
chb05,chb05_01.edf,2704.0,2708.0,0.5,0.0,70,0.5111811702061327,ok,0,14,13,0.0
chb05,chb05_01.edf,2704.0,2708.0,0.5,0.0,71,1.8179982256514546,ok,0,11,9,0.0
chb05,chb05_01.edf,2704.0,2708.0,0.5,0.0,72,0.18642507739616473,ok,0,6,5,0.0
chb05,chb05_01.edf,2704.0,2708.0,0.5,0.0,73,0.6286253346157429,ok,0,10,9,0.0
chb05,chb05_01.edf,2704.0,2708.0,0.5,0.0,74,0.6476197533905482,ok,0,9,7,0.0
chb05,chb05_01.edf,2704.0,2708.0,0.5,0.0,75,0.9626906857352386,ok,0,12,10,0.0
chb05,chb05_01.edf,2704.0,2708.0,0.5,0.0,76,0.48840569686484475,ok,0,10,9,0.0
chb05,chb05_01.edf,2704.0,2708.0,0.5,0.0,77,1.4397992123948258,ok,0,10,9,0.0
chb05,chb05_01.edf,2704.0,2708.0,0.5,0.0,78,0.8783739115481473,ok,0,10,9,0.0
chb05,chb05_01.edf,2704.0,2708.0,0.5,0.0,79,0.6660998123404629,ok,0,8,7,0.0
chb05,chb05_01.edf,2704.0,2708.0,0.5,0.0,80,0.48943288169382493,ok,0,10,8,0.0
chb05,chb05_01.edf,2704.0,2708.0,0.5,0.0,81,1.3487816138931745,ok,0,10,9,0.0
chb05,chb05_01.edf,2704.0,2708.0,0.5,0.175,62,0.5712931377579745,ok,0,12,11,0.0
chb05,chb05_01.edf,2704.0,2708.0,0.5,0.175,63,0.14655956456718455,ok,0,8,7,0.0
chb05,chb05_01.edf,2704.0,2708.0,0.5,0.175,64,0.33066737835270793,ok,0,10,9,0.0
chb05,chb05_01.edf,2704.0,2708.0,0.5,0.175,65,0.546024803519956,ok,0,10,8,0.0
chb05,chb05_01.edf,2704.0,2708.0,0.5,0.175,66,0.3428004452807938,ok,0,11,9,0.0
chb05,chb05_01.edf,2704.0,2708.0,0.5,0.175,67,0.9454773281444654,ok,0,7,6,0.0
chb05,chb05_01.edf,2704.0,2708.0,0.5,0.175,68,1.298487349908119,ok,0,11,10,0.0
chb05,chb05_01.edf,2704.0,2708.0,0.5,0.175,69,1.1682562182790923,ok,0,9,7,0.0
chb05,chb05_01.edf,2704.0,2708.0,0.5,0.175,70,0.509154547108042,ok,0,14,13,0.0
chb05,chb05_01.edf,2704.0,2708.0,0.5,0.175,71,1.5475911032956122,ok,0,12,10,0.0
chb05,chb05_01.edf,2704.0,2708.0,0.5,0.175,72,0.18642507739616473,ok,0,6,5,0.0
chb05,chb05_01.edf,2704.0,2708.0,0.5,0.175,73,0.7237043270619486,ok,0,11,10,0.0
chb05,chb05_01.edf,2704.0,2708.0,0.5,0.175,74,0.655280757217913,ok,0,10,8,0.0
chb05,chb05_01.edf,2704.0,2708.0,0.5,0.175,75,0.9626906857352386,ok,0,12,10,0.0
chb05,chb05_01.edf,2704.0,2708.0,0.5,0.175,76,0.5111297385677903,ok,0,11,10,0.0
chb05,chb05_01.edf,2704.0,2708.0,0.5,0.175,77,1.487661106245009,ok,0,9,8,0.0
chb05,chb05_01.edf,2704.0,2708.0,0.5,0.175,78,0.8783739115481473,ok,0,10,9,0.0
chb05,chb05_01.edf,2704.0,2708.0,0.5,0.175,79,0.6660998123404629,ok,0,8,7,0.0
chb05,chb05_01.edf,2704.0,2708.0,0.5,0.175,80,0.7001723173641382,ok,0,11,9,0.0
chb05,chb05_01.edf,2704.0,2708.0,0.5,0.175,81,1.3487816138931745,ok,0,10,9,0.0
chb05,chb05_01.edf,2704.0,2708.0,0.5,0.35,62,0.5712931377579745,ok,0,12,11,0.0
chb05,chb05_01.edf,2704.0,2708.0,0.5,0.35,63,0.15255102400950155,ok,0,8,7,0.0
chb05,chb05_01.edf,2704.0,2708.0,0.5,0.35,64,0.33066737835270793,ok,0,10,9,0.0
chb05,chb05_01.edf,2704.0,2708.0,0.5,0.35,65,0.6996169469027036,ok,0,9,7,0.0
chb05,chb05_01.edf,2704.0,2708.0,0.5,0.35,66,0.3428004452807938,ok,0,11,9,0.0
chb05,chb05_01.edf,2704.0,2708.0,0.5,0.35,67,0.8597853857459116,ok,0,8,7,0.0
chb05,chb05_01.edf,2704.0,2708.0,0.5,0.35,68,1.298487349908119,ok,0,11,10,0.0
chb05,chb05_01.edf,2704.0,2708.0,0.5,0.35,69,1.076614708222023,ok,0,10,8,0.0
chb05,chb05_01.edf,2704.0,2708.0,0.5,0.35,70,0.509154547108042,ok,0,14,13,0.0
chb05,chb05_01.edf,2704.0,2708.0,0.5,0.35,71,1.5475911032956122,ok,0,12,10,0.0
chb05,chb05_01.edf,2704.0,2708.0,0.5,0.35,72,0.26769910093606086,ok,0,6,4,0.0
chb05,chb05_01.edf,2704.0,2708.0,0.5,0.35,73,0.6994500204293911,ok,0,11,10,0.0
chb05,chb05_01.edf,2704.0,2708.0,0.5,0.35,74,0.759098448641464,ok,0,9,8,0.0
chb05,chb05_01.edf,2704.0,2708.0,0.5,0.35,75,0.8020740007320464,ok,0,12,11,0.0
chb05,chb05_01.edf,2704.0,2708.0,0.5,0.35,76,0.5111297385677903,ok,0,11,10,0.0
chb05,chb05_01.edf,2704.0,2708.0,0.5,0.35,77,1.487661106245009,ok,0,9,8,0.0
chb05,chb05_01.edf,2704.0,2708.0,0.5,0.35,78,0.8340545397213711,ok,0,10,8,0.0
chb05,chb05_01.edf,2704.0,2708.0,0.5,0.35,79,0.6660998123404629,ok,0,8,7,0.0
chb05,chb05_01.edf,2704.0,2708.0,0.5,0.35,80,0.7001723173641382,ok,0,11,9,0.0
chb05,chb05_01.edf,2704.0,2708.0,0.5,0.35,81,1.3487816138931745,ok,0,10,9,0.0
chb05,chb05_01.edf,2704.0,2708.0,0.5,0.7,62,0.46735866988701574,ok,0,12,10,0.0
chb05,chb05_01.edf,2704.0,2708.0,0.5,0.7,63,0.18231072804710421,ok,0,8,7,0.0
chb05,chb05_01.edf,2704.0,2708.0,0.5,0.7,64,0.33066737835270793,ok,0,10,9,0.0
chb05,chb05_01.edf,2704.0,2708.0,0.5,0.7,65,0.6996169469027036,ok,0,9,7,0.0
chb05,chb05_01.edf,2704.0,2708.0,0.5,0.7,66,0.3428004452807938,ok,0,11,9,0.0
chb05,chb05_01.edf,2704.0,2708.0,0.5,0.7,67,0.6182025736567595,ok,0,6,5,0.0
chb05,chb05_01.edf,2704.0,2708.0,0.5,0.7,68,1.3869827491048006,ok,0,10,9,0.0
chb05,chb05_01.edf,2704.0,2708.0,0.5,0.7,69,1.023346776815107,ok,0,11,8,0.0
chb05,chb05_01.edf,2704.0,2708.0,0.5,0.7,70,0.509154547108042,ok,0,14,13,0.0
chb05,chb05_01.edf,2704.0,2708.0,0.5,0.7,71,1.6325665647886014,ok,0,13,11,0.0
chb05,chb05_01.edf,2704.0,2708.0,0.5,0.7,72,1.735567618462016,ok,0,8,6,0.0
chb05,chb05_01.edf,2704.0,2708.0,0.5,0.7,73,0.6777782900524021,ok,0,11,10,0.0
chb05,chb05_01.edf,2704.0,2708.0,0.5,0.7,74,0.759098448641464,ok,0,9,8,0.0
chb05,chb05_01.edf,2704.0,2708.0,0.5,0.7,75,0.7866351774840227,ok,0,12,11,0.0
chb05,chb05_01.edf,2704.0,2708.0,0.5,0.7,76,0.5115746351638792,ok,0,11,10,0.0
chb05,chb05_01.edf,2704.0,2708.0,0.5,0.7,77,1.487661106245009,ok,0,9,8,0.0
chb05,chb05_01.edf,2704.0,2708.0,0.5,0.7,78,0.8684392981888013,ok,0,10,8,0.0
chb05,chb05_01.edf,2704.0,2708.0,0.5,0.7,79,0.6660998123404629,ok,0,8,7,0.0
chb05,chb05_01.edf,2704.0,2708.0,0.5,0.7,80,0.7001723173641382,ok,0,11,9,0.0
chb05,chb05_01.edf,2704.0,2708.0,0.5,0.7,81,1.3455109473415157,ok,0,10,9,0.0
chb05,chb05_01.edf,2704.0,2708.0,1.0,0.0,62,0.7743914046997703,ok,0,11,10,0.0
chb05,chb05_01.edf,2704.0,2708.0,1.0,0.0,63,0.21488489744161204,ok,0,8,7,0.0
chb05,chb05_01.edf,2704.0,2708.0,1.0,0.0,64,0.17192047651837583,ok,0,10,9,0.0
chb05,chb05_01.edf,2704.0,2708.0,1.0,0.0,65,0.48620003231413916,ok,0,12,9,0.0
chb05,chb05_01.edf,2704.0,2708.0,1.0,0.0,66,1.3756822323974554,ok,0,13,11,0.0
chb05,chb05_01.edf,2704.0,2708.0,1.0,0.0,67,1.0067830609804835,ok,0,9,8,0.0
chb05,chb05_01.edf,2704.0,2708.0,1.0,0.0,68,1.5176810316646947,ok,0,13,11,0.0
chb05,chb05_01.edf,2704.0,2708.0,1.0,0.0,69,1.0610836315798138,ok,0,8,5,0.0
chb05,chb05_01.edf,2704.0,2708.0,1.0,0.0,70,0.981919803246944,ok,0,12,11,0.0
chb05,chb05_01.edf,2704.0,2708.0,1.0,0.0,71,1.7937447317653397,ok,0,10,8,0.0
chb05,chb05_01.edf,2704.0,2708.0,1.0,0.0,72,0.18642507739616473,ok,0,6,5,0.0
chb05,chb05_01.edf,2704.0,2708.0,1.0,0.0,73,0.5987516059102022,ok,0,9,8,0.0
chb05,chb05_01.edf,2704.0,2708.0,1.0,0.0,74,0.6443582292066723,ok,0,11,10,0.0
chb05,chb05_01.edf,2704.0,2708.0,1.0,0.0,75,1.65888681246551,ok,0,10,7,0.0
chb05,chb05_01.edf,2704.0,2708.0,1.0,0.0,76,0.22553402254439306,ok,0,12,11,0.0
chb05,chb05_01.edf,2704.0,2708.0,1.0,0.0,77,1.261454559020981,ok,0,10,9,0.0
chb05,chb05_01.edf,2704.0,2708.0,1.0,0.0,78,1.9856992051961986,ok,0,12,11,0.0
chb05,chb05_01.edf,2704.0,2708.0,1.0,0.0,79,0.1609368397508929,ok,0,7,6,0.0
chb05,chb05_01.edf,2704.0,2708.0,1.0,0.0,80,0.8375512923759941,ok,0,11,9,0.0
chb05,chb05_01.edf,2704.0,2708.0,1.0,0.0,81,1.3218647883394035,ok,0,10,8,0.0
chb05,chb05_01.edf,2704.0,2708.0,1.0,0.175,62,0.7743914046997703,ok,0,11,10,0.0
chb05,chb05_01.edf,2704.0,2708.0,1.0,0.175,63,0.21488489744161204,ok,0,8,7,0.0
chb05,chb05_01.edf,2704.0,2708.0,1.0,0.175,64,0.17192047651837583,ok,0,10,9,0.0
chb05,chb05_01.edf,2704.0,2708.0,1.0,0.175,65,0.48620003231413916,ok,0,12,9,0.0
chb05,chb05_01.edf,2704.0,2708.0,1.0,0.175,66,1.3756822323974554,ok,0,13,11,0.0
chb05,chb05_01.edf,2704.0,2708.0,1.0,0.175,67,1.0067830609804835,ok,0,9,8,0.0
chb05,chb05_01.edf,2704.0,2708.0,1.0,0.175,68,1.5176810316646947,ok,0,13,11,0.0
chb05,chb05_01.edf,2704.0,2708.0,1.0,0.175,69,1.0610836315798138,ok,0,8,5,0.0
chb05,chb05_01.edf,2704.0,2708.0,1.0,0.175,70,0.981919803246944,ok,0,12,11,0.0
chb05,chb05_01.edf,2704.0,2708.0,1.0,0.175,71,1.7937447317653397,ok,0,10,8,0.0
chb05,chb05_01.edf,2704.0,2708.0,1.0,0.175,72,0.025983731852596812,ok,0,7,5,0.0
chb05,chb05_01.edf,2704.0,2708.0,1.0,0.175,73,0.5823203888824564,ok,0,8,7,0.0
chb05,chb05_01.edf,2704.0,2708.0,1.0,0.175,74,0.6443582292066723,ok,0,11,10,0.0
chb05,chb05_01.edf,2704.0,2708.0,1.0,0.175,75,1.590513747280279,ok,0,9,7,0.0
chb05,chb05_01.edf,2704.0,2708.0,1.0,0.175,76,0.22553402254439306,ok,0,12,11,0.0
chb05,chb05_01.edf,2704.0,2708.0,1.0,0.175,77,1.261454559020981,ok,0,10,9,0.0
chb05,chb05_01.edf,2704.0,2708.0,1.0,0.175,78,1.9856992051961986,ok,0,12,11,0.0
chb05,chb05_01.edf,2704.0,2708.0,1.0,0.175,79,0.1609368397508929,ok,0,7,6,0.0
chb05,chb05_01.edf,2704.0,2708.0,1.0,0.175,80,0.8375512923759941,ok,0,11,9,0.0
chb05,chb05_01.edf,2704.0,2708.0,1.0,0.175,81,1.3218647883394035,ok,0,10,8,0.0
chb05,chb05_01.edf,2704.0,2708.0,1.0,0.35,62,0.7743914046997703,ok,0,11,10,0.0
chb05,chb05_01.edf,2704.0,2708.0,1.0,0.35,63,0.19649437297296482,ok,0,8,7,0.0
chb05,chb05_01.edf,2704.0,2708.0,1.0,0.35,64,0.17599259780918877,ok,0,10,8,0.0
chb05,chb05_01.edf,2704.0,2708.0,1.0,0.35,65,0.48620003231413916,ok,0,12,9,0.0
chb05,chb05_01.edf,2704.0,2708.0,1.0,0.35,66,1.3756822323974554,ok,0,13,11,0.0
chb05,chb05_01.edf,2704.0,2708.0,1.0,0.35,67,1.0067830609804835,ok,0,9,8,0.0
chb05,chb05_01.edf,2704.0,2708.0,1.0,0.35,68,1.4166560579148733,ok,0,12,10,0.0
chb05,chb05_01.edf,2704.0,2708.0,1.0,0.35,69,1.0610836315798138,ok,0,8,5,0.0
chb05,chb05_01.edf,2704.0,2708.0,1.0,0.35,70,0.981919803246944,ok,0,12,11,0.0
chb05,chb05_01.edf,2704.0,2708.0,1.0,0.35,71,1.5539808857919553,ok,0,11,9,0.0
chb05,chb05_01.edf,2704.0,2708.0,1.0,0.35,72,0.025983731852596812,ok,0,7,5,0.0
chb05,chb05_01.edf,2704.0,2708.0,1.0,0.35,73,0.5823203888824564,ok,0,8,7,0.0
chb05,chb05_01.edf,2704.0,2708.0,1.0,0.35,74,0.6459406006850896,ok,0,11,10,0.0
chb05,chb05_01.edf,2704.0,2708.0,1.0,0.35,75,1.5948385453898242,ok,0,8,6,0.0
chb05,chb05_01.edf,2704.0,2708.0,1.0,0.35,76,0.22553402254439306,ok,0,12,11,0.0
chb05,chb05_01.edf,2704.0,2708.0,1.0,0.35,77,1.261454559020981,ok,0,10,9,0.0
chb05,chb05_01.edf,2704.0,2708.0,1.0,0.35,78,1.9856992051961986,ok,0,12,11,0.0
chb05,chb05_01.edf,2704.0,2708.0,1.0,0.35,79,0.1609368397508929,ok,0,7,6,0.0
chb05,chb05_01.edf,2704.0,2708.0,1.0,0.35,80,0.8375512923759941,ok,0,11,9,0.0
chb05,chb05_01.edf,2704.0,2708.0,1.0,0.35,81,1.3218647883394035,ok,0,10,8,0.0
chb05,chb05_01.edf,2704.0,2708.0,1.0,0.7,62,0.6898396023938755,ok,0,11,9,0.0
chb05,chb05_01.edf,2704.0,2708.0,1.0,0.7,63,0.19649437297296482,ok,0,8,7,0.0
chb05,chb05_01.edf,2704.0,2708.0,1.0,0.7,64,0.18593135984721057,ok,0,10,8,0.0
chb05,chb05_01.edf,2704.0,2708.0,1.0,0.7,65,0.6215008114984083,ok,0,11,8,0.0
chb05,chb05_01.edf,2704.0,2708.0,1.0,0.7,66,1.3756822323974554,ok,0,13,11,0.0
chb05,chb05_01.edf,2704.0,2708.0,1.0,0.7,67,1.0162300239210387,ok,0,9,8,0.0
chb05,chb05_01.edf,2704.0,2708.0,1.0,0.7,68,1.4843538096478193,ok,0,11,9,0.0
chb05,chb05_01.edf,2704.0,2708.0,1.0,0.7,69,0.9496190837343265,ok,0,9,7,0.0
chb05,chb05_01.edf,2704.0,2708.0,1.0,0.7,70,0.981919803246944,ok,0,12,11,0.0
chb05,chb05_01.edf,2704.0,2708.0,1.0,0.7,71,1.652668684095723,ok,0,12,10,0.0
chb05,chb05_01.edf,2704.0,2708.0,1.0,0.7,72,0.025983731852596812,ok,0,7,5,0.0
chb05,chb05_01.edf,2704.0,2708.0,1.0,0.7,73,0.8273601509488003,ok,0,8,7,0.0
chb05,chb05_01.edf,2704.0,2708.0,1.0,0.7,74,0.6459406006850896,ok,0,11,10,0.0
chb05,chb05_01.edf,2704.0,2708.0,1.0,0.7,75,1.5948385453898242,ok,0,8,6,0.0
chb05,chb05_01.edf,2704.0,2708.0,1.0,0.7,76,0.18239078407890078,ok,0,14,13,0.0
chb05,chb05_01.edf,2704.0,2708.0,1.0,0.7,77,1.3119414918501053,ok,0,10,9,0.0
chb05,chb05_01.edf,2704.0,2708.0,1.0,0.7,78,1.9866776844579666,ok,0,12,11,0.0
chb05,chb05_01.edf,2704.0,2708.0,1.0,0.7,79,0.1609368397508929,ok,0,7,6,0.0
chb05,chb05_01.edf,2704.0,2708.0,1.0,0.7,80,0.8495545951338431,ok,0,11,9,0.0
chb05,chb05_01.edf,2704.0,2708.0,1.0,0.7,81,1.225960337955748,ok,0,8,6,0.0
chb05,chb05_02.edf,904.0,908.0,0.25,0.0,62,0.6171842911523988,ok,0,10,9,0.0
chb05,chb05_02.edf,904.0,908.0,0.25,0.0,63,2.043747370146671,ok,0,9,8,0.0
chb05,chb05_02.edf,904.0,908.0,0.25,0.0,64,0.8756532617719204,ok,0,9,8,0.0
chb05,chb05_02.edf,904.0,908.0,0.25,0.0,65,0.9667718123938864,ok,0,11,10,0.0
chb05,chb05_02.edf,904.0,908.0,0.25,0.0,66,0.3631787913269073,ok,0,11,9,0.0
chb05,chb05_02.edf,904.0,908.0,0.25,0.0,67,0.8092054221906116,ok,0,11,9,0.0
chb05,chb05_02.edf,904.0,908.0,0.25,0.0,68,0.9681035064574081,ok,0,9,8,0.0
chb05,chb05_02.edf,904.0,908.0,0.25,0.0,69,1.241548694349417,ok,0,10,8,0.0
chb05,chb05_02.edf,904.0,908.0,0.25,0.0,70,0.2793983295119334,ok,0,9,8,0.0
chb05,chb05_02.edf,904.0,908.0,0.25,0.0,71,1.5904417843670142,ok,0,12,11,0.0
chb05,chb05_02.edf,904.0,908.0,0.25,0.0,72,0.9990557900479503,ok,0,11,9,0.0
chb05,chb05_02.edf,904.0,908.0,0.25,0.0,73,0.4814093715175572,ok,0,8,7,0.0
chb05,chb05_02.edf,904.0,908.0,0.25,0.0,74,0.6162790697674418,ok,0,11,8,0.0
chb05,chb05_02.edf,904.0,908.0,0.25,0.0,75,0.35394981220923855,ok,0,12,11,0.0
chb05,chb05_02.edf,904.0,908.0,0.25,0.0,76,0.3909772130214703,ok,0,12,11,0.0
chb05,chb05_02.edf,904.0,908.0,0.25,0.0,77,0.9447730595988872,ok,0,6,4,0.0
chb05,chb05_02.edf,904.0,908.0,0.25,0.0,78,1.3483863463099397,ok,0,11,10,0.0
chb05,chb05_02.edf,904.0,908.0,0.25,0.0,79,0.1609368397508929,ok,0,7,6,0.0
chb05,chb05_02.edf,904.0,908.0,0.25,0.0,80,0.1797136108456547,ok,0,12,10,0.0
chb05,chb05_02.edf,904.0,908.0,0.25,0.0,81,1.4033891062507988,ok,0,10,7,0.0
chb05,chb05_02.edf,904.0,908.0,0.25,0.175,62,0.7278699226561566,ok,0,11,10,0.0
chb05,chb05_02.edf,904.0,908.0,0.25,0.175,63,2.043747370146671,ok,0,9,8,0.0
chb05,chb05_02.edf,904.0,908.0,0.25,0.175,64,0.8756532617719204,ok,0,9,8,0.0
chb05,chb05_02.edf,904.0,908.0,0.25,0.175,65,0.9667718123938864,ok,0,11,10,0.0
chb05,chb05_02.edf,904.0,908.0,0.25,0.175,66,0.3631787913269073,ok,0,11,9,0.0
chb05,chb05_02.edf,904.0,908.0,0.25,0.175,67,0.793177848124112,ok,0,11,9,0.0
chb05,chb05_02.edf,904.0,908.0,0.25,0.175,68,0.8821717639524773,ok,0,8,7,0.0
chb05,chb05_02.edf,904.0,908.0,0.25,0.175,69,1.3021781104089274,ok,0,9,7,0.0
chb05,chb05_02.edf,904.0,908.0,0.25,0.175,70,0.2793983295119334,ok,0,9,8,0.0
chb05,chb05_02.edf,904.0,908.0,0.25,0.175,71,1.6064083802046423,ok,0,12,11,0.0
chb05,chb05_02.edf,904.0,908.0,0.25,0.175,72,0.9896828532159381,ok,0,11,9,0.0
chb05,chb05_02.edf,904.0,908.0,0.25,0.175,73,0.5222483000558874,ok,0,9,8,0.0
chb05,chb05_02.edf,904.0,908.0,0.25,0.175,74,0.360793174048842,ok,0,12,9,0.0
chb05,chb05_02.edf,904.0,908.0,0.25,0.175,75,0.3191220844546496,ok,0,11,10,0.0
chb05,chb05_02.edf,904.0,908.0,0.25,0.175,76,0.3909772130214703,ok,0,12,11,0.0
chb05,chb05_02.edf,904.0,908.0,0.25,0.175,77,0.9447730595988872,ok,0,6,4,0.0
chb05,chb05_02.edf,904.0,908.0,0.25,0.175,78,1.3401467758176164,ok,0,11,10,0.0
chb05,chb05_02.edf,904.0,908.0,0.25,0.175,79,0.18987544965233058,ok,0,7,6,0.0
chb05,chb05_02.edf,904.0,908.0,0.25,0.175,80,0.16139070270625072,ok,0,11,10,0.0
chb05,chb05_02.edf,904.0,908.0,0.25,0.175,81,1.4033891062507988,ok,0,10,7,0.0
chb05,chb05_02.edf,904.0,908.0,0.25,0.35,62,0.7278699226561566,ok,0,11,10,0.0
chb05,chb05_02.edf,904.0,908.0,0.25,0.35,63,2.0341659854968963,ok,0,9,8,0.0
chb05,chb05_02.edf,904.0,908.0,0.25,0.35,64,0.8753679860267408,ok,0,9,8,0.0
chb05,chb05_02.edf,904.0,908.0,0.25,0.35,65,0.9667718123938864,ok,0,11,10,0.0
chb05,chb05_02.edf,904.0,908.0,0.25,0.35,66,0.3631787913269073,ok,0,11,9,0.0
chb05,chb05_02.edf,904.0,908.0,0.25,0.35,67,0.663918150813501,ok,0,10,9,0.0
chb05,chb05_02.edf,904.0,908.0,0.25,0.35,68,0.9740440327478616,ok,0,9,8,0.0
chb05,chb05_02.edf,904.0,908.0,0.25,0.35,69,1.293808283349204,ok,0,9,7,0.0
chb05,chb05_02.edf,904.0,908.0,0.25,0.35,70,0.2793983295119334,ok,0,9,8,0.0
chb05,chb05_02.edf,904.0,908.0,0.25,0.35,71,1.6064083802046423,ok,0,12,11,0.0
chb05,chb05_02.edf,904.0,908.0,0.25,0.35,72,0.9896828532159381,ok,0,11,9,0.0
chb05,chb05_02.edf,904.0,908.0,0.25,0.35,73,0.5222483000558874,ok,0,9,8,0.0
chb05,chb05_02.edf,904.0,908.0,0.25,0.35,74,0.360793174048842,ok,0,12,9,0.0
chb05,chb05_02.edf,904.0,908.0,0.25,0.35,75,0.2955469122953676,ok,0,11,10,0.0
chb05,chb05_02.edf,904.0,908.0,0.25,0.35,76,0.41685710561811734,ok,0,13,12,0.0
chb05,chb05_02.edf,904.0,908.0,0.25,0.35,77,0.5526000164907082,ok,0,7,5,0.0
chb05,chb05_02.edf,904.0,908.0,0.25,0.35,78,1.3534176617606781,ok,0,10,9,0.0
chb05,chb05_02.edf,904.0,908.0,0.25,0.35,79,0.19232731454051805,ok,0,7,6,0.0
chb05,chb05_02.edf,904.0,908.0,0.25,0.35,80,0.16139070270625072,ok,0,11,10,0.0
chb05,chb05_02.edf,904.0,908.0,0.25,0.35,81,1.4033891062507988,ok,0,10,7,0.0
chb05,chb05_02.edf,904.0,908.0,0.25,0.7,62,0.77448660093419,ok,0,11,10,0.0
chb05,chb05_02.edf,904.0,908.0,0.25,0.7,63,2.0341659854968963,ok,0,9,8,0.0
chb05,chb05_02.edf,904.0,908.0,0.25,0.7,64,0.8313616869993173,ok,0,10,8,0.0
chb05,chb05_02.edf,904.0,908.0,0.25,0.7,65,0.8424468009534521,ok,0,12,11,0.0
chb05,chb05_02.edf,904.0,908.0,0.25,0.7,66,0.5004831156134788,ok,0,11,8,0.0
chb05,chb05_02.edf,904.0,908.0,0.25,0.7,67,0.4414595415891446,ok,0,11,9,0.0
chb05,chb05_02.edf,904.0,908.0,0.25,0.7,68,0.9740440327478616,ok,0,9,8,0.0
chb05,chb05_02.edf,904.0,908.0,0.25,0.7,69,1.1779667165515684,ok,0,9,6,0.0
chb05,chb05_02.edf,904.0,908.0,0.25,0.7,70,0.230586543135161,ok,0,10,9,0.0
chb05,chb05_02.edf,904.0,908.0,0.25,0.7,71,1.558637596719939,ok,0,12,10,0.0
chb05,chb05_02.edf,904.0,908.0,0.25,0.7,72,0.9719529351420101,ok,0,11,9,0.0
chb05,chb05_02.edf,904.0,908.0,0.25,0.7,73,0.5168539211971118,ok,0,7,6,0.0
chb05,chb05_02.edf,904.0,908.0,0.25,0.7,74,0.380292115384024,ok,0,12,9,0.0
chb05,chb05_02.edf,904.0,908.0,0.25,0.7,75,0.27360486198102896,ok,0,11,10,0.0
chb05,chb05_02.edf,904.0,908.0,0.25,0.7,76,0.3141741716658072,ok,0,14,13,0.0
chb05,chb05_02.edf,904.0,908.0,0.25,0.7,77,0.44838390523515426,ok,0,7,6,0.0
chb05,chb05_02.edf,904.0,908.0,0.25,0.7,78,1.1339868524581702,ok,0,9,8,0.0
chb05,chb05_02.edf,904.0,908.0,0.25,0.7,79,0.1568870781527907,ok,0,8,5,0.0
chb05,chb05_02.edf,904.0,908.0,0.25,0.7,80,0.1818738450536208,ok,0,11,10,0.0
chb05,chb05_02.edf,904.0,908.0,0.25,0.7,81,1.3717138845192873,ok,0,11,7,0.0
chb05,chb05_02.edf,904.0,908.0,0.5,0.0,62,0.5712931377579745,ok,0,12,11,0.0
chb05,chb05_02.edf,904.0,908.0,0.5,0.0,63,0.16726057798219393,ok,0,8,7,0.0
chb05,chb05_02.edf,904.0,908.0,0.5,0.0,64,0.19637001542360058,ok,0,9,8,0.0
chb05,chb05_02.edf,904.0,908.0,0.5,0.0,65,0.546024803519956,ok,0,10,8,0.0
chb05,chb05_02.edf,904.0,908.0,0.5,0.0,66,0.3428004452807938,ok,0,11,9,0.0
chb05,chb05_02.edf,904.0,908.0,0.5,0.0,67,0.9454773281444654,ok,0,7,6,0.0
chb05,chb05_02.edf,904.0,908.0,0.5,0.0,68,1.2291207868644798,ok,0,12,11,0.0
chb05,chb05_02.edf,904.0,908.0,0.5,0.0,69,1.1682562182790923,ok,0,9,7,0.0
chb05,chb05_02.edf,904.0,908.0,0.5,0.0,70,0.5111811702061327,ok,0,14,13,0.0
chb05,chb05_02.edf,904.0,908.0,0.5,0.0,71,1.8179982256514546,ok,0,11,9,0.0
chb05,chb05_02.edf,904.0,908.0,0.5,0.0,72,0.18642507739616473,ok,0,6,5,0.0
chb05,chb05_02.edf,904.0,908.0,0.5,0.0,73,0.6286253346157429,ok,0,10,9,0.0
chb05,chb05_02.edf,904.0,908.0,0.5,0.0,74,0.6476197533905482,ok,0,9,7,0.0
chb05,chb05_02.edf,904.0,908.0,0.5,0.0,75,0.9626906857352386,ok,0,12,10,0.0
chb05,chb05_02.edf,904.0,908.0,0.5,0.0,76,0.48840569686484475,ok,0,10,9,0.0
chb05,chb05_02.edf,904.0,908.0,0.5,0.0,77,1.4397992123948258,ok,0,10,9,0.0
chb05,chb05_02.edf,904.0,908.0,0.5,0.0,78,0.8783739115481473,ok,0,10,9,0.0
chb05,chb05_02.edf,904.0,908.0,0.5,0.0,79,0.6660998123404629,ok,0,8,7,0.0
chb05,chb05_02.edf,904.0,908.0,0.5,0.0,80,0.48943288169382493,ok,0,10,8,0.0
chb05,chb05_02.edf,904.0,908.0,0.5,0.0,81,1.3487816138931745,ok,0,10,9,0.0
chb05,chb05_02.edf,904.0,908.0,0.5,0.175,62,0.6559757885363878,ok,0,12,11,0.0
chb05,chb05_02.edf,904.0,908.0,0.5,0.175,63,0.14655956456718455,ok,0,8,7,0.0
chb05,chb05_02.edf,904.0,908.0,0.5,0.175,64,0.19269613344196232,ok,0,9,8,0.0
chb05,chb05_02.edf,904.0,908.0,0.5,0.175,65,0.546024803519956,ok,0,10,8,0.0
chb05,chb05_02.edf,904.0,908.0,0.5,0.175,66,0.3428004452807938,ok,0,11,9,0.0
chb05,chb05_02.edf,904.0,908.0,0.5,0.175,67,0.9454773281444654,ok,0,7,6,0.0
chb05,chb05_02.edf,904.0,908.0,0.5,0.175,68,1.2291207868644798,ok,0,12,11,0.0
chb05,chb05_02.edf,904.0,908.0,0.5,0.175,69,1.2023157860598088,ok,0,8,6,0.0
chb05,chb05_02.edf,904.0,908.0,0.5,0.175,70,0.5111811702061327,ok,0,14,13,0.0
chb05,chb05_02.edf,904.0,908.0,0.5,0.175,71,1.9023929873762566,ok,0,11,10,0.0
chb05,chb05_02.edf,904.0,908.0,0.5,0.175,72,0.18642507739616473,ok,0,6,5,0.0
chb05,chb05_02.edf,904.0,908.0,0.5,0.175,73,0.6777627426693346,ok,0,10,9,0.0
chb05,chb05_02.edf,904.0,908.0,0.5,0.175,74,0.6476197533905482,ok,0,9,7,0.0
chb05,chb05_02.edf,904.0,908.0,0.5,0.175,75,0.9626906857352386,ok,0,12,10,0.0
chb05,chb05_02.edf,904.0,908.0,0.5,0.175,76,0.48840569686484475,ok,0,10,9,0.0
chb05,chb05_02.edf,904.0,908.0,0.5,0.175,77,1.4397992123948258,ok,0,10,9,0.0
chb05,chb05_02.edf,904.0,908.0,0.5,0.175,78,0.840999018086204,ok,0,10,9,0.0
chb05,chb05_02.edf,904.0,908.0,0.5,0.175,79,0.1568870781527907,ok,0,8,5,0.0
chb05,chb05_02.edf,904.0,908.0,0.5,0.175,80,0.48943288169382493,ok,0,10,8,0.0
chb05,chb05_02.edf,904.0,908.0,0.5,0.175,81,1.3487816138931745,ok,0,10,9,0.0
chb05,chb05_02.edf,904.0,908.0,0.5,0.35,62,0.6559757885363878,ok,0,12,11,0.0
chb05,chb05_02.edf,904.0,908.0,0.5,0.35,63,0.1812969869104364,ok,0,9,8,0.0
chb05,chb05_02.edf,904.0,908.0,0.5,0.35,64,0.19269613344196232,ok,0,9,8,0.0
chb05,chb05_02.edf,904.0,908.0,0.5,0.35,65,0.5413226797830731,ok,0,10,7,0.0
chb05,chb05_02.edf,904.0,908.0,0.5,0.35,66,0.3428004452807938,ok,0,11,9,0.0
chb05,chb05_02.edf,904.0,908.0,0.5,0.35,67,0.9220659889498258,ok,0,7,6,0.0
chb05,chb05_02.edf,904.0,908.0,0.5,0.35,68,1.2291207868644798,ok,0,12,11,0.0
chb05,chb05_02.edf,904.0,908.0,0.5,0.35,69,1.2023157860598088,ok,0,8,6,0.0
chb05,chb05_02.edf,904.0,908.0,0.5,0.35,70,0.509154547108042,ok,0,14,13,0.0
chb05,chb05_02.edf,904.0,908.0,0.5,0.35,71,1.9089654379425118,ok,0,12,10,0.0
chb05,chb05_02.edf,904.0,908.0,0.5,0.35,72,0.1692486635019696,ok,0,6,5,0.0
chb05,chb05_02.edf,904.0,908.0,0.5,0.35,73,0.6777627426693346,ok,0,10,9,0.0
chb05,chb05_02.edf,904.0,908.0,0.5,0.35,74,0.6476197533905482,ok,0,9,7,0.0
chb05,chb05_02.edf,904.0,908.0,0.5,0.35,75,0.8296099054107957,ok,0,13,11,0.0
chb05,chb05_02.edf,904.0,908.0,0.5,0.35,76,0.34415839359031664,ok,0,12,11,0.0
chb05,chb05_02.edf,904.0,908.0,0.5,0.35,77,1.4397992123948258,ok,0,10,9,0.0
chb05,chb05_02.edf,904.0,908.0,0.5,0.35,78,1.0177496139837332,ok,0,11,10,0.0
chb05,chb05_02.edf,904.0,908.0,0.5,0.35,79,0.1568870781527907,ok,0,8,5,0.0
chb05,chb05_02.edf,904.0,908.0,0.5,0.35,80,0.48222572467525254,ok,0,10,8,0.0
chb05,chb05_02.edf,904.0,908.0,0.5,0.35,81,1.3487816138931745,ok,0,10,9,0.0
chb05,chb05_02.edf,904.0,908.0,0.5,0.7,62,0.6585952227094918,ok,0,11,10,0.0
chb05,chb05_02.edf,904.0,908.0,0.5,0.7,63,0.19141100042806877,ok,0,8,7,0.0
chb05,chb05_02.edf,904.0,908.0,0.5,0.7,64,0.2175933366948918,ok,0,9,7,0.0
chb05,chb05_02.edf,904.0,908.0,0.5,0.7,65,0.586545731673238,ok,0,10,7,0.0
chb05,chb05_02.edf,904.0,908.0,0.5,0.7,66,0.34121537337478364,ok,0,11,9,0.0
chb05,chb05_02.edf,904.0,908.0,0.5,0.7,67,0.6682484126819563,ok,0,6,5,0.0
chb05,chb05_02.edf,904.0,908.0,0.5,0.7,68,1.149264503219729,ok,0,12,11,0.0
chb05,chb05_02.edf,904.0,908.0,0.5,0.7,69,1.2066794623185608,ok,0,8,6,0.0
chb05,chb05_02.edf,904.0,908.0,0.5,0.7,70,0.509154547108042,ok,0,14,13,0.0
chb05,chb05_02.edf,904.0,908.0,0.5,0.7,71,1.9089654379425118,ok,0,12,10,0.0
chb05,chb05_02.edf,904.0,908.0,0.5,0.7,72,0.1692486635019696,ok,0,6,5,0.0
chb05,chb05_02.edf,904.0,908.0,0.5,0.7,73,0.5948760892687093,ok,0,9,8,0.0
chb05,chb05_02.edf,904.0,908.0,0.5,0.7,74,0.6500731078037879,ok,0,9,7,0.0
chb05,chb05_02.edf,904.0,908.0,0.5,0.7,75,0.7496250504505407,ok,0,12,10,0.0
chb05,chb05_02.edf,904.0,908.0,0.5,0.7,76,0.4415947749953688,ok,0,11,10,0.0
chb05,chb05_02.edf,904.0,908.0,0.5,0.7,77,1.4397992123948258,ok,0,10,9,0.0
chb05,chb05_02.edf,904.0,908.0,0.5,0.7,78,0.9264123252494818,ok,0,10,8,0.0
chb05,chb05_02.edf,904.0,908.0,0.5,0.7,79,0.19232731454051805,ok,0,7,6,0.0
chb05,chb05_02.edf,904.0,908.0,0.5,0.7,80,0.4971050249602578,ok,0,10,8,0.0
chb05,chb05_02.edf,904.0,908.0,0.5,0.7,81,1.3489058911670502,ok,0,10,9,0.0
chb05,chb05_02.edf,904.0,908.0,1.0,0.0,62,0.7743914046997703,ok,0,11,10,0.0
chb05,chb05_02.edf,904.0,908.0,1.0,0.0,63,0.21488489744161204,ok,0,8,7,0.0
chb05,chb05_02.edf,904.0,908.0,1.0,0.0,64,0.17192047651837583,ok,0,10,9,0.0
chb05,chb05_02.edf,904.0,908.0,1.0,0.0,65,0.48620003231413916,ok,0,12,9,0.0
chb05,chb05_02.edf,904.0,908.0,1.0,0.0,66,1.3756822323974554,ok,0,13,11,0.0
chb05,chb05_02.edf,904.0,908.0,1.0,0.0,67,1.0067830609804835,ok,0,9,8,0.0
chb05,chb05_02.edf,904.0,908.0,1.0,0.0,68,1.5176810316646947,ok,0,13,11,0.0
chb05,chb05_02.edf,904.0,908.0,1.0,0.0,69,1.0610836315798138,ok,0,8,5,0.0
chb05,chb05_02.edf,904.0,908.0,1.0,0.0,70,0.981919803246944,ok,0,12,11,0.0
chb05,chb05_02.edf,904.0,908.0,1.0,0.0,71,1.7937447317653397,ok,0,10,8,0.0
chb05,chb05_02.edf,904.0,908.0,1.0,0.0,72,0.18642507739616473,ok,0,6,5,0.0
chb05,chb05_02.edf,904.0,908.0,1.0,0.0,73,0.5987516059102022,ok,0,9,8,0.0
chb05,chb05_02.edf,904.0,908.0,1.0,0.0,74,0.6443582292066723,ok,0,11,10,0.0
chb05,chb05_02.edf,904.0,908.0,1.0,0.0,75,1.65888681246551,ok,0,10,7,0.0
chb05,chb05_02.edf,904.0,908.0,1.0,0.0,76,0.22553402254439306,ok,0,12,11,0.0
chb05,chb05_02.edf,904.0,908.0,1.0,0.0,77,1.261454559020981,ok,0,10,9,0.0
chb05,chb05_02.edf,904.0,908.0,1.0,0.0,78,1.9856992051961986,ok,0,12,11,0.0
chb05,chb05_02.edf,904.0,908.0,1.0,0.0,79,0.1609368397508929,ok,0,7,6,0.0
chb05,chb05_02.edf,904.0,908.0,1.0,0.0,80,0.8375512923759941,ok,0,11,9,0.0
chb05,chb05_02.edf,904.0,908.0,1.0,0.0,81,1.3218647883394035,ok,0,10,8,0.0
chb05,chb05_02.edf,904.0,908.0,1.0,0.175,62,0.7718735348950996,ok,0,11,10,0.0
chb05,chb05_02.edf,904.0,908.0,1.0,0.175,63,0.19886412519724583,ok,0,9,8,0.0
chb05,chb05_02.edf,904.0,908.0,1.0,0.175,64,0.17192047651837583,ok,0,10,9,0.0
chb05,chb05_02.edf,904.0,908.0,1.0,0.175,65,0.48620003231413916,ok,0,12,9,0.0
chb05,chb05_02.edf,904.0,908.0,1.0,0.175,66,1.3756822323974554,ok,0,13,11,0.0
chb05,chb05_02.edf,904.0,908.0,1.0,0.175,67,1.0067830609804835,ok,0,9,8,0.0
chb05,chb05_02.edf,904.0,908.0,1.0,0.175,68,1.4921200874339864,ok,0,13,11,0.0
chb05,chb05_02.edf,904.0,908.0,1.0,0.175,69,1.0610836315798138,ok,0,8,5,0.0
chb05,chb05_02.edf,904.0,908.0,1.0,0.175,70,0.981919803246944,ok,0,12,11,0.0
chb05,chb05_02.edf,904.0,908.0,1.0,0.175,71,1.7937447317653397,ok,0,10,8,0.0
chb05,chb05_02.edf,904.0,908.0,1.0,0.175,72,0.1692486635019696,ok,0,6,5,0.0
chb05,chb05_02.edf,904.0,908.0,1.0,0.175,73,0.5987516059102022,ok,0,9,8,0.0
chb05,chb05_02.edf,904.0,908.0,1.0,0.175,74,0.6459406006850896,ok,0,11,10,0.0
chb05,chb05_02.edf,904.0,908.0,1.0,0.175,75,1.65888681246551,ok,0,10,7,0.0
chb05,chb05_02.edf,904.0,908.0,1.0,0.175,76,0.22553402254439306,ok,0,12,11,0.0
chb05,chb05_02.edf,904.0,908.0,1.0,0.175,77,1.261454559020981,ok,0,10,9,0.0
chb05,chb05_02.edf,904.0,908.0,1.0,0.175,78,1.9856992051961986,ok,0,12,11,0.0
chb05,chb05_02.edf,904.0,908.0,1.0,0.175,79,0.1609368397508929,ok,0,7,6,0.0
chb05,chb05_02.edf,904.0,908.0,1.0,0.175,80,0.9226330389069755,ok,0,10,8,0.0
chb05,chb05_02.edf,904.0,908.0,1.0,0.175,81,1.3218647883394035,ok,0,10,8,0.0
chb05,chb05_02.edf,904.0,908.0,1.0,0.35,62,0.7718735348950996,ok,0,11,10,0.0
chb05,chb05_02.edf,904.0,908.0,1.0,0.35,63,0.14655956456718455,ok,0,8,7,0.0
chb05,chb05_02.edf,904.0,908.0,1.0,0.35,64,0.17192047651837583,ok,0,10,9,0.0
chb05,chb05_02.edf,904.0,908.0,1.0,0.35,65,0.48620003231413916,ok,0,12,9,0.0
chb05,chb05_02.edf,904.0,908.0,1.0,0.35,66,1.3756822323974554,ok,0,13,11,0.0
chb05,chb05_02.edf,904.0,908.0,1.0,0.35,67,1.0276695755361174,ok,0,9,8,0.0
chb05,chb05_02.edf,904.0,908.0,1.0,0.35,68,1.4921200874339864,ok,0,13,11,0.0
chb05,chb05_02.edf,904.0,908.0,1.0,0.35,69,1.0610836315798138,ok,0,8,5,0.0
chb05,chb05_02.edf,904.0,908.0,1.0,0.35,70,0.981919803246944,ok,0,12,11,0.0
chb05,chb05_02.edf,904.0,908.0,1.0,0.35,71,1.8006805731534377,ok,0,11,8,0.0
chb05,chb05_02.edf,904.0,908.0,1.0,0.35,72,0.1692486635019696,ok,0,6,5,0.0
chb05,chb05_02.edf,904.0,908.0,1.0,0.35,73,0.6613964493194492,ok,0,10,9,0.0
chb05,chb05_02.edf,904.0,908.0,1.0,0.35,74,0.6459406006850896,ok,0,11,10,0.0
chb05,chb05_02.edf,904.0,908.0,1.0,0.35,75,1.6701884111809937,ok,0,9,6,0.0
chb05,chb05_02.edf,904.0,908.0,1.0,0.35,76,0.22553402254439306,ok,0,12,11,0.0
chb05,chb05_02.edf,904.0,908.0,1.0,0.35,77,1.261454559020981,ok,0,10,9,0.0
chb05,chb05_02.edf,904.0,908.0,1.0,0.35,78,1.9866776844579666,ok,0,12,11,0.0
chb05,chb05_02.edf,904.0,908.0,1.0,0.35,79,0.1609368397508929,ok,0,7,6,0.0
chb05,chb05_02.edf,904.0,908.0,1.0,0.35,80,0.6974031210541843,ok,0,11,9,0.0
chb05,chb05_02.edf,904.0,908.0,1.0,0.35,81,1.3218647883394035,ok,0,10,8,0.0
chb05,chb05_02.edf,904.0,908.0,1.0,0.7,62,0.7537647790181318,ok,0,11,10,0.0
chb05,chb05_02.edf,904.0,908.0,1.0,0.7,63,0.1550950978611643,ok,0,8,7,0.0
chb05,chb05_02.edf,904.0,908.0,1.0,0.7,64,0.3155060357685719,ok,0,9,8,0.0
chb05,chb05_02.edf,904.0,908.0,1.0,0.7,65,0.48620003231413916,ok,0,12,9,0.0
chb05,chb05_02.edf,904.0,908.0,1.0,0.7,66,1.3756822323974554,ok,0,13,11,0.0
chb05,chb05_02.edf,904.0,908.0,1.0,0.7,67,1.0415284227572525,ok,0,10,9,0.0
chb05,chb05_02.edf,904.0,908.0,1.0,0.7,68,1.4668443768012147,ok,0,12,10,0.0
chb05,chb05_02.edf,904.0,908.0,1.0,0.7,69,1.0610836315798138,ok,0,8,5,0.0
chb05,chb05_02.edf,904.0,908.0,1.0,0.7,70,0.9500376521528104,ok,0,11,10,0.0
chb05,chb05_02.edf,904.0,908.0,1.0,0.7,71,1.8782227661916158,ok,0,11,9,0.0
chb05,chb05_02.edf,904.0,908.0,1.0,0.7,72,0.1692486635019696,ok,0,6,5,0.0
chb05,chb05_02.edf,904.0,908.0,1.0,0.7,73,0.7000853356673656,ok,0,9,8,0.0
chb05,chb05_02.edf,904.0,908.0,1.0,0.7,74,0.6459406006850896,ok,0,11,10,0.0
chb05,chb05_02.edf,904.0,908.0,1.0,0.7,75,1.6701884111809937,ok,0,9,6,0.0
chb05,chb05_02.edf,904.0,908.0,1.0,0.7,76,0.22553402254439306,ok,0,12,11,0.0
chb05,chb05_02.edf,904.0,908.0,1.0,0.7,77,1.2364709602534274,ok,0,10,9,0.0
chb05,chb05_02.edf,904.0,908.0,1.0,0.7,78,1.9866776844579666,ok,0,12,11,0.0
chb05,chb05_02.edf,904.0,908.0,1.0,0.7,79,0.18987544965233058,ok,0,7,6,0.0
chb05,chb05_02.edf,904.0,908.0,1.0,0.7,80,0.6974031210541843,ok,0,11,9,0.0
chb05,chb05_02.edf,904.0,908.0,1.0,0.7,81,1.3424085005302422,ok,0,10,9,0.0
chb05,chb05_02.edf,2700.0,2704.0,0.25,0.0,62,0.6171842911523988,ok,0,10,9,0.0
chb05,chb05_02.edf,2700.0,2704.0,0.25,0.0,63,2.043747370146671,ok,0,9,8,0.0
chb05,chb05_02.edf,2700.0,2704.0,0.25,0.0,64,0.8756532617719204,ok,0,9,8,0.0
chb05,chb05_02.edf,2700.0,2704.0,0.25,0.0,65,0.9667718123938864,ok,0,11,10,0.0
chb05,chb05_02.edf,2700.0,2704.0,0.25,0.0,66,0.3631787913269073,ok,0,11,9,0.0
chb05,chb05_02.edf,2700.0,2704.0,0.25,0.0,67,0.8092054221906116,ok,0,11,9,0.0
chb05,chb05_02.edf,2700.0,2704.0,0.25,0.0,68,0.9681035064574081,ok,0,9,8,0.0
chb05,chb05_02.edf,2700.0,2704.0,0.25,0.0,69,1.241548694349417,ok,0,10,8,0.0
chb05,chb05_02.edf,2700.0,2704.0,0.25,0.0,70,0.2793983295119334,ok,0,9,8,0.0
chb05,chb05_02.edf,2700.0,2704.0,0.25,0.0,71,1.5904417843670142,ok,0,12,11,0.0
chb05,chb05_02.edf,2700.0,2704.0,0.25,0.0,72,0.9990557900479503,ok,0,11,9,0.0
chb05,chb05_02.edf,2700.0,2704.0,0.25,0.0,73,0.4814093715175572,ok,0,8,7,0.0
chb05,chb05_02.edf,2700.0,2704.0,0.25,0.0,74,0.6162790697674418,ok,0,11,8,0.0
chb05,chb05_02.edf,2700.0,2704.0,0.25,0.0,75,0.35394981220923855,ok,0,12,11,0.0
chb05,chb05_02.edf,2700.0,2704.0,0.25,0.0,76,0.3909772130214703,ok,0,12,11,0.0
chb05,chb05_02.edf,2700.0,2704.0,0.25,0.0,77,0.9447730595988872,ok,0,6,4,0.0
chb05,chb05_02.edf,2700.0,2704.0,0.25,0.0,78,1.3483863463099397,ok,0,11,10,0.0
chb05,chb05_02.edf,2700.0,2704.0,0.25,0.0,79,0.1609368397508929,ok,0,7,6,0.0
chb05,chb05_02.edf,2700.0,2704.0,0.25,0.0,80,0.1797136108456547,ok,0,12,10,0.0
chb05,chb05_02.edf,2700.0,2704.0,0.25,0.0,81,1.4033891062507988,ok,0,10,7,0.0
chb05,chb05_02.edf,2700.0,2704.0,0.25,0.175,62,0.9133408579292571,ok,0,11,9,0.0
chb05,chb05_02.edf,2700.0,2704.0,0.25,0.175,63,0.227675812532863,ok,0,9,8,0.0
chb05,chb05_02.edf,2700.0,2704.0,0.25,0.175,64,0.8756532617719204,ok,0,9,8,0.0
chb05,chb05_02.edf,2700.0,2704.0,0.25,0.175,65,1.4639924628274965,ok,0,10,9,0.0
chb05,chb05_02.edf,2700.0,2704.0,0.25,0.175,66,0.36581014159579417,ok,0,11,9,0.0
chb05,chb05_02.edf,2700.0,2704.0,0.25,0.175,67,0.287218112191342,ok,0,9,8,0.0
chb05,chb05_02.edf,2700.0,2704.0,0.25,0.175,68,1.0589153890687757,ok,0,11,10,0.0
chb05,chb05_02.edf,2700.0,2704.0,0.25,0.175,69,1.3021781104089274,ok,0,9,7,0.0
chb05,chb05_02.edf,2700.0,2704.0,0.25,0.175,70,0.2850088804323723,ok,0,8,7,0.0
chb05,chb05_02.edf,2700.0,2704.0,0.25,0.175,71,1.3381525303296327,ok,0,13,11,0.0
chb05,chb05_02.edf,2700.0,2704.0,0.25,0.175,72,0.9997704940731007,ok,0,11,9,0.0
chb05,chb05_02.edf,2700.0,2704.0,0.25,0.175,73,0.4623971126882327,ok,0,9,8,0.0
chb05,chb05_02.edf,2700.0,2704.0,0.25,0.175,74,0.5751673966022739,ok,0,11,8,0.0
chb05,chb05_02.edf,2700.0,2704.0,0.25,0.175,75,0.36209868255118927,ok,0,12,11,0.0
chb05,chb05_02.edf,2700.0,2704.0,0.25,0.175,76,0.19401325411666448,ok,0,8,7,0.0
chb05,chb05_02.edf,2700.0,2704.0,0.25,0.175,77,0.9447730595988872,ok,0,6,4,0.0
chb05,chb05_02.edf,2700.0,2704.0,0.25,0.175,78,1.3407604740280588,ok,0,11,10,0.0
chb05,chb05_02.edf,2700.0,2704.0,0.25,0.175,79,0.1609368397508929,ok,0,7,6,0.0
chb05,chb05_02.edf,2700.0,2704.0,0.25,0.175,80,0.20518208455786766,ok,0,12,10,0.0
chb05,chb05_02.edf,2700.0,2704.0,0.25,0.175,81,1.3220590228671696,ok,0,10,8,0.0
chb05,chb05_02.edf,2700.0,2704.0,0.25,0.35,62,0.4861952159683899,ok,0,8,7,0.0
chb05,chb05_02.edf,2700.0,2704.0,0.25,0.35,63,0.227675812532863,ok,0,9,8,0.0
chb05,chb05_02.edf,2700.0,2704.0,0.25,0.35,64,0.960386606658378,ok,0,8,7,0.0
chb05,chb05_02.edf,2700.0,2704.0,0.25,0.35,65,1.4268397400436685,ok,0,9,8,0.0
chb05,chb05_02.edf,2700.0,2704.0,0.25,0.35,66,0.6132997876487579,ok,0,10,8,0.0
chb05,chb05_02.edf,2700.0,2704.0,0.25,0.35,67,0.2957338725369846,ok,0,10,8,0.0
chb05,chb05_02.edf,2700.0,2704.0,0.25,0.35,68,1.1642150979041177,ok,0,10,9,0.0
chb05,chb05_02.edf,2700.0,2704.0,0.25,0.35,69,1.3020155751428395,ok,0,9,7,0.0
chb05,chb05_02.edf,2700.0,2704.0,0.25,0.35,70,0.259335269635731,ok,0,7,6,0.0
chb05,chb05_02.edf,2700.0,2704.0,0.25,0.35,71,1.3853996149648673,ok,0,14,12,0.0
chb05,chb05_02.edf,2700.0,2704.0,0.25,0.35,72,1.6194290968896359,ok,0,8,7,0.0
chb05,chb05_02.edf,2700.0,2704.0,0.25,0.35,73,0.534917262632751,ok,0,11,9,0.0
chb05,chb05_02.edf,2700.0,2704.0,0.25,0.35,74,0.5389518960337527,ok,0,10,7,0.0
chb05,chb05_02.edf,2700.0,2704.0,0.25,0.35,75,0.46687210556559805,ok,0,12,11,0.0
chb05,chb05_02.edf,2700.0,2704.0,0.25,0.35,76,0.8669800132314991,ok,0,10,8,0.0
chb05,chb05_02.edf,2700.0,2704.0,0.25,0.35,77,0.5312931260293131,ok,0,7,5,0.0
chb05,chb05_02.edf,2700.0,2704.0,0.25,0.35,78,1.7490625130498376,ok,0,10,9,0.0
chb05,chb05_02.edf,2700.0,2704.0,0.25,0.35,79,0.669320371720449,ok,0,8,7,0.0
chb05,chb05_02.edf,2700.0,2704.0,0.25,0.35,80,0.6094083696473703,ok,0,13,10,0.0
chb05,chb05_02.edf,2700.0,2704.0,0.25,0.35,81,1.3220590228671696,ok,0,10,8,0.0
chb05,chb05_02.edf,2700.0,2704.0,0.25,0.7,62,1.4669383051513258,ok,0,8,7,0.0
chb05,chb05_02.edf,2700.0,2704.0,0.25,0.7,63,0.595406819955237,ok,0,9,8,0.0
chb05,chb05_02.edf,2700.0,2704.0,0.25,0.7,64,1.4498547523839662,ok,0,7,6,0.0
chb05,chb05_02.edf,2700.0,2704.0,0.25,0.7,65,1.4282619260782006,ok,0,9,8,0.0
chb05,chb05_02.edf,2700.0,2704.0,0.25,0.7,66,0.6132997876487579,ok,0,10,8,0.0
chb05,chb05_02.edf,2700.0,2704.0,0.25,0.7,67,0.5470611675553416,ok,0,8,7,0.0
chb05,chb05_02.edf,2700.0,2704.0,0.25,0.7,68,1.3351322486267159,ok,0,11,10,0.0
chb05,chb05_02.edf,2700.0,2704.0,0.25,0.7,69,1.294749284060863,ok,0,10,7,0.0
chb05,chb05_02.edf,2700.0,2704.0,0.25,0.7,70,0.259335269635731,ok,0,7,6,0.0
chb05,chb05_02.edf,2700.0,2704.0,0.25,0.7,71,0.9712115145555585,ok,0,14,12,0.0
chb05,chb05_02.edf,2700.0,2704.0,0.25,0.7,72,1.3424800664787724,ok,0,9,8,0.0
chb05,chb05_02.edf,2700.0,2704.0,0.25,0.7,73,0.5615079410578452,ok,0,11,10,0.0
chb05,chb05_02.edf,2700.0,2704.0,0.25,0.7,74,0.4522388162732047,ok,0,8,7,0.0
chb05,chb05_02.edf,2700.0,2704.0,0.25,0.7,75,0.6216283874667908,ok,0,12,10,0.0
chb05,chb05_02.edf,2700.0,2704.0,0.25,0.7,76,0.5469671996773401,ok,0,10,9,0.0
chb05,chb05_02.edf,2700.0,2704.0,0.25,0.7,77,0.5312931260293131,ok,0,7,5,0.0
chb05,chb05_02.edf,2700.0,2704.0,0.25,0.7,78,1.7490625130498376,ok,0,10,9,0.0
chb05,chb05_02.edf,2700.0,2704.0,0.25,0.7,79,0.669320371720449,ok,0,8,7,0.0
chb05,chb05_02.edf,2700.0,2704.0,0.25,0.7,80,0.3231609403883818,ok,0,7,5,0.0
chb05,chb05_02.edf,2700.0,2704.0,0.25,0.7,81,1.1597493771267526,ok,0,8,7,0.0
chb05,chb05_02.edf,2700.0,2704.0,0.5,0.0,62,0.5712931377579745,ok,0,12,11,0.0
chb05,chb05_02.edf,2700.0,2704.0,0.5,0.0,63,0.16726057798219393,ok,0,8,7,0.0
chb05,chb05_02.edf,2700.0,2704.0,0.5,0.0,64,0.19637001542360058,ok,0,9,8,0.0
chb05,chb05_02.edf,2700.0,2704.0,0.5,0.0,65,0.546024803519956,ok,0,10,8,0.0
chb05,chb05_02.edf,2700.0,2704.0,0.5,0.0,66,0.3428004452807938,ok,0,11,9,0.0
chb05,chb05_02.edf,2700.0,2704.0,0.5,0.0,67,0.9454773281444654,ok,0,7,6,0.0
chb05,chb05_02.edf,2700.0,2704.0,0.5,0.0,68,1.2291207868644798,ok,0,12,11,0.0
chb05,chb05_02.edf,2700.0,2704.0,0.5,0.0,69,1.1682562182790923,ok,0,9,7,0.0
chb05,chb05_02.edf,2700.0,2704.0,0.5,0.0,70,0.5111811702061327,ok,0,14,13,0.0
chb05,chb05_02.edf,2700.0,2704.0,0.5,0.0,71,1.8179982256514546,ok,0,11,9,0.0
chb05,chb05_02.edf,2700.0,2704.0,0.5,0.0,72,0.18642507739616473,ok,0,6,5,0.0
chb05,chb05_02.edf,2700.0,2704.0,0.5,0.0,73,0.6286253346157429,ok,0,10,9,0.0
chb05,chb05_02.edf,2700.0,2704.0,0.5,0.0,74,0.6476197533905482,ok,0,9,7,0.0
chb05,chb05_02.edf,2700.0,2704.0,0.5,0.0,75,0.9626906857352386,ok,0,12,10,0.0
chb05,chb05_02.edf,2700.0,2704.0,0.5,0.0,76,0.48840569686484475,ok,0,10,9,0.0
chb05,chb05_02.edf,2700.0,2704.0,0.5,0.0,77,1.4397992123948258,ok,0,10,9,0.0
chb05,chb05_02.edf,2700.0,2704.0,0.5,0.0,78,0.8783739115481473,ok,0,10,9,0.0
chb05,chb05_02.edf,2700.0,2704.0,0.5,0.0,79,0.6660998123404629,ok,0,8,7,0.0
chb05,chb05_02.edf,2700.0,2704.0,0.5,0.0,80,0.48943288169382493,ok,0,10,8,0.0
chb05,chb05_02.edf,2700.0,2704.0,0.5,0.0,81,1.3487816138931745,ok,0,10,9,0.0
chb05,chb05_02.edf,2700.0,2704.0,0.5,0.175,62,0.6482655274814257,ok,0,12,11,0.0
chb05,chb05_02.edf,2700.0,2704.0,0.5,0.175,63,0.16726057798219393,ok,0,8,7,0.0
chb05,chb05_02.edf,2700.0,2704.0,0.5,0.175,64,0.33066737835270793,ok,0,10,9,0.0
chb05,chb05_02.edf,2700.0,2704.0,0.5,0.175,65,0.546024803519956,ok,0,10,8,0.0
chb05,chb05_02.edf,2700.0,2704.0,0.5,0.175,66,0.3455869941264749,ok,0,11,9,0.0
chb05,chb05_02.edf,2700.0,2704.0,0.5,0.175,67,0.9454773281444654,ok,0,7,6,0.0
chb05,chb05_02.edf,2700.0,2704.0,0.5,0.175,68,1.3869827491048006,ok,0,10,9,0.0
chb05,chb05_02.edf,2700.0,2704.0,0.5,0.175,69,1.3020448419914015,ok,0,9,7,0.0
chb05,chb05_02.edf,2700.0,2704.0,0.5,0.175,70,0.509154547108042,ok,0,14,13,0.0
chb05,chb05_02.edf,2700.0,2704.0,0.5,0.175,71,1.5475911032956122,ok,0,12,10,0.0
chb05,chb05_02.edf,2700.0,2704.0,0.5,0.175,72,0.1586900018443984,ok,0,6,5,0.0
chb05,chb05_02.edf,2700.0,2704.0,0.5,0.175,73,0.6055742018279381,ok,0,9,8,0.0
chb05,chb05_02.edf,2700.0,2704.0,0.5,0.175,74,0.6476197533905482,ok,0,9,7,0.0
chb05,chb05_02.edf,2700.0,2704.0,0.5,0.175,75,0.9654666566235744,ok,0,12,10,0.0
chb05,chb05_02.edf,2700.0,2704.0,0.5,0.175,76,0.4917726859794421,ok,0,11,10,0.0
chb05,chb05_02.edf,2700.0,2704.0,0.5,0.175,77,1.4880482375000512,ok,0,9,8,0.0
chb05,chb05_02.edf,2700.0,2704.0,0.5,0.175,78,0.8409859228438307,ok,0,10,9,0.0
chb05,chb05_02.edf,2700.0,2704.0,0.5,0.175,79,0.6660998123404629,ok,0,8,7,0.0
chb05,chb05_02.edf,2700.0,2704.0,0.5,0.175,80,0.6865578344552838,ok,0,10,8,0.0
chb05,chb05_02.edf,2700.0,2704.0,0.5,0.175,81,1.3487816138931745,ok,0,10,9,0.0
chb05,chb05_02.edf,2700.0,2704.0,0.5,0.35,62,0.6349183649676563,ok,0,11,9,0.0
chb05,chb05_02.edf,2700.0,2704.0,0.5,0.35,63,0.5728753992886414,ok,0,10,9,0.0
chb05,chb05_02.edf,2700.0,2704.0,0.5,0.35,64,0.32340609100535583,ok,0,9,8,0.0
chb05,chb05_02.edf,2700.0,2704.0,0.5,0.35,65,0.546024803519956,ok,0,10,8,0.0
chb05,chb05_02.edf,2700.0,2704.0,0.5,0.35,66,0.3455869941264749,ok,0,11,9,0.0
chb05,chb05_02.edf,2700.0,2704.0,0.5,0.35,67,0.8767448856465719,ok,0,7,6,0.0
chb05,chb05_02.edf,2700.0,2704.0,0.5,0.35,68,1.425101118723426,ok,0,10,9,0.0
chb05,chb05_02.edf,2700.0,2704.0,0.5,0.35,69,1.1865336541958327,ok,0,9,6,0.0
chb05,chb05_02.edf,2700.0,2704.0,0.5,0.35,70,0.509154547108042,ok,0,14,13,0.0
chb05,chb05_02.edf,2700.0,2704.0,0.5,0.35,71,1.5693229078278703,ok,0,12,10,0.0
chb05,chb05_02.edf,2700.0,2704.0,0.5,0.35,72,0.15927485905071012,ok,0,6,5,0.0
chb05,chb05_02.edf,2700.0,2704.0,0.5,0.35,73,0.6557661106547307,ok,0,10,9,0.0
chb05,chb05_02.edf,2700.0,2704.0,0.5,0.35,74,0.679518065785539,ok,0,9,8,0.0
chb05,chb05_02.edf,2700.0,2704.0,0.5,0.35,75,0.7675209779263974,ok,0,13,11,0.0
chb05,chb05_02.edf,2700.0,2704.0,0.5,0.35,76,0.49585752748975154,ok,0,11,10,0.0
chb05,chb05_02.edf,2700.0,2704.0,0.5,0.35,77,1.4885965011016011,ok,0,9,8,0.0
chb05,chb05_02.edf,2700.0,2704.0,0.5,0.35,78,0.8409859228438307,ok,0,10,9,0.0
chb05,chb05_02.edf,2700.0,2704.0,0.5,0.35,79,0.669320371720449,ok,0,8,7,0.0
chb05,chb05_02.edf,2700.0,2704.0,0.5,0.35,80,0.7341359625276399,ok,0,9,7,0.0
chb05,chb05_02.edf,2700.0,2704.0,0.5,0.35,81,1.2717281243691743,ok,0,11,10,0.0
chb05,chb05_02.edf,2700.0,2704.0,0.5,0.7,62,0.6193512479799885,ok,0,11,9,0.0
chb05,chb05_02.edf,2700.0,2704.0,0.5,0.7,63,0.5682509276495082,ok,0,9,8,0.0
chb05,chb05_02.edf,2700.0,2704.0,0.5,0.7,64,0.32340609100535583,ok,0,9,8,0.0
chb05,chb05_02.edf,2700.0,2704.0,0.5,0.7,65,0.6220930484472911,ok,0,8,7,0.0
chb05,chb05_02.edf,2700.0,2704.0,0.5,0.7,66,0.5087076880643538,ok,0,10,7,0.0
chb05,chb05_02.edf,2700.0,2704.0,0.5,0.7,67,0.8678634464380545,ok,0,9,8,0.0
chb05,chb05_02.edf,2700.0,2704.0,0.5,0.7,68,1.4912089150286119,ok,0,12,10,0.0
chb05,chb05_02.edf,2700.0,2704.0,0.5,0.7,69,1.1865336541958327,ok,0,9,6,0.0
chb05,chb05_02.edf,2700.0,2704.0,0.5,0.7,70,0.587573095085208,ok,0,11,10,0.0
chb05,chb05_02.edf,2700.0,2704.0,0.5,0.7,71,1.3294856001593505,ok,0,12,10,0.0
chb05,chb05_02.edf,2700.0,2704.0,0.5,0.7,72,0.22848925854368135,ok,0,6,5,0.0
chb05,chb05_02.edf,2700.0,2704.0,0.5,0.7,73,0.6061486305646089,ok,0,11,10,0.0
chb05,chb05_02.edf,2700.0,2704.0,0.5,0.7,74,0.679518065785539,ok,0,9,8,0.0
chb05,chb05_02.edf,2700.0,2704.0,0.5,0.7,75,0.7794769673059965,ok,0,13,11,0.0
chb05,chb05_02.edf,2700.0,2704.0,0.5,0.7,76,0.5122781012208866,ok,0,14,13,0.0
chb05,chb05_02.edf,2700.0,2704.0,0.5,0.7,77,1.3636684375287766,ok,0,8,7,0.0
chb05,chb05_02.edf,2700.0,2704.0,0.5,0.7,78,0.8409859228438307,ok,0,10,9,0.0
chb05,chb05_02.edf,2700.0,2704.0,0.5,0.7,79,0.669320371720449,ok,0,8,7,0.0
chb05,chb05_02.edf,2700.0,2704.0,0.5,0.7,80,0.7606234528595138,ok,0,6,5,0.0
chb05,chb05_02.edf,2700.0,2704.0,0.5,0.7,81,1.3467258117319272,ok,0,11,10,0.0
chb05,chb05_02.edf,2700.0,2704.0,1.0,0.0,62,0.7743914046997703,ok,0,11,10,0.0
chb05,chb05_02.edf,2700.0,2704.0,1.0,0.0,63,0.21488489744161204,ok,0,8,7,0.0
chb05,chb05_02.edf,2700.0,2704.0,1.0,0.0,64,0.17192047651837583,ok,0,10,9,0.0
chb05,chb05_02.edf,2700.0,2704.0,1.0,0.0,65,0.48620003231413916,ok,0,12,9,0.0
chb05,chb05_02.edf,2700.0,2704.0,1.0,0.0,66,1.3756822323974554,ok,0,13,11,0.0
chb05,chb05_02.edf,2700.0,2704.0,1.0,0.0,67,1.0067830609804835,ok,0,9,8,0.0
chb05,chb05_02.edf,2700.0,2704.0,1.0,0.0,68,1.5176810316646947,ok,0,13,11,0.0
chb05,chb05_02.edf,2700.0,2704.0,1.0,0.0,69,1.0610836315798138,ok,0,8,5,0.0
chb05,chb05_02.edf,2700.0,2704.0,1.0,0.0,70,0.981919803246944,ok,0,12,11,0.0
chb05,chb05_02.edf,2700.0,2704.0,1.0,0.0,71,1.7937447317653397,ok,0,10,8,0.0
chb05,chb05_02.edf,2700.0,2704.0,1.0,0.0,72,0.18642507739616473,ok,0,6,5,0.0
chb05,chb05_02.edf,2700.0,2704.0,1.0,0.0,73,0.5987516059102022,ok,0,9,8,0.0
chb05,chb05_02.edf,2700.0,2704.0,1.0,0.0,74,0.6443582292066723,ok,0,11,10,0.0
chb05,chb05_02.edf,2700.0,2704.0,1.0,0.0,75,1.65888681246551,ok,0,10,7,0.0
chb05,chb05_02.edf,2700.0,2704.0,1.0,0.0,76,0.22553402254439306,ok,0,12,11,0.0
chb05,chb05_02.edf,2700.0,2704.0,1.0,0.0,77,1.261454559020981,ok,0,10,9,0.0
chb05,chb05_02.edf,2700.0,2704.0,1.0,0.0,78,1.9856992051961986,ok,0,12,11,0.0
chb05,chb05_02.edf,2700.0,2704.0,1.0,0.0,79,0.1609368397508929,ok,0,7,6,0.0
chb05,chb05_02.edf,2700.0,2704.0,1.0,0.0,80,0.8375512923759941,ok,0,11,9,0.0
chb05,chb05_02.edf,2700.0,2704.0,1.0,0.0,81,1.3218647883394035,ok,0,10,8,0.0
chb05,chb05_02.edf,2700.0,2704.0,1.0,0.175,62,0.7824148720164142,ok,0,11,10,0.0
chb05,chb05_02.edf,2700.0,2704.0,1.0,0.175,63,0.2173990092096237,ok,0,9,8,0.0
chb05,chb05_02.edf,2700.0,2704.0,1.0,0.175,64,0.17192047651837583,ok,0,10,9,0.0
chb05,chb05_02.edf,2700.0,2704.0,1.0,0.175,65,0.49292157435773215,ok,0,12,10,0.0
chb05,chb05_02.edf,2700.0,2704.0,1.0,0.175,66,1.4451262207602147,ok,0,12,10,0.0
chb05,chb05_02.edf,2700.0,2704.0,1.0,0.175,67,1.0067830609804835,ok,0,9,8,0.0
chb05,chb05_02.edf,2700.0,2704.0,1.0,0.175,68,1.5176810316646947,ok,0,13,11,0.0
chb05,chb05_02.edf,2700.0,2704.0,1.0,0.175,69,1.0610836315798138,ok,0,8,5,0.0
chb05,chb05_02.edf,2700.0,2704.0,1.0,0.175,70,0.981919803246944,ok,0,12,11,0.0
chb05,chb05_02.edf,2700.0,2704.0,1.0,0.175,71,1.7937447317653397,ok,0,10,8,0.0
chb05,chb05_02.edf,2700.0,2704.0,1.0,0.175,72,0.18642507739616473,ok,0,6,5,0.0
chb05,chb05_02.edf,2700.0,2704.0,1.0,0.175,73,0.5987516059102022,ok,0,9,8,0.0
chb05,chb05_02.edf,2700.0,2704.0,1.0,0.175,74,0.6443582292066723,ok,0,11,10,0.0
chb05,chb05_02.edf,2700.0,2704.0,1.0,0.175,75,1.6701884111809937,ok,0,9,6,0.0
chb05,chb05_02.edf,2700.0,2704.0,1.0,0.175,76,0.21554187051388352,ok,0,13,12,0.0
chb05,chb05_02.edf,2700.0,2704.0,1.0,0.175,77,1.261454559020981,ok,0,10,9,0.0
chb05,chb05_02.edf,2700.0,2704.0,1.0,0.175,78,1.9856992051961986,ok,0,12,11,0.0
chb05,chb05_02.edf,2700.0,2704.0,1.0,0.175,79,0.1609368397508929,ok,0,7,6,0.0
chb05,chb05_02.edf,2700.0,2704.0,1.0,0.175,80,0.847592558041268,ok,0,12,10,0.0
chb05,chb05_02.edf,2700.0,2704.0,1.0,0.175,81,1.3218647883394035,ok,0,10,8,0.0
chb05,chb05_02.edf,2700.0,2704.0,1.0,0.35,62,0.7695627295392693,ok,0,11,9,0.0
chb05,chb05_02.edf,2700.0,2704.0,1.0,0.35,63,0.2156184166272027,ok,0,9,8,0.0
chb05,chb05_02.edf,2700.0,2704.0,1.0,0.35,64,0.17192047651837583,ok,0,10,9,0.0
chb05,chb05_02.edf,2700.0,2704.0,1.0,0.35,65,0.49292157435773215,ok,0,12,10,0.0
chb05,chb05_02.edf,2700.0,2704.0,1.0,0.35,66,1.5877419055789626,ok,0,12,10,0.0
chb05,chb05_02.edf,2700.0,2704.0,1.0,0.35,67,1.0346292392189875,ok,0,10,9,0.0
chb05,chb05_02.edf,2700.0,2704.0,1.0,0.35,68,1.5176810316646947,ok,0,13,11,0.0
chb05,chb05_02.edf,2700.0,2704.0,1.0,0.35,69,1.0610836315798138,ok,0,8,5,0.0
chb05,chb05_02.edf,2700.0,2704.0,1.0,0.35,70,1.3488883512670917,ok,0,11,10,0.0
chb05,chb05_02.edf,2700.0,2704.0,1.0,0.35,71,1.5539808857919553,ok,0,11,9,0.0
chb05,chb05_02.edf,2700.0,2704.0,1.0,0.35,72,0.22848925854368135,ok,0,6,5,0.0
chb05,chb05_02.edf,2700.0,2704.0,1.0,0.35,73,0.5987516059102022,ok,0,9,8,0.0
chb05,chb05_02.edf,2700.0,2704.0,1.0,0.35,74,0.6265503624779104,ok,0,10,9,0.0
chb05,chb05_02.edf,2700.0,2704.0,1.0,0.35,75,0.6711152423179422,ok,0,9,6,0.0
chb05,chb05_02.edf,2700.0,2704.0,1.0,0.35,76,0.21554187051388352,ok,0,13,12,0.0
chb05,chb05_02.edf,2700.0,2704.0,1.0,0.35,77,1.3364950984985853,ok,0,11,10,0.0
chb05,chb05_02.edf,2700.0,2704.0,1.0,0.35,78,1.9856992051961986,ok,0,12,11,0.0
chb05,chb05_02.edf,2700.0,2704.0,1.0,0.35,79,0.1609368397508929,ok,0,7,6,0.0
chb05,chb05_02.edf,2700.0,2704.0,1.0,0.35,80,0.847592558041268,ok,0,12,10,0.0
chb05,chb05_02.edf,2700.0,2704.0,1.0,0.35,81,1.3218647883394035,ok,0,10,8,0.0
chb05,chb05_02.edf,2700.0,2704.0,1.0,0.7,62,1.0548528452939838,ok,0,8,6,0.0
chb05,chb05_02.edf,2700.0,2704.0,1.0,0.7,63,0.2156184166272027,ok,0,9,8,0.0
chb05,chb05_02.edf,2700.0,2704.0,1.0,0.7,64,0.19787703507497612,ok,0,10,9,0.0
chb05,chb05_02.edf,2700.0,2704.0,1.0,0.7,65,0.4495805831064902,ok,0,11,10,0.0
chb05,chb05_02.edf,2700.0,2704.0,1.0,0.7,66,1.5877419055789626,ok,0,12,10,0.0
chb05,chb05_02.edf,2700.0,2704.0,1.0,0.7,67,1.0358630470391852,ok,0,11,10,0.0
chb05,chb05_02.edf,2700.0,2704.0,1.0,0.7,68,1.5983205841064927,ok,0,12,10,0.0
chb05,chb05_02.edf,2700.0,2704.0,1.0,0.7,69,1.1865336541958327,ok,0,9,6,0.0
chb05,chb05_02.edf,2700.0,2704.0,1.0,0.7,70,1.3380333551068386,ok,0,10,8,0.0
chb05,chb05_02.edf,2700.0,2704.0,1.0,0.7,71,1.4994370533787482,ok,0,12,8,0.0
chb05,chb05_02.edf,2700.0,2704.0,1.0,0.7,72,0.22848925854368135,ok,0,6,5,0.0
chb05,chb05_02.edf,2700.0,2704.0,1.0,0.7,73,0.7651757869129948,ok,0,9,8,0.0
chb05,chb05_02.edf,2700.0,2704.0,1.0,0.7,74,0.6265503624779104,ok,0,10,9,0.0
chb05,chb05_02.edf,2700.0,2704.0,1.0,0.7,75,0.6334219673815713,ok,0,10,7,0.0
chb05,chb05_02.edf,2700.0,2704.0,1.0,0.7,76,0.29733757087656426,ok,0,11,10,0.0
chb05,chb05_02.edf,2700.0,2704.0,1.0,0.7,77,1.3364950984985853,ok,0,11,10,0.0
chb05,chb05_02.edf,2700.0,2704.0,1.0,0.7,78,1.8172274572685043,ok,0,10,9,0.0
chb05,chb05_02.edf,2700.0,2704.0,1.0,0.7,79,0.19984428196364598,ok,0,7,5,0.0
chb05,chb05_02.edf,2700.0,2704.0,1.0,0.7,80,0.9265219384136683,ok,0,12,9,0.0
chb05,chb05_02.edf,2700.0,2704.0,1.0,0.7,81,1.358734595506705,ok,0,9,7,0.0
chb05,chb05_03.edf,904.0,908.0,0.25,0.0,62,0.6171842911523988,ok,0,10,9,0.0
chb05,chb05_03.edf,904.0,908.0,0.25,0.0,63,2.043747370146671,ok,0,9,8,0.0
chb05,chb05_03.edf,904.0,908.0,0.25,0.0,64,0.8756532617719204,ok,0,9,8,0.0
chb05,chb05_03.edf,904.0,908.0,0.25,0.0,65,0.9667718123938864,ok,0,11,10,0.0
chb05,chb05_03.edf,904.0,908.0,0.25,0.0,66,0.3631787913269073,ok,0,11,9,0.0
chb05,chb05_03.edf,904.0,908.0,0.25,0.0,67,0.8092054221906116,ok,0,11,9,0.0
chb05,chb05_03.edf,904.0,908.0,0.25,0.0,68,0.9681035064574081,ok,0,9,8,0.0
chb05,chb05_03.edf,904.0,908.0,0.25,0.0,69,1.241548694349417,ok,0,10,8,0.0
chb05,chb05_03.edf,904.0,908.0,0.25,0.0,70,0.2793983295119334,ok,0,9,8,0.0
chb05,chb05_03.edf,904.0,908.0,0.25,0.0,71,1.5904417843670142,ok,0,12,11,0.0
chb05,chb05_03.edf,904.0,908.0,0.25,0.0,72,0.9990557900479503,ok,0,11,9,0.0
chb05,chb05_03.edf,904.0,908.0,0.25,0.0,73,0.4814093715175572,ok,0,8,7,0.0
chb05,chb05_03.edf,904.0,908.0,0.25,0.0,74,0.6162790697674418,ok,0,11,8,0.0
chb05,chb05_03.edf,904.0,908.0,0.25,0.0,75,0.35394981220923855,ok,0,12,11,0.0
chb05,chb05_03.edf,904.0,908.0,0.25,0.0,76,0.3909772130214703,ok,0,12,11,0.0
chb05,chb05_03.edf,904.0,908.0,0.25,0.0,77,0.9447730595988872,ok,0,6,4,0.0
chb05,chb05_03.edf,904.0,908.0,0.25,0.0,78,1.3483863463099397,ok,0,11,10,0.0
chb05,chb05_03.edf,904.0,908.0,0.25,0.0,79,0.1609368397508929,ok,0,7,6,0.0
chb05,chb05_03.edf,904.0,908.0,0.25,0.0,80,0.1797136108456547,ok,0,12,10,0.0
chb05,chb05_03.edf,904.0,908.0,0.25,0.0,81,1.4033891062507988,ok,0,10,7,0.0
chb05,chb05_03.edf,904.0,908.0,0.25,0.175,62,0.806006112234708,ok,0,9,8,0.0
chb05,chb05_03.edf,904.0,908.0,0.25,0.175,63,2.0341077992701977,ok,0,9,8,0.0
chb05,chb05_03.edf,904.0,908.0,0.25,0.175,64,0.8374454816418183,ok,0,9,8,0.0
chb05,chb05_03.edf,904.0,908.0,0.25,0.175,65,0.844595874063396,ok,0,12,11,0.0
chb05,chb05_03.edf,904.0,908.0,0.25,0.175,66,0.3428004452807938,ok,0,11,9,0.0
chb05,chb05_03.edf,904.0,908.0,0.25,0.175,67,0.818340372717771,ok,0,11,9,0.0
chb05,chb05_03.edf,904.0,908.0,0.25,0.175,68,0.895157178062396,ok,0,8,7,0.0
chb05,chb05_03.edf,904.0,908.0,0.25,0.175,69,1.062607072954729,ok,0,9,6,0.0
chb05,chb05_03.edf,904.0,908.0,0.25,0.175,70,0.2793983295119334,ok,0,9,8,0.0
chb05,chb05_03.edf,904.0,908.0,0.25,0.175,71,1.3880944615992352,ok,0,13,12,0.0
chb05,chb05_03.edf,904.0,908.0,0.25,0.175,72,1.0189295409461563,ok,0,10,8,0.0
chb05,chb05_03.edf,904.0,908.0,0.25,0.175,73,0.4918902501448239,ok,0,8,7,0.0
chb05,chb05_03.edf,904.0,908.0,0.25,0.175,74,0.6162790697674418,ok,0,11,8,0.0
chb05,chb05_03.edf,904.0,908.0,0.25,0.175,75,0.34692353400653997,ok,0,12,11,0.0
chb05,chb05_03.edf,904.0,908.0,0.25,0.175,76,0.3909772130214703,ok,0,12,11,0.0
chb05,chb05_03.edf,904.0,908.0,0.25,0.175,77,0.9447730595988872,ok,0,6,4,0.0
chb05,chb05_03.edf,904.0,908.0,0.25,0.175,78,1.3618046618580464,ok,0,10,9,0.0
chb05,chb05_03.edf,904.0,908.0,0.25,0.175,79,0.1609368397508929,ok,0,7,6,0.0
chb05,chb05_03.edf,904.0,908.0,0.25,0.175,80,0.18508067986596996,ok,0,11,9,0.0
chb05,chb05_03.edf,904.0,908.0,0.25,0.175,81,1.4033891062507988,ok,0,10,7,0.0
chb05,chb05_03.edf,904.0,908.0,0.25,0.35,62,0.7882313112373897,ok,0,8,7,0.0
chb05,chb05_03.edf,904.0,908.0,0.25,0.35,63,2.0342364192287428,ok,0,9,8,0.0
chb05,chb05_03.edf,904.0,908.0,0.25,0.35,64,0.8840465950183868,ok,0,9,8,0.0
chb05,chb05_03.edf,904.0,908.0,0.25,0.35,65,0.844595874063396,ok,0,12,11,0.0
chb05,chb05_03.edf,904.0,908.0,0.25,0.35,66,0.3428004452807938,ok,0,11,9,0.0
chb05,chb05_03.edf,904.0,908.0,0.25,0.35,67,0.818340372717771,ok,0,11,9,0.0
chb05,chb05_03.edf,904.0,908.0,0.25,0.35,68,0.9588326105221279,ok,0,9,8,0.0
chb05,chb05_03.edf,904.0,908.0,0.25,0.35,69,1.2636983788630785,ok,0,10,7,0.0
chb05,chb05_03.edf,904.0,908.0,0.25,0.35,70,0.2793983295119334,ok,0,9,8,0.0
chb05,chb05_03.edf,904.0,908.0,0.25,0.35,71,1.3876786571804698,ok,0,13,12,0.0
chb05,chb05_03.edf,904.0,908.0,0.25,0.35,72,1.017120886423085,ok,0,9,8,0.0
chb05,chb05_03.edf,904.0,908.0,0.25,0.35,73,0.5123365654979647,ok,0,8,6,0.0
chb05,chb05_03.edf,904.0,908.0,0.25,0.35,74,0.541556604202696,ok,0,11,8,0.0
chb05,chb05_03.edf,904.0,908.0,0.25,0.35,75,0.34692353400653997,ok,0,12,11,0.0
chb05,chb05_03.edf,904.0,908.0,0.25,0.35,76,0.37706220236545873,ok,0,12,11,0.0
chb05,chb05_03.edf,904.0,908.0,0.25,0.35,77,0.8082721727422603,ok,0,5,3,0.0
chb05,chb05_03.edf,904.0,908.0,0.25,0.35,78,1.2921016811326587,ok,0,11,10,0.0
chb05,chb05_03.edf,904.0,908.0,0.25,0.35,79,1.6645984136381196,ok,0,8,7,0.0
chb05,chb05_03.edf,904.0,908.0,0.25,0.35,80,0.16139070270625072,ok,0,11,10,0.0
chb05,chb05_03.edf,904.0,908.0,0.25,0.35,81,1.4091010590296875,ok,0,11,8,0.0
chb05,chb05_03.edf,904.0,908.0,0.25,0.7,62,0.7999428965740487,ok,0,8,7,0.0
chb05,chb05_03.edf,904.0,908.0,0.25,0.7,63,1.9959196245659026,ok,0,10,9,0.0
chb05,chb05_03.edf,904.0,908.0,0.25,0.7,64,0.8765695026555262,ok,0,9,8,0.0
chb05,chb05_03.edf,904.0,908.0,0.25,0.7,65,0.7950126389299144,ok,0,12,11,0.0
chb05,chb05_03.edf,904.0,908.0,0.25,0.7,66,0.3455869941264749,ok,0,11,9,0.0
chb05,chb05_03.edf,904.0,908.0,0.25,0.7,67,0.47574603115716907,ok,0,12,10,0.0
chb05,chb05_03.edf,904.0,908.0,0.25,0.7,68,1.1079481003533465,ok,0,9,8,0.0
chb05,chb05_03.edf,904.0,908.0,0.25,0.7,69,1.1789607797421027,ok,0,9,6,0.0
chb05,chb05_03.edf,904.0,908.0,0.25,0.7,70,0.5267425197471469,ok,0,11,9,0.0
chb05,chb05_03.edf,904.0,908.0,0.25,0.7,71,1.0676982211903083,ok,0,13,12,0.0
chb05,chb05_03.edf,904.0,908.0,0.25,0.7,72,0.09707535633846621,ok,0,7,4,0.0
chb05,chb05_03.edf,904.0,908.0,0.25,0.7,73,0.5123365654979647,ok,0,8,6,0.0
chb05,chb05_03.edf,904.0,908.0,0.25,0.7,74,0.5662495277552934,ok,0,11,9,0.0
chb05,chb05_03.edf,904.0,908.0,0.25,0.7,75,0.5436165842160773,ok,0,12,11,0.0
chb05,chb05_03.edf,904.0,908.0,0.25,0.7,76,0.4238382527877515,ok,0,12,11,0.0
chb05,chb05_03.edf,904.0,908.0,0.25,0.7,77,0.8082721727422603,ok,0,5,3,0.0
chb05,chb05_03.edf,904.0,908.0,0.25,0.7,78,1.1390615615584812,ok,0,9,8,0.0
chb05,chb05_03.edf,904.0,908.0,0.25,0.7,79,1.6652931150403063,ok,0,8,7,0.0
chb05,chb05_03.edf,904.0,908.0,0.25,0.7,80,0.09743871156398681,ok,0,12,11,0.0
chb05,chb05_03.edf,904.0,908.0,0.25,0.7,81,1.3556957639303253,ok,0,12,9,0.0
chb05,chb05_03.edf,904.0,908.0,0.5,0.0,62,0.5712931377579745,ok,0,12,11,0.0
chb05,chb05_03.edf,904.0,908.0,0.5,0.0,63,0.16726057798219393,ok,0,8,7,0.0
chb05,chb05_03.edf,904.0,908.0,0.5,0.0,64,0.19637001542360058,ok,0,9,8,0.0
chb05,chb05_03.edf,904.0,908.0,0.5,0.0,65,0.546024803519956,ok,0,10,8,0.0
chb05,chb05_03.edf,904.0,908.0,0.5,0.0,66,0.3428004452807938,ok,0,11,9,0.0
chb05,chb05_03.edf,904.0,908.0,0.5,0.0,67,0.9454773281444654,ok,0,7,6,0.0
chb05,chb05_03.edf,904.0,908.0,0.5,0.0,68,1.2291207868644798,ok,0,12,11,0.0
chb05,chb05_03.edf,904.0,908.0,0.5,0.0,69,1.1682562182790923,ok,0,9,7,0.0
chb05,chb05_03.edf,904.0,908.0,0.5,0.0,70,0.5111811702061327,ok,0,14,13,0.0
chb05,chb05_03.edf,904.0,908.0,0.5,0.0,71,1.8179982256514546,ok,0,11,9,0.0
chb05,chb05_03.edf,904.0,908.0,0.5,0.0,72,0.18642507739616473,ok,0,6,5,0.0
chb05,chb05_03.edf,904.0,908.0,0.5,0.0,73,0.6286253346157429,ok,0,10,9,0.0
chb05,chb05_03.edf,904.0,908.0,0.5,0.0,74,0.6476197533905482,ok,0,9,7,0.0
chb05,chb05_03.edf,904.0,908.0,0.5,0.0,75,0.9626906857352386,ok,0,12,10,0.0
chb05,chb05_03.edf,904.0,908.0,0.5,0.0,76,0.48840569686484475,ok,0,10,9,0.0
chb05,chb05_03.edf,904.0,908.0,0.5,0.0,77,1.4397992123948258,ok,0,10,9,0.0
chb05,chb05_03.edf,904.0,908.0,0.5,0.0,78,0.8783739115481473,ok,0,10,9,0.0
chb05,chb05_03.edf,904.0,908.0,0.5,0.0,79,0.6660998123404629,ok,0,8,7,0.0
chb05,chb05_03.edf,904.0,908.0,0.5,0.0,80,0.48943288169382493,ok,0,10,8,0.0
chb05,chb05_03.edf,904.0,908.0,0.5,0.0,81,1.3487816138931745,ok,0,10,9,0.0
chb05,chb05_03.edf,904.0,908.0,0.5,0.175,62,0.5712931377579745,ok,0,12,11,0.0
chb05,chb05_03.edf,904.0,908.0,0.5,0.175,63,0.18960006561314807,ok,0,8,7,0.0
chb05,chb05_03.edf,904.0,908.0,0.5,0.175,64,0.19637001542360058,ok,0,9,8,0.0
chb05,chb05_03.edf,904.0,908.0,0.5,0.175,65,0.5518250131061467,ok,0,10,8,0.0
chb05,chb05_03.edf,904.0,908.0,0.5,0.175,66,0.3428004452807938,ok,0,11,9,0.0
chb05,chb05_03.edf,904.0,908.0,0.5,0.175,67,0.8377672197615914,ok,0,6,5,0.0
chb05,chb05_03.edf,904.0,908.0,0.5,0.175,68,1.2291207868644798,ok,0,12,11,0.0
chb05,chb05_03.edf,904.0,908.0,0.5,0.175,69,1.1682562182790923,ok,0,9,7,0.0
chb05,chb05_03.edf,904.0,908.0,0.5,0.175,70,0.509154547108042,ok,0,14,13,0.0
chb05,chb05_03.edf,904.0,908.0,0.5,0.175,71,1.8179982256514546,ok,0,11,9,0.0
chb05,chb05_03.edf,904.0,908.0,0.5,0.175,72,0.1586900018443984,ok,0,6,5,0.0
chb05,chb05_03.edf,904.0,908.0,0.5,0.175,73,0.6562848932899151,ok,0,11,10,0.0
chb05,chb05_03.edf,904.0,908.0,0.5,0.175,74,0.6476197533905482,ok,0,9,7,0.0
chb05,chb05_03.edf,904.0,908.0,0.5,0.175,75,0.9626906857352386,ok,0,12,10,0.0
chb05,chb05_03.edf,904.0,908.0,0.5,0.175,76,0.4415947749953688,ok,0,11,10,0.0
chb05,chb05_03.edf,904.0,908.0,0.5,0.175,77,1.4397992123948258,ok,0,10,9,0.0
chb05,chb05_03.edf,904.0,908.0,0.5,0.175,78,0.8764622074007292,ok,0,10,9,0.0
chb05,chb05_03.edf,904.0,908.0,0.5,0.175,79,0.6660998123404629,ok,0,8,7,0.0
chb05,chb05_03.edf,904.0,908.0,0.5,0.175,80,0.48943288169382493,ok,0,10,8,0.0
chb05,chb05_03.edf,904.0,908.0,0.5,0.175,81,1.3487816138931745,ok,0,10,9,0.0
chb05,chb05_03.edf,904.0,908.0,0.5,0.35,62,0.6559757885363878,ok,0,12,11,0.0
chb05,chb05_03.edf,904.0,908.0,0.5,0.35,63,0.16249560886504982,ok,0,8,7,0.0
chb05,chb05_03.edf,904.0,908.0,0.5,0.35,64,0.19637001542360058,ok,0,9,8,0.0
chb05,chb05_03.edf,904.0,908.0,0.5,0.35,65,0.5518250131061467,ok,0,10,8,0.0
chb05,chb05_03.edf,904.0,908.0,0.5,0.35,66,0.3428004452807938,ok,0,11,9,0.0
chb05,chb05_03.edf,904.0,908.0,0.5,0.35,67,0.8841785669893321,ok,0,7,6,0.0
chb05,chb05_03.edf,904.0,908.0,0.5,0.35,68,1.2291207868644798,ok,0,12,11,0.0
chb05,chb05_03.edf,904.0,908.0,0.5,0.35,69,1.2023157860598088,ok,0,8,6,0.0
chb05,chb05_03.edf,904.0,908.0,0.5,0.35,70,0.509154547108042,ok,0,14,13,0.0
chb05,chb05_03.edf,904.0,908.0,0.5,0.35,71,1.5957623648460275,ok,0,12,11,0.0
chb05,chb05_03.edf,904.0,908.0,0.5,0.35,72,0.15927485905071012,ok,0,6,5,0.0
chb05,chb05_03.edf,904.0,908.0,0.5,0.35,73,0.6714488261508155,ok,0,11,10,0.0
chb05,chb05_03.edf,904.0,908.0,0.5,0.35,74,0.6476197533905482,ok,0,9,7,0.0
chb05,chb05_03.edf,904.0,908.0,0.5,0.35,75,0.9304566943784026,ok,0,11,10,0.0
chb05,chb05_03.edf,904.0,908.0,0.5,0.35,76,0.1802524347491867,ok,0,11,10,0.0
chb05,chb05_03.edf,904.0,908.0,0.5,0.35,77,0.14113296980235743,ok,0,9,8,0.0
chb05,chb05_03.edf,904.0,908.0,0.5,0.35,78,0.9165569009004839,ok,0,11,10,0.0
chb05,chb05_03.edf,904.0,908.0,0.5,0.35,79,0.1609368397508929,ok,0,7,6,0.0
chb05,chb05_03.edf,904.0,908.0,0.5,0.35,80,0.49760877419033267,ok,0,10,9,0.0
chb05,chb05_03.edf,904.0,908.0,0.5,0.35,81,1.3951320693161031,ok,0,9,8,0.0
chb05,chb05_03.edf,904.0,908.0,0.5,0.7,62,0.6559757885363878,ok,0,12,11,0.0
chb05,chb05_03.edf,904.0,908.0,0.5,0.7,63,2.098072821115081,ok,0,10,9,0.0
chb05,chb05_03.edf,904.0,908.0,0.5,0.7,64,0.20373838543206732,ok,0,8,7,0.0
chb05,chb05_03.edf,904.0,908.0,0.5,0.7,65,0.8513644731127527,ok,0,9,7,0.0
chb05,chb05_03.edf,904.0,908.0,0.5,0.7,66,0.3464378370998594,ok,0,10,8,0.0
chb05,chb05_03.edf,904.0,908.0,0.5,0.7,67,0.8841785669893321,ok,0,7,6,0.0
chb05,chb05_03.edf,904.0,908.0,0.5,0.7,68,1.2142397368350073,ok,0,12,11,0.0
chb05,chb05_03.edf,904.0,908.0,0.5,0.7,69,1.2946678410950243,ok,0,9,7,0.0
chb05,chb05_03.edf,904.0,908.0,0.5,0.7,70,0.5062509477338263,ok,0,14,13,0.0
chb05,chb05_03.edf,904.0,908.0,0.5,0.7,71,1.5957623648460275,ok,0,12,11,0.0
chb05,chb05_03.edf,904.0,908.0,0.5,0.7,72,0.10153293548130315,ok,0,7,5,0.0
chb05,chb05_03.edf,904.0,908.0,0.5,0.7,73,0.5437499507276519,ok,0,12,11,0.0
chb05,chb05_03.edf,904.0,908.0,0.5,0.7,74,0.47335776781233674,ok,0,11,8,0.0
chb05,chb05_03.edf,904.0,908.0,0.5,0.7,75,0.7574724763313339,ok,0,12,11,0.0
chb05,chb05_03.edf,904.0,908.0,0.5,0.7,76,0.28765575670690646,ok,0,9,8,0.0
chb05,chb05_03.edf,904.0,908.0,0.5,0.7,77,0.1403159073603611,ok,0,10,8,0.0
chb05,chb05_03.edf,904.0,908.0,0.5,0.7,78,0.8547220588901802,ok,0,9,8,0.0
chb05,chb05_03.edf,904.0,908.0,0.5,0.7,79,1.6645984136381196,ok,0,8,7,0.0
chb05,chb05_03.edf,904.0,908.0,0.5,0.7,80,0.5342135948770907,ok,0,11,10,0.0
chb05,chb05_03.edf,904.0,908.0,0.5,0.7,81,1.3641366236212056,ok,0,11,8,0.0
chb05,chb05_03.edf,904.0,908.0,1.0,0.0,62,0.7743914046997703,ok,0,11,10,0.0
chb05,chb05_03.edf,904.0,908.0,1.0,0.0,63,0.21488489744161204,ok,0,8,7,0.0
chb05,chb05_03.edf,904.0,908.0,1.0,0.0,64,0.17192047651837583,ok,0,10,9,0.0
chb05,chb05_03.edf,904.0,908.0,1.0,0.0,65,0.48620003231413916,ok,0,12,9,0.0
chb05,chb05_03.edf,904.0,908.0,1.0,0.0,66,1.3756822323974554,ok,0,13,11,0.0
chb05,chb05_03.edf,904.0,908.0,1.0,0.0,67,1.0067830609804835,ok,0,9,8,0.0
chb05,chb05_03.edf,904.0,908.0,1.0,0.0,68,1.5176810316646947,ok,0,13,11,0.0
chb05,chb05_03.edf,904.0,908.0,1.0,0.0,69,1.0610836315798138,ok,0,8,5,0.0
chb05,chb05_03.edf,904.0,908.0,1.0,0.0,70,0.981919803246944,ok,0,12,11,0.0
chb05,chb05_03.edf,904.0,908.0,1.0,0.0,71,1.7937447317653397,ok,0,10,8,0.0
chb05,chb05_03.edf,904.0,908.0,1.0,0.0,72,0.18642507739616473,ok,0,6,5,0.0
chb05,chb05_03.edf,904.0,908.0,1.0,0.0,73,0.5987516059102022,ok,0,9,8,0.0
chb05,chb05_03.edf,904.0,908.0,1.0,0.0,74,0.6443582292066723,ok,0,11,10,0.0
chb05,chb05_03.edf,904.0,908.0,1.0,0.0,75,1.65888681246551,ok,0,10,7,0.0
chb05,chb05_03.edf,904.0,908.0,1.0,0.0,76,0.22553402254439306,ok,0,12,11,0.0
chb05,chb05_03.edf,904.0,908.0,1.0,0.0,77,1.261454559020981,ok,0,10,9,0.0
chb05,chb05_03.edf,904.0,908.0,1.0,0.0,78,1.9856992051961986,ok,0,12,11,0.0
chb05,chb05_03.edf,904.0,908.0,1.0,0.0,79,0.1609368397508929,ok,0,7,6,0.0
chb05,chb05_03.edf,904.0,908.0,1.0,0.0,80,0.8375512923759941,ok,0,11,9,0.0
chb05,chb05_03.edf,904.0,908.0,1.0,0.0,81,1.3218647883394035,ok,0,10,8,0.0
chb05,chb05_03.edf,904.0,908.0,1.0,0.175,62,0.7718735348950996,ok,0,11,10,0.0
chb05,chb05_03.edf,904.0,908.0,1.0,0.175,63,0.15845733372292342,ok,0,8,7,0.0
chb05,chb05_03.edf,904.0,908.0,1.0,0.175,64,0.17192047651837583,ok,0,10,9,0.0
chb05,chb05_03.edf,904.0,908.0,1.0,0.175,65,0.48620003231413916,ok,0,12,9,0.0
chb05,chb05_03.edf,904.0,908.0,1.0,0.175,66,1.3756822323974554,ok,0,13,11,0.0
chb05,chb05_03.edf,904.0,908.0,1.0,0.175,67,1.0346292392189875,ok,0,10,9,0.0
chb05,chb05_03.edf,904.0,908.0,1.0,0.175,68,1.5176810316646947,ok,0,13,11,0.0
chb05,chb05_03.edf,904.0,908.0,1.0,0.175,69,1.0610836315798138,ok,0,8,5,0.0
chb05,chb05_03.edf,904.0,908.0,1.0,0.175,70,0.981919803246944,ok,0,12,11,0.0
chb05,chb05_03.edf,904.0,908.0,1.0,0.175,71,1.7937447317653397,ok,0,10,8,0.0
chb05,chb05_03.edf,904.0,908.0,1.0,0.175,72,0.15866375950049613,ok,0,6,5,0.0
chb05,chb05_03.edf,904.0,908.0,1.0,0.175,73,0.633210528326421,ok,0,10,9,0.0
chb05,chb05_03.edf,904.0,908.0,1.0,0.175,74,0.6459406006850896,ok,0,11,10,0.0
chb05,chb05_03.edf,904.0,908.0,1.0,0.175,75,1.5912551774874504,ok,0,9,7,0.0
chb05,chb05_03.edf,904.0,908.0,1.0,0.175,76,0.22553402254439306,ok,0,12,11,0.0
chb05,chb05_03.edf,904.0,908.0,1.0,0.175,77,1.261454559020981,ok,0,10,9,0.0
chb05,chb05_03.edf,904.0,908.0,1.0,0.175,78,1.9856992051961986,ok,0,12,11,0.0
chb05,chb05_03.edf,904.0,908.0,1.0,0.175,79,0.1609368397508929,ok,0,7,6,0.0
chb05,chb05_03.edf,904.0,908.0,1.0,0.175,80,0.6475497565649266,ok,0,12,10,0.0
chb05,chb05_03.edf,904.0,908.0,1.0,0.175,81,1.3218647883394035,ok,0,10,8,0.0
chb05,chb05_03.edf,904.0,908.0,1.0,0.35,62,0.7718735348950996,ok,0,11,10,0.0
chb05,chb05_03.edf,904.0,908.0,1.0,0.35,63,0.14655956456718455,ok,0,8,7,0.0
chb05,chb05_03.edf,904.0,908.0,1.0,0.35,64,0.31944672308821837,ok,0,9,8,0.0
chb05,chb05_03.edf,904.0,908.0,1.0,0.35,65,0.48620003231413916,ok,0,12,9,0.0
chb05,chb05_03.edf,904.0,908.0,1.0,0.35,66,1.5167540848237777,ok,0,12,10,0.0
chb05,chb05_03.edf,904.0,908.0,1.0,0.35,67,1.0346292392189875,ok,0,10,9,0.0
chb05,chb05_03.edf,904.0,908.0,1.0,0.35,68,1.4912089150286119,ok,0,12,10,0.0
chb05,chb05_03.edf,904.0,908.0,1.0,0.35,69,1.0610836315798138,ok,0,8,5,0.0
chb05,chb05_03.edf,904.0,908.0,1.0,0.35,70,0.5813807245015071,ok,0,13,12,0.0
chb05,chb05_03.edf,904.0,908.0,1.0,0.35,71,1.7937447317653397,ok,0,10,8,0.0
chb05,chb05_03.edf,904.0,908.0,1.0,0.35,72,0.1441883811414718,ok,0,6,5,0.0
chb05,chb05_03.edf,904.0,908.0,1.0,0.35,73,0.633210528326421,ok,0,10,9,0.0
chb05,chb05_03.edf,904.0,908.0,1.0,0.35,74,0.6288403684535347,ok,0,10,9,0.0
chb05,chb05_03.edf,904.0,908.0,1.0,0.35,75,1.5912551774874504,ok,0,9,7,0.0
chb05,chb05_03.edf,904.0,908.0,1.0,0.35,76,0.22553402254439306,ok,0,12,11,0.0
chb05,chb05_03.edf,904.0,908.0,1.0,0.35,77,1.261454559020981,ok,0,10,9,0.0
chb05,chb05_03.edf,904.0,908.0,1.0,0.35,78,1.9856992051961986,ok,0,12,11,0.0
chb05,chb05_03.edf,904.0,908.0,1.0,0.35,79,0.1609368397508929,ok,0,7,6,0.0
chb05,chb05_03.edf,904.0,908.0,1.0,0.35,80,0.6234746869894666,ok,0,11,10,0.0
chb05,chb05_03.edf,904.0,908.0,1.0,0.35,81,1.3218647883394035,ok,0,10,8,0.0
chb05,chb05_03.edf,904.0,908.0,1.0,0.7,62,0.6851989057832127,ok,0,10,9,0.0
chb05,chb05_03.edf,904.0,908.0,1.0,0.7,63,0.14655956456718455,ok,0,8,7,0.0
chb05,chb05_03.edf,904.0,908.0,1.0,0.7,64,0.31944672308821837,ok,0,9,8,0.0
chb05,chb05_03.edf,904.0,908.0,1.0,0.7,65,0.48620003231413916,ok,0,12,9,0.0
chb05,chb05_03.edf,904.0,908.0,1.0,0.7,66,1.5167540848237777,ok,0,12,10,0.0
chb05,chb05_03.edf,904.0,908.0,1.0,0.7,67,0.9441743721739809,ok,0,9,8,0.0
chb05,chb05_03.edf,904.0,908.0,1.0,0.7,68,1.4418920725483448,ok,0,13,11,0.0
chb05,chb05_03.edf,904.0,908.0,1.0,0.7,69,1.0610836315798138,ok,0,8,5,0.0
chb05,chb05_03.edf,904.0,908.0,1.0,0.7,70,0.5813807245015071,ok,0,13,12,0.0
chb05,chb05_03.edf,904.0,908.0,1.0,0.7,71,1.5539808857919553,ok,0,11,9,0.0
chb05,chb05_03.edf,904.0,908.0,1.0,0.7,72,0.1441883811414718,ok,0,6,5,0.0
chb05,chb05_03.edf,904.0,908.0,1.0,0.7,73,0.6220105244056746,ok,0,10,9,0.0
chb05,chb05_03.edf,904.0,908.0,1.0,0.7,74,0.5513959959636008,ok,0,9,8,0.0
chb05,chb05_03.edf,904.0,908.0,1.0,0.7,75,1.65888681246551,ok,0,10,7,0.0
chb05,chb05_03.edf,904.0,908.0,1.0,0.7,76,0.48545307028936374,ok,0,13,12,0.0
chb05,chb05_03.edf,904.0,908.0,1.0,0.7,77,1.1993834364071327,ok,0,9,8,0.0
chb05,chb05_03.edf,904.0,908.0,1.0,0.7,78,1.9866776844579666,ok,0,12,11,0.0
chb05,chb05_03.edf,904.0,908.0,1.0,0.7,79,1.6645984136381196,ok,0,8,7,0.0
chb05,chb05_03.edf,904.0,908.0,1.0,0.7,80,0.6234746869894666,ok,0,11,10,0.0
chb05,chb05_03.edf,904.0,908.0,1.0,0.7,81,1.2456736226788379,ok,0,9,8,0.0
chb05,chb05_03.edf,2700.0,2704.0,0.25,0.0,62,0.6171842911523988,ok,0,10,9,0.0
chb05,chb05_03.edf,2700.0,2704.0,0.25,0.0,63,2.043747370146671,ok,0,9,8,0.0
chb05,chb05_03.edf,2700.0,2704.0,0.25,0.0,64,0.8756532617719204,ok,0,9,8,0.0
chb05,chb05_03.edf,2700.0,2704.0,0.25,0.0,65,0.9667718123938864,ok,0,11,10,0.0
chb05,chb05_03.edf,2700.0,2704.0,0.25,0.0,66,0.3631787913269073,ok,0,11,9,0.0
chb05,chb05_03.edf,2700.0,2704.0,0.25,0.0,67,0.8092054221906116,ok,0,11,9,0.0
chb05,chb05_03.edf,2700.0,2704.0,0.25,0.0,68,0.9681035064574081,ok,0,9,8,0.0
chb05,chb05_03.edf,2700.0,2704.0,0.25,0.0,69,1.241548694349417,ok,0,10,8,0.0
chb05,chb05_03.edf,2700.0,2704.0,0.25,0.0,70,0.2793983295119334,ok,0,9,8,0.0
chb05,chb05_03.edf,2700.0,2704.0,0.25,0.0,71,1.5904417843670142,ok,0,12,11,0.0
chb05,chb05_03.edf,2700.0,2704.0,0.25,0.0,72,0.9990557900479503,ok,0,11,9,0.0
chb05,chb05_03.edf,2700.0,2704.0,0.25,0.0,73,0.4814093715175572,ok,0,8,7,0.0
chb05,chb05_03.edf,2700.0,2704.0,0.25,0.0,74,0.6162790697674418,ok,0,11,8,0.0
chb05,chb05_03.edf,2700.0,2704.0,0.25,0.0,75,0.35394981220923855,ok,0,12,11,0.0
chb05,chb05_03.edf,2700.0,2704.0,0.25,0.0,76,0.3909772130214703,ok,0,12,11,0.0
chb05,chb05_03.edf,2700.0,2704.0,0.25,0.0,77,0.9447730595988872,ok,0,6,4,0.0
chb05,chb05_03.edf,2700.0,2704.0,0.25,0.0,78,1.3483863463099397,ok,0,11,10,0.0
chb05,chb05_03.edf,2700.0,2704.0,0.25,0.0,79,0.1609368397508929,ok,0,7,6,0.0
chb05,chb05_03.edf,2700.0,2704.0,0.25,0.0,80,0.1797136108456547,ok,0,12,10,0.0
chb05,chb05_03.edf,2700.0,2704.0,0.25,0.0,81,1.4033891062507988,ok,0,10,7,0.0
chb05,chb05_03.edf,2700.0,2704.0,0.25,0.175,62,0.9731071514963526,ok,0,11,9,0.0
chb05,chb05_03.edf,2700.0,2704.0,0.25,0.175,63,0.227675812532863,ok,0,9,8,0.0
chb05,chb05_03.edf,2700.0,2704.0,0.25,0.175,64,0.8756532617719204,ok,0,9,8,0.0
chb05,chb05_03.edf,2700.0,2704.0,0.25,0.175,65,0.9817459458706244,ok,0,12,11,0.0
chb05,chb05_03.edf,2700.0,2704.0,0.25,0.175,66,0.36581014159579417,ok,0,11,9,0.0
chb05,chb05_03.edf,2700.0,2704.0,0.25,0.175,67,0.3632060189526681,ok,0,10,8,0.0
chb05,chb05_03.edf,2700.0,2704.0,0.25,0.175,68,1.046349240967186,ok,0,10,9,0.0
chb05,chb05_03.edf,2700.0,2704.0,0.25,0.175,69,1.27235381737143,ok,0,10,7,0.0
chb05,chb05_03.edf,2700.0,2704.0,0.25,0.175,70,0.2793983295119334,ok,0,9,8,0.0
chb05,chb05_03.edf,2700.0,2704.0,0.25,0.175,71,1.529316310105233,ok,0,12,10,0.0
chb05,chb05_03.edf,2700.0,2704.0,0.25,0.175,72,0.9990557900479503,ok,0,11,9,0.0
chb05,chb05_03.edf,2700.0,2704.0,0.25,0.175,73,0.5685669358999671,ok,0,8,6,0.0
chb05,chb05_03.edf,2700.0,2704.0,0.25,0.175,74,0.5630711188788292,ok,0,12,9,0.0
chb05,chb05_03.edf,2700.0,2704.0,0.25,0.175,75,0.35394981220923855,ok,0,12,11,0.0
chb05,chb05_03.edf,2700.0,2704.0,0.25,0.175,76,0.07082861906842924,ok,0,9,7,0.0
chb05,chb05_03.edf,2700.0,2704.0,0.25,0.175,77,0.9447730595988872,ok,0,6,4,0.0
chb05,chb05_03.edf,2700.0,2704.0,0.25,0.175,78,1.3483863463099397,ok,0,11,10,0.0
chb05,chb05_03.edf,2700.0,2704.0,0.25,0.175,79,0.1609368397508929,ok,0,7,6,0.0
chb05,chb05_03.edf,2700.0,2704.0,0.25,0.175,80,0.19398927711702219,ok,0,13,10,0.0
chb05,chb05_03.edf,2700.0,2704.0,0.25,0.175,81,1.3275084767181569,ok,0,9,8,0.0
chb05,chb05_03.edf,2700.0,2704.0,0.25,0.35,62,0.25691446233675125,ok,0,10,8,0.0
chb05,chb05_03.edf,2700.0,2704.0,0.25,0.35,63,0.227675812532863,ok,0,9,8,0.0
chb05,chb05_03.edf,2700.0,2704.0,0.25,0.35,64,0.960386606658378,ok,0,8,7,0.0
chb05,chb05_03.edf,2700.0,2704.0,0.25,0.35,65,0.9689461484460123,ok,0,12,10,0.0
chb05,chb05_03.edf,2700.0,2704.0,0.25,0.35,66,0.36581014159579417,ok,0,11,9,0.0
chb05,chb05_03.edf,2700.0,2704.0,0.25,0.35,67,0.3347767311008561,ok,0,9,8,0.0
chb05,chb05_03.edf,2700.0,2704.0,0.25,0.35,68,0.7168876227515577,ok,0,12,11,0.0
chb05,chb05_03.edf,2700.0,2704.0,0.25,0.35,69,1.1528113296150655,ok,0,9,6,0.0
chb05,chb05_03.edf,2700.0,2704.0,0.25,0.35,70,0.2850088804323723,ok,0,8,7,0.0
chb05,chb05_03.edf,2700.0,2704.0,0.25,0.35,71,1.5858941035862066,ok,0,13,11,0.0
chb05,chb05_03.edf,2700.0,2704.0,0.25,0.35,72,1.1261829303041235,ok,0,9,8,0.0
chb05,chb05_03.edf,2700.0,2704.0,0.25,0.35,73,0.6839624188918482,ok,0,8,7,0.0
chb05,chb05_03.edf,2700.0,2704.0,0.25,0.35,74,0.529092078177318,ok,0,11,8,0.0
chb05,chb05_03.edf,2700.0,2704.0,0.25,0.35,75,0.5404016215117489,ok,0,13,12,0.0
chb05,chb05_03.edf,2700.0,2704.0,0.25,0.35,76,0.8669800132314991,ok,0,10,8,0.0
chb05,chb05_03.edf,2700.0,2704.0,0.25,0.35,77,0.9447730595988872,ok,0,6,4,0.0
chb05,chb05_03.edf,2700.0,2704.0,0.25,0.35,78,1.2433240106006467,ok,0,10,9,0.0
chb05,chb05_03.edf,2700.0,2704.0,0.25,0.35,79,0.15218217883084012,ok,0,8,6,0.0
chb05,chb05_03.edf,2700.0,2704.0,0.25,0.35,80,0.5453032623198428,ok,0,12,9,0.0
chb05,chb05_03.edf,2700.0,2704.0,0.25,0.35,81,1.3275084767181569,ok,0,9,8,0.0
chb05,chb05_03.edf,2700.0,2704.0,0.25,0.7,62,1.8833853326999122,ok,0,12,10,0.0
chb05,chb05_03.edf,2700.0,2704.0,0.25,0.7,63,0.2209898910054475,ok,0,9,8,0.0
chb05,chb05_03.edf,2700.0,2704.0,0.25,0.7,64,1.4498547523839662,ok,0,7,6,0.0
chb05,chb05_03.edf,2700.0,2704.0,0.25,0.7,65,1.0278672121604613,ok,0,13,11,0.0
chb05,chb05_03.edf,2700.0,2704.0,0.25,0.7,66,0.36581014159579417,ok,0,11,9,0.0
chb05,chb05_03.edf,2700.0,2704.0,0.25,0.7,67,0.32283632859806843,ok,0,9,8,0.0
chb05,chb05_03.edf,2700.0,2704.0,0.25,0.7,68,0.7990614426194627,ok,0,12,11,0.0
chb05,chb05_03.edf,2700.0,2704.0,0.25,0.7,69,1.2603221596250513,ok,0,10,7,0.0
chb05,chb05_03.edf,2700.0,2704.0,0.25,0.7,70,0.2793983295119334,ok,0,9,8,0.0
chb05,chb05_03.edf,2700.0,2704.0,0.25,0.7,71,1.118426355946139,ok,0,14,12,0.0
chb05,chb05_03.edf,2700.0,2704.0,0.25,0.7,72,1.7301837700923384,ok,0,7,6,0.0
chb05,chb05_03.edf,2700.0,2704.0,0.25,0.7,73,0.6358405864613125,ok,0,10,9,0.0
chb05,chb05_03.edf,2700.0,2704.0,0.25,0.7,74,0.4931756504757937,ok,0,8,5,0.0
chb05,chb05_03.edf,2700.0,2704.0,0.25,0.7,75,0.7861647737792801,ok,0,12,11,0.0
chb05,chb05_03.edf,2700.0,2704.0,0.25,0.7,76,0.6028698837663053,ok,0,10,8,0.0
chb05,chb05_03.edf,2700.0,2704.0,0.25,0.7,77,0.5527158793163193,ok,0,7,5,0.0
chb05,chb05_03.edf,2700.0,2704.0,0.25,0.7,78,1.373369124263135,ok,0,9,8,0.0
chb05,chb05_03.edf,2700.0,2704.0,0.25,0.7,79,0.523843001059952,ok,0,10,8,0.0
chb05,chb05_03.edf,2700.0,2704.0,0.25,0.7,80,0.5273899301354782,ok,0,8,6,0.0
chb05,chb05_03.edf,2700.0,2704.0,0.25,0.7,81,1.1137435734354053,ok,0,8,7,0.0
chb05,chb05_03.edf,2700.0,2704.0,0.5,0.0,62,0.5712931377579745,ok,0,12,11,0.0
chb05,chb05_03.edf,2700.0,2704.0,0.5,0.0,63,0.16726057798219393,ok,0,8,7,0.0
chb05,chb05_03.edf,2700.0,2704.0,0.5,0.0,64,0.19637001542360058,ok,0,9,8,0.0
chb05,chb05_03.edf,2700.0,2704.0,0.5,0.0,65,0.546024803519956,ok,0,10,8,0.0
chb05,chb05_03.edf,2700.0,2704.0,0.5,0.0,66,0.3428004452807938,ok,0,11,9,0.0
chb05,chb05_03.edf,2700.0,2704.0,0.5,0.0,67,0.9454773281444654,ok,0,7,6,0.0
chb05,chb05_03.edf,2700.0,2704.0,0.5,0.0,68,1.2291207868644798,ok,0,12,11,0.0
chb05,chb05_03.edf,2700.0,2704.0,0.5,0.0,69,1.1682562182790923,ok,0,9,7,0.0
chb05,chb05_03.edf,2700.0,2704.0,0.5,0.0,70,0.5111811702061327,ok,0,14,13,0.0
chb05,chb05_03.edf,2700.0,2704.0,0.5,0.0,71,1.8179982256514546,ok,0,11,9,0.0
chb05,chb05_03.edf,2700.0,2704.0,0.5,0.0,72,0.18642507739616473,ok,0,6,5,0.0
chb05,chb05_03.edf,2700.0,2704.0,0.5,0.0,73,0.6286253346157429,ok,0,10,9,0.0
chb05,chb05_03.edf,2700.0,2704.0,0.5,0.0,74,0.6476197533905482,ok,0,9,7,0.0
chb05,chb05_03.edf,2700.0,2704.0,0.5,0.0,75,0.9626906857352386,ok,0,12,10,0.0
chb05,chb05_03.edf,2700.0,2704.0,0.5,0.0,76,0.48840569686484475,ok,0,10,9,0.0
chb05,chb05_03.edf,2700.0,2704.0,0.5,0.0,77,1.4397992123948258,ok,0,10,9,0.0
chb05,chb05_03.edf,2700.0,2704.0,0.5,0.0,78,0.8783739115481473,ok,0,10,9,0.0
chb05,chb05_03.edf,2700.0,2704.0,0.5,0.0,79,0.6660998123404629,ok,0,8,7,0.0
chb05,chb05_03.edf,2700.0,2704.0,0.5,0.0,80,0.48943288169382493,ok,0,10,8,0.0
chb05,chb05_03.edf,2700.0,2704.0,0.5,0.0,81,1.3487816138931745,ok,0,10,9,0.0
chb05,chb05_03.edf,2700.0,2704.0,0.5,0.175,62,0.6559757885363878,ok,0,12,11,0.0
chb05,chb05_03.edf,2700.0,2704.0,0.5,0.175,63,0.16726057798219393,ok,0,8,7,0.0
chb05,chb05_03.edf,2700.0,2704.0,0.5,0.175,64,0.33066737835270793,ok,0,10,9,0.0
chb05,chb05_03.edf,2700.0,2704.0,0.5,0.175,65,0.546024803519956,ok,0,10,8,0.0
chb05,chb05_03.edf,2700.0,2704.0,0.5,0.175,66,0.3428004452807938,ok,0,11,9,0.0
chb05,chb05_03.edf,2700.0,2704.0,0.5,0.175,67,0.9454773281444654,ok,0,7,6,0.0
chb05,chb05_03.edf,2700.0,2704.0,0.5,0.175,68,1.4147498679112749,ok,0,10,9,0.0
chb05,chb05_03.edf,2700.0,2704.0,0.5,0.175,69,1.3691657185406596,ok,0,10,8,0.0
chb05,chb05_03.edf,2700.0,2704.0,0.5,0.175,70,0.509154547108042,ok,0,14,13,0.0
chb05,chb05_03.edf,2700.0,2704.0,0.5,0.175,71,1.8179982256514546,ok,0,11,9,0.0
chb05,chb05_03.edf,2700.0,2704.0,0.5,0.175,72,0.18642507739616473,ok,0,6,5,0.0
chb05,chb05_03.edf,2700.0,2704.0,0.5,0.175,73,0.6055742018279381,ok,0,9,8,0.0
chb05,chb05_03.edf,2700.0,2704.0,0.5,0.175,74,0.6438873094192759,ok,0,10,8,0.0
chb05,chb05_03.edf,2700.0,2704.0,0.5,0.175,75,0.9304566943784026,ok,0,11,10,0.0
chb05,chb05_03.edf,2700.0,2704.0,0.5,0.175,76,0.4917726859794421,ok,0,11,10,0.0
chb05,chb05_03.edf,2700.0,2704.0,0.5,0.175,77,1.487661106245009,ok,0,9,8,0.0
chb05,chb05_03.edf,2700.0,2704.0,0.5,0.175,78,0.8409859228438307,ok,0,10,9,0.0
chb05,chb05_03.edf,2700.0,2704.0,0.5,0.175,79,0.6660998123404629,ok,0,8,7,0.0
chb05,chb05_03.edf,2700.0,2704.0,0.5,0.175,80,0.8667296522251868,ok,0,9,7,0.0
chb05,chb05_03.edf,2700.0,2704.0,0.5,0.175,81,1.3487816138931745,ok,0,10,9,0.0
chb05,chb05_03.edf,2700.0,2704.0,0.5,0.35,62,0.6939445802255211,ok,0,11,10,0.0
chb05,chb05_03.edf,2700.0,2704.0,0.5,0.35,63,0.5756622888316407,ok,0,10,9,0.0
chb05,chb05_03.edf,2700.0,2704.0,0.5,0.35,64,0.33066737835270793,ok,0,10,9,0.0
chb05,chb05_03.edf,2700.0,2704.0,0.5,0.35,65,0.546024803519956,ok,0,10,8,0.0
chb05,chb05_03.edf,2700.0,2704.0,0.5,0.35,66,0.3455869941264749,ok,0,11,9,0.0
chb05,chb05_03.edf,2700.0,2704.0,0.5,0.35,67,1.0119476364224187,ok,0,8,7,0.0
chb05,chb05_03.edf,2700.0,2704.0,0.5,0.35,68,1.4189611815970886,ok,0,9,8,0.0
chb05,chb05_03.edf,2700.0,2704.0,0.5,0.35,69,1.27235381737143,ok,0,10,7,0.0
chb05,chb05_03.edf,2700.0,2704.0,0.5,0.35,70,0.509154547108042,ok,0,14,13,0.0
chb05,chb05_03.edf,2700.0,2704.0,0.5,0.35,71,1.8179982256514546,ok,0,11,9,0.0
chb05,chb05_03.edf,2700.0,2704.0,0.5,0.35,72,0.18642507739616473,ok,0,6,5,0.0
chb05,chb05_03.edf,2700.0,2704.0,0.5,0.35,73,0.6055742018279381,ok,0,9,8,0.0
chb05,chb05_03.edf,2700.0,2704.0,0.5,0.35,74,0.594747445694452,ok,0,11,9,0.0
chb05,chb05_03.edf,2700.0,2704.0,0.5,0.35,75,0.9892197268708094,ok,0,10,9,0.0
chb05,chb05_03.edf,2700.0,2704.0,0.5,0.35,76,0.49585752748975154,ok,0,11,10,0.0
chb05,chb05_03.edf,2700.0,2704.0,0.5,0.35,77,1.4885965011016011,ok,0,9,8,0.0
chb05,chb05_03.edf,2700.0,2704.0,0.5,0.35,78,0.8409859228438307,ok,0,10,9,0.0
chb05,chb05_03.edf,2700.0,2704.0,0.5,0.35,79,0.7580899903147936,ok,0,9,7,0.0
chb05,chb05_03.edf,2700.0,2704.0,0.5,0.35,80,0.5691483494615681,ok,0,9,7,0.0
chb05,chb05_03.edf,2700.0,2704.0,0.5,0.35,81,1.2719747685324416,ok,0,11,10,0.0
chb05,chb05_03.edf,2700.0,2704.0,0.5,0.7,62,0.7111932430444985,ok,0,10,9,0.0
chb05,chb05_03.edf,2700.0,2704.0,0.5,0.7,63,0.6125871570624835,ok,0,10,9,0.0
chb05,chb05_03.edf,2700.0,2704.0,0.5,0.7,64,0.33066737835270793,ok,0,10,9,0.0
chb05,chb05_03.edf,2700.0,2704.0,0.5,0.7,65,0.6996169469027036,ok,0,9,7,0.0
chb05,chb05_03.edf,2700.0,2704.0,0.5,0.7,66,0.34938582013107533,ok,0,10,8,0.0
chb05,chb05_03.edf,2700.0,2704.0,0.5,0.7,67,1.0119476364224187,ok,0,8,7,0.0
chb05,chb05_03.edf,2700.0,2704.0,0.5,0.7,68,0.18913328557879172,ok,0,10,9,0.0
chb05,chb05_03.edf,2700.0,2704.0,0.5,0.7,69,1.1576904415277853,ok,0,9,6,0.0
chb05,chb05_03.edf,2700.0,2704.0,0.5,0.7,70,0.4667572466371778,ok,0,13,12,0.0
chb05,chb05_03.edf,2700.0,2704.0,0.5,0.7,71,1.5475911032956122,ok,0,12,10,0.0
chb05,chb05_03.edf,2700.0,2704.0,0.5,0.7,72,0.18642507739616473,ok,0,6,5,0.0
chb05,chb05_03.edf,2700.0,2704.0,0.5,0.7,73,0.6031607218090544,ok,0,9,8,0.0
chb05,chb05_03.edf,2700.0,2704.0,0.5,0.7,74,0.383271758241962,ok,0,8,6,0.0
chb05,chb05_03.edf,2700.0,2704.0,0.5,0.7,75,1.507134899524865,ok,0,9,8,0.0
chb05,chb05_03.edf,2700.0,2704.0,0.5,0.7,76,0.2375808003147575,ok,0,11,10,0.0
chb05,chb05_03.edf,2700.0,2704.0,0.5,0.7,77,1.37699930766395,ok,0,9,8,0.0
chb05,chb05_03.edf,2700.0,2704.0,0.5,0.7,78,0.8424382520242342,ok,0,10,9,0.0
chb05,chb05_03.edf,2700.0,2704.0,0.5,0.7,79,0.7580899903147936,ok,0,9,7,0.0
chb05,chb05_03.edf,2700.0,2704.0,0.5,0.7,80,0.5691483494615681,ok,0,9,7,0.0
chb05,chb05_03.edf,2700.0,2704.0,0.5,0.7,81,1.2250788471842053,ok,0,12,11,0.0
chb05,chb05_03.edf,2700.0,2704.0,1.0,0.0,62,0.7743914046997703,ok,0,11,10,0.0
chb05,chb05_03.edf,2700.0,2704.0,1.0,0.0,63,0.21488489744161204,ok,0,8,7,0.0
chb05,chb05_03.edf,2700.0,2704.0,1.0,0.0,64,0.17192047651837583,ok,0,10,9,0.0
chb05,chb05_03.edf,2700.0,2704.0,1.0,0.0,65,0.48620003231413916,ok,0,12,9,0.0
chb05,chb05_03.edf,2700.0,2704.0,1.0,0.0,66,1.3756822323974554,ok,0,13,11,0.0
chb05,chb05_03.edf,2700.0,2704.0,1.0,0.0,67,1.0067830609804835,ok,0,9,8,0.0
chb05,chb05_03.edf,2700.0,2704.0,1.0,0.0,68,1.5176810316646947,ok,0,13,11,0.0
chb05,chb05_03.edf,2700.0,2704.0,1.0,0.0,69,1.0610836315798138,ok,0,8,5,0.0
chb05,chb05_03.edf,2700.0,2704.0,1.0,0.0,70,0.981919803246944,ok,0,12,11,0.0
chb05,chb05_03.edf,2700.0,2704.0,1.0,0.0,71,1.7937447317653397,ok,0,10,8,0.0
chb05,chb05_03.edf,2700.0,2704.0,1.0,0.0,72,0.18642507739616473,ok,0,6,5,0.0
chb05,chb05_03.edf,2700.0,2704.0,1.0,0.0,73,0.5987516059102022,ok,0,9,8,0.0
chb05,chb05_03.edf,2700.0,2704.0,1.0,0.0,74,0.6443582292066723,ok,0,11,10,0.0
chb05,chb05_03.edf,2700.0,2704.0,1.0,0.0,75,1.65888681246551,ok,0,10,7,0.0
chb05,chb05_03.edf,2700.0,2704.0,1.0,0.0,76,0.22553402254439306,ok,0,12,11,0.0
chb05,chb05_03.edf,2700.0,2704.0,1.0,0.0,77,1.261454559020981,ok,0,10,9,0.0
chb05,chb05_03.edf,2700.0,2704.0,1.0,0.0,78,1.9856992051961986,ok,0,12,11,0.0
chb05,chb05_03.edf,2700.0,2704.0,1.0,0.0,79,0.1609368397508929,ok,0,7,6,0.0
chb05,chb05_03.edf,2700.0,2704.0,1.0,0.0,80,0.8375512923759941,ok,0,11,9,0.0
chb05,chb05_03.edf,2700.0,2704.0,1.0,0.0,81,1.3218647883394035,ok,0,10,8,0.0
chb05,chb05_03.edf,2700.0,2704.0,1.0,0.175,62,0.7743914046997703,ok,0,11,10,0.0
chb05,chb05_03.edf,2700.0,2704.0,1.0,0.175,63,0.21488489744161204,ok,0,8,7,0.0
chb05,chb05_03.edf,2700.0,2704.0,1.0,0.175,64,0.17192047651837583,ok,0,10,9,0.0
chb05,chb05_03.edf,2700.0,2704.0,1.0,0.175,65,0.48620003231413916,ok,0,12,9,0.0
chb05,chb05_03.edf,2700.0,2704.0,1.0,0.175,66,1.3756822323974554,ok,0,13,11,0.0
chb05,chb05_03.edf,2700.0,2704.0,1.0,0.175,67,1.0067830609804835,ok,0,9,8,0.0
chb05,chb05_03.edf,2700.0,2704.0,1.0,0.175,68,0.4749170925663271,ok,0,11,9,0.0
chb05,chb05_03.edf,2700.0,2704.0,1.0,0.175,69,1.174500866722712,ok,0,9,6,0.0
chb05,chb05_03.edf,2700.0,2704.0,1.0,0.175,70,0.9966917017973413,ok,0,11,9,0.0
chb05,chb05_03.edf,2700.0,2704.0,1.0,0.175,71,1.7937447317653397,ok,0,10,8,0.0
chb05,chb05_03.edf,2700.0,2704.0,1.0,0.175,72,0.18642507739616473,ok,0,6,5,0.0
chb05,chb05_03.edf,2700.0,2704.0,1.0,0.175,73,0.5823203888824564,ok,0,8,7,0.0
chb05,chb05_03.edf,2700.0,2704.0,1.0,0.175,74,0.6373761215671587,ok,0,11,10,0.0
chb05,chb05_03.edf,2700.0,2704.0,1.0,0.175,75,0.06293706293706293,ok,0,8,5,0.0
chb05,chb05_03.edf,2700.0,2704.0,1.0,0.175,76,0.22001449343180626,ok,0,12,11,0.0
chb05,chb05_03.edf,2700.0,2704.0,1.0,0.175,77,1.261454559020981,ok,0,10,9,0.0
chb05,chb05_03.edf,2700.0,2704.0,1.0,0.175,78,1.9856992051961986,ok,0,12,11,0.0
chb05,chb05_03.edf,2700.0,2704.0,1.0,0.175,79,0.1609368397508929,ok,0,7,6,0.0
chb05,chb05_03.edf,2700.0,2704.0,1.0,0.175,80,0.8460001481744026,ok,0,12,10,0.0
chb05,chb05_03.edf,2700.0,2704.0,1.0,0.175,81,1.3218647883394035,ok,0,10,8,0.0
chb05,chb05_03.edf,2700.0,2704.0,1.0,0.35,62,0.7718735348950996,ok,0,11,10,0.0
chb05,chb05_03.edf,2700.0,2704.0,1.0,0.35,63,0.21488489744161204,ok,0,8,7,0.0
chb05,chb05_03.edf,2700.0,2704.0,1.0,0.35,64,0.17192047651837583,ok,0,10,9,0.0
chb05,chb05_03.edf,2700.0,2704.0,1.0,0.35,65,0.48620003231413916,ok,0,12,9,0.0
chb05,chb05_03.edf,2700.0,2704.0,1.0,0.35,66,1.3756822323974554,ok,0,13,11,0.0
chb05,chb05_03.edf,2700.0,2704.0,1.0,0.35,67,1.0346292392189875,ok,0,10,9,0.0
chb05,chb05_03.edf,2700.0,2704.0,1.0,0.35,68,0.4749170925663271,ok,0,11,9,0.0
chb05,chb05_03.edf,2700.0,2704.0,1.0,0.35,69,1.174500866722712,ok,0,9,6,0.0
chb05,chb05_03.edf,2700.0,2704.0,1.0,0.35,70,1.0173076847040015,ok,0,12,10,0.0
chb05,chb05_03.edf,2700.0,2704.0,1.0,0.35,71,1.7937447317653397,ok,0,10,8,0.0
chb05,chb05_03.edf,2700.0,2704.0,1.0,0.35,72,0.18642507739616473,ok,0,6,5,0.0
chb05,chb05_03.edf,2700.0,2704.0,1.0,0.35,73,0.5823203888824564,ok,0,8,7,0.0
chb05,chb05_03.edf,2700.0,2704.0,1.0,0.35,74,0.6374499047614289,ok,0,11,10,0.0
chb05,chb05_03.edf,2700.0,2704.0,1.0,0.35,75,0.10760536471652639,ok,0,9,6,0.0
chb05,chb05_03.edf,2700.0,2704.0,1.0,0.35,76,0.22001449343180626,ok,0,12,11,0.0
chb05,chb05_03.edf,2700.0,2704.0,1.0,0.35,77,1.2051054601336353,ok,0,9,8,0.0
chb05,chb05_03.edf,2700.0,2704.0,1.0,0.35,78,1.9856992051961986,ok,0,12,11,0.0
chb05,chb05_03.edf,2700.0,2704.0,1.0,0.35,79,0.1609368397508929,ok,0,7,6,0.0
chb05,chb05_03.edf,2700.0,2704.0,1.0,0.35,80,0.8460001481744026,ok,0,12,10,0.0
chb05,chb05_03.edf,2700.0,2704.0,1.0,0.35,81,1.3218647883394035,ok,0,10,8,0.0
chb05,chb05_03.edf,2700.0,2704.0,1.0,0.7,62,0.7718735348950996,ok,0,11,10,0.0
chb05,chb05_03.edf,2700.0,2704.0,1.0,0.7,63,0.21488489744161204,ok,0,8,7,0.0
chb05,chb05_03.edf,2700.0,2704.0,1.0,0.7,64,0.19787703507497612,ok,0,10,9,0.0
chb05,chb05_03.edf,2700.0,2704.0,1.0,0.7,65,0.49292157435773215,ok,0,12,10,0.0
chb05,chb05_03.edf,2700.0,2704.0,1.0,0.7,66,1.3756822323974554,ok,0,13,11,0.0
chb05,chb05_03.edf,2700.0,2704.0,1.0,0.7,67,1.0346292392189875,ok,0,10,9,0.0
chb05,chb05_03.edf,2700.0,2704.0,1.0,0.7,68,0.5034444582953266,ok,0,10,8,0.0
chb05,chb05_03.edf,2700.0,2704.0,1.0,0.7,69,1.3068527029946226,ok,0,10,7,0.0
chb05,chb05_03.edf,2700.0,2704.0,1.0,0.7,70,1.2790788101201478,ok,0,10,7,0.0
chb05,chb05_03.edf,2700.0,2704.0,1.0,0.7,71,1.7937447317653397,ok,0,10,8,0.0
chb05,chb05_03.edf,2700.0,2704.0,1.0,0.7,72,0.1692486635019696,ok,0,6,5,0.0
chb05,chb05_03.edf,2700.0,2704.0,1.0,0.7,73,0.5829202658843011,ok,0,8,7,0.0
chb05,chb05_03.edf,2700.0,2704.0,1.0,0.7,74,0.6358246966581342,ok,0,11,10,0.0
chb05,chb05_03.edf,2700.0,2704.0,1.0,0.7,75,0.11134353376110565,ok,0,10,7,0.0
chb05,chb05_03.edf,2700.0,2704.0,1.0,0.7,76,0.4056418446393924,ok,0,12,11,0.0
chb05,chb05_03.edf,2700.0,2704.0,1.0,0.7,77,1.2270594508487325,ok,0,9,8,0.0
chb05,chb05_03.edf,2700.0,2704.0,1.0,0.7,78,1.9856992051961986,ok,0,12,11,0.0
chb05,chb05_03.edf,2700.0,2704.0,1.0,0.7,79,0.1609368397508929,ok,0,7,6,0.0
chb05,chb05_03.edf,2700.0,2704.0,1.0,0.7,80,0.9247189330305209,ok,0,12,9,0.0
chb05,chb05_03.edf,2700.0,2704.0,1.0,0.7,81,1.3218647883394035,ok,0,10,8,0.0
chb05,chb05_06.edf,904.0,908.0,0.25,0.0,62,0.6171842911523988,ok,0,10,9,0.0
chb05,chb05_06.edf,904.0,908.0,0.25,0.0,63,2.043747370146671,ok,0,9,8,0.0
chb05,chb05_06.edf,904.0,908.0,0.25,0.0,64,0.8756532617719204,ok,0,9,8,0.0
chb05,chb05_06.edf,904.0,908.0,0.25,0.0,65,0.9667718123938864,ok,0,11,10,0.0
chb05,chb05_06.edf,904.0,908.0,0.25,0.0,66,0.3631787913269073,ok,0,11,9,0.0
chb05,chb05_06.edf,904.0,908.0,0.25,0.0,67,0.8092054221906116,ok,0,11,9,0.0
chb05,chb05_06.edf,904.0,908.0,0.25,0.0,68,0.9681035064574081,ok,0,9,8,0.0
chb05,chb05_06.edf,904.0,908.0,0.25,0.0,69,1.241548694349417,ok,0,10,8,0.0
chb05,chb05_06.edf,904.0,908.0,0.25,0.0,70,0.2793983295119334,ok,0,9,8,0.0
chb05,chb05_06.edf,904.0,908.0,0.25,0.0,71,1.5904417843670142,ok,0,12,11,0.0
chb05,chb05_06.edf,904.0,908.0,0.25,0.0,72,0.9990557900479503,ok,0,11,9,0.0
chb05,chb05_06.edf,904.0,908.0,0.25,0.0,73,0.4814093715175572,ok,0,8,7,0.0
chb05,chb05_06.edf,904.0,908.0,0.25,0.0,74,0.6162790697674418,ok,0,11,8,0.0
chb05,chb05_06.edf,904.0,908.0,0.25,0.0,75,0.35394981220923855,ok,0,12,11,0.0
chb05,chb05_06.edf,904.0,908.0,0.25,0.0,76,0.3909772130214703,ok,0,12,11,0.0
chb05,chb05_06.edf,904.0,908.0,0.25,0.0,77,0.9447730595988872,ok,0,6,4,0.0
chb05,chb05_06.edf,904.0,908.0,0.25,0.0,78,1.3483863463099397,ok,0,11,10,0.0
chb05,chb05_06.edf,904.0,908.0,0.25,0.0,79,0.1609368397508929,ok,0,7,6,0.0
chb05,chb05_06.edf,904.0,908.0,0.25,0.0,80,0.1797136108456547,ok,0,12,10,0.0
chb05,chb05_06.edf,904.0,908.0,0.25,0.0,81,1.4033891062507988,ok,0,10,7,0.0
chb05,chb05_06.edf,904.0,908.0,0.25,0.175,62,0.7136178556745666,ok,0,11,10,0.0
chb05,chb05_06.edf,904.0,908.0,0.25,0.175,63,2.043747370146671,ok,0,9,8,0.0
chb05,chb05_06.edf,904.0,908.0,0.25,0.175,64,0.8756532617719204,ok,0,9,8,0.0
chb05,chb05_06.edf,904.0,908.0,0.25,0.175,65,1.4824847269439707,ok,0,10,9,0.0
chb05,chb05_06.edf,904.0,908.0,0.25,0.175,66,0.3631787913269073,ok,0,11,9,0.0
chb05,chb05_06.edf,904.0,908.0,0.25,0.175,67,0.818340372717771,ok,0,11,9,0.0
chb05,chb05_06.edf,904.0,908.0,0.25,0.175,68,0.9848613212110338,ok,0,9,8,0.0
chb05,chb05_06.edf,904.0,908.0,0.25,0.175,69,1.241548694349417,ok,0,10,8,0.0
chb05,chb05_06.edf,904.0,908.0,0.25,0.175,70,0.2793983295119334,ok,0,9,8,0.0
chb05,chb05_06.edf,904.0,908.0,0.25,0.175,71,1.5904417843670142,ok,0,12,11,0.0
chb05,chb05_06.edf,904.0,908.0,0.25,0.175,72,0.9997704940731007,ok,0,11,9,0.0
chb05,chb05_06.edf,904.0,908.0,0.25,0.175,73,0.5053173768780573,ok,0,8,7,0.0
chb05,chb05_06.edf,904.0,908.0,0.25,0.175,74,0.360793174048842,ok,0,12,9,0.0
chb05,chb05_06.edf,904.0,908.0,0.25,0.175,75,0.35394981220923855,ok,0,12,11,0.0
chb05,chb05_06.edf,904.0,908.0,0.25,0.175,76,0.41685710561811734,ok,0,13,12,0.0
chb05,chb05_06.edf,904.0,908.0,0.25,0.175,77,0.9447730595988872,ok,0,6,4,0.0
chb05,chb05_06.edf,904.0,908.0,0.25,0.175,78,1.3407604740280588,ok,0,11,10,0.0
chb05,chb05_06.edf,904.0,908.0,0.25,0.175,79,0.1609368397508929,ok,0,7,6,0.0
chb05,chb05_06.edf,904.0,908.0,0.25,0.175,80,0.20805602846257226,ok,0,12,9,0.0
chb05,chb05_06.edf,904.0,908.0,0.25,0.175,81,1.3564078638606267,ok,0,9,7,0.0
chb05,chb05_06.edf,904.0,908.0,0.25,0.35,62,0.7350501736554169,ok,0,12,11,0.0
chb05,chb05_06.edf,904.0,908.0,0.25,0.35,63,1.8881964700606273,ok,0,9,7,0.0
chb05,chb05_06.edf,904.0,908.0,0.25,0.35,64,0.8188259878606116,ok,0,8,7,0.0
chb05,chb05_06.edf,904.0,908.0,0.25,0.35,65,1.4824847269439707,ok,0,10,9,0.0
chb05,chb05_06.edf,904.0,908.0,0.25,0.35,66,0.36581014159579417,ok,0,11,9,0.0
chb05,chb05_06.edf,904.0,908.0,0.25,0.35,67,0.5138080837874259,ok,0,12,10,0.0
chb05,chb05_06.edf,904.0,908.0,0.25,0.35,68,0.9901171243252742,ok,0,9,8,0.0
chb05,chb05_06.edf,904.0,908.0,0.25,0.35,69,1.1764082802397795,ok,0,9,7,0.0
chb05,chb05_06.edf,904.0,908.0,0.25,0.35,70,0.2793983295119334,ok,0,9,8,0.0
chb05,chb05_06.edf,904.0,908.0,0.25,0.35,71,1.6064083802046423,ok,0,12,11,0.0
chb05,chb05_06.edf,904.0,908.0,0.25,0.35,72,1.0460467631310655,ok,0,9,8,0.0
chb05,chb05_06.edf,904.0,908.0,0.25,0.35,73,0.44987440750203816,ok,0,9,8,0.0
chb05,chb05_06.edf,904.0,908.0,0.25,0.35,74,0.3609487546928172,ok,0,11,8,0.0
chb05,chb05_06.edf,904.0,908.0,0.25,0.35,75,0.35394981220923855,ok,0,12,11,0.0
chb05,chb05_06.edf,904.0,908.0,0.25,0.35,76,0.4489754295906451,ok,0,13,12,0.0
chb05,chb05_06.edf,904.0,908.0,0.25,0.35,77,0.9447730595988872,ok,0,6,4,0.0
chb05,chb05_06.edf,904.0,908.0,0.25,0.35,78,1.3407604740280588,ok,0,11,10,0.0
chb05,chb05_06.edf,904.0,908.0,0.25,0.35,79,0.1609368397508929,ok,0,7,6,0.0
chb05,chb05_06.edf,904.0,908.0,0.25,0.35,80,0.21406832300309636,ok,0,11,8,0.0
chb05,chb05_06.edf,904.0,908.0,0.25,0.35,81,1.3564078638606267,ok,0,9,7,0.0
chb05,chb05_06.edf,904.0,908.0,0.25,0.7,62,0.9617034190398372,ok,0,9,8,0.0
chb05,chb05_06.edf,904.0,908.0,0.25,0.7,63,1.8881964700606273,ok,0,9,7,0.0
chb05,chb05_06.edf,904.0,908.0,0.25,0.7,64,0.9654538800164801,ok,0,8,7,0.0
chb05,chb05_06.edf,904.0,908.0,0.25,0.7,65,0.9862296553550471,ok,0,11,10,0.0
chb05,chb05_06.edf,904.0,908.0,0.25,0.7,66,0.3455869941264749,ok,0,11,9,0.0
chb05,chb05_06.edf,904.0,908.0,0.25,0.7,67,0.5014998688826329,ok,0,12,11,0.0
chb05,chb05_06.edf,904.0,908.0,0.25,0.7,68,1.0114843677573802,ok,0,10,9,0.0
chb05,chb05_06.edf,904.0,908.0,0.25,0.7,69,1.073038481559641,ok,0,8,6,0.0
chb05,chb05_06.edf,904.0,908.0,0.25,0.7,70,0.22257639464756057,ok,0,9,8,0.0
chb05,chb05_06.edf,904.0,908.0,0.25,0.7,71,1.6064083802046423,ok,0,12,11,0.0
chb05,chb05_06.edf,904.0,908.0,0.25,0.7,72,1.090569094100596,ok,0,8,7,0.0
chb05,chb05_06.edf,904.0,908.0,0.25,0.7,73,0.39767191748979447,ok,0,9,7,0.0
chb05,chb05_06.edf,904.0,908.0,0.25,0.7,74,0.5266456269726423,ok,0,10,8,0.0
chb05,chb05_06.edf,904.0,908.0,0.25,0.7,75,0.3311242595071088,ok,0,11,10,0.0
chb05,chb05_06.edf,904.0,908.0,0.25,0.7,76,0.5084150197913794,ok,0,15,14,0.0
chb05,chb05_06.edf,904.0,908.0,0.25,0.7,77,0.9448272784811769,ok,0,6,4,0.0
chb05,chb05_06.edf,904.0,908.0,0.25,0.7,78,1.339282372884744,ok,0,11,10,0.0
chb05,chb05_06.edf,904.0,908.0,0.25,0.7,79,0.19984428196364598,ok,0,7,5,0.0
chb05,chb05_06.edf,904.0,908.0,0.25,0.7,80,0.20805602846257226,ok,0,12,9,0.0
chb05,chb05_06.edf,904.0,908.0,0.25,0.7,81,1.3250279744344013,ok,0,10,8,0.0
chb05,chb05_06.edf,904.0,908.0,0.5,0.0,62,0.5712931377579745,ok,0,12,11,0.0
chb05,chb05_06.edf,904.0,908.0,0.5,0.0,63,0.16726057798219393,ok,0,8,7,0.0
chb05,chb05_06.edf,904.0,908.0,0.5,0.0,64,0.19637001542360058,ok,0,9,8,0.0
chb05,chb05_06.edf,904.0,908.0,0.5,0.0,65,0.546024803519956,ok,0,10,8,0.0
chb05,chb05_06.edf,904.0,908.0,0.5,0.0,66,0.3428004452807938,ok,0,11,9,0.0
chb05,chb05_06.edf,904.0,908.0,0.5,0.0,67,0.9454773281444654,ok,0,7,6,0.0
chb05,chb05_06.edf,904.0,908.0,0.5,0.0,68,1.2291207868644798,ok,0,12,11,0.0
chb05,chb05_06.edf,904.0,908.0,0.5,0.0,69,1.1682562182790923,ok,0,9,7,0.0
chb05,chb05_06.edf,904.0,908.0,0.5,0.0,70,0.5111811702061327,ok,0,14,13,0.0
chb05,chb05_06.edf,904.0,908.0,0.5,0.0,71,1.8179982256514546,ok,0,11,9,0.0
chb05,chb05_06.edf,904.0,908.0,0.5,0.0,72,0.18642507739616473,ok,0,6,5,0.0
chb05,chb05_06.edf,904.0,908.0,0.5,0.0,73,0.6286253346157429,ok,0,10,9,0.0
chb05,chb05_06.edf,904.0,908.0,0.5,0.0,74,0.6476197533905482,ok,0,9,7,0.0
chb05,chb05_06.edf,904.0,908.0,0.5,0.0,75,0.9626906857352386,ok,0,12,10,0.0
chb05,chb05_06.edf,904.0,908.0,0.5,0.0,76,0.48840569686484475,ok,0,10,9,0.0
chb05,chb05_06.edf,904.0,908.0,0.5,0.0,77,1.4397992123948258,ok,0,10,9,0.0
chb05,chb05_06.edf,904.0,908.0,0.5,0.0,78,0.8783739115481473,ok,0,10,9,0.0
chb05,chb05_06.edf,904.0,908.0,0.5,0.0,79,0.6660998123404629,ok,0,8,7,0.0
chb05,chb05_06.edf,904.0,908.0,0.5,0.0,80,0.48943288169382493,ok,0,10,8,0.0
chb05,chb05_06.edf,904.0,908.0,0.5,0.0,81,1.3487816138931745,ok,0,10,9,0.0
chb05,chb05_06.edf,904.0,908.0,0.5,0.175,62,0.5712931377579745,ok,0,12,11,0.0
chb05,chb05_06.edf,904.0,908.0,0.5,0.175,63,0.16726057798219393,ok,0,8,7,0.0
chb05,chb05_06.edf,904.0,908.0,0.5,0.175,64,0.19637001542360058,ok,0,9,8,0.0
chb05,chb05_06.edf,904.0,908.0,0.5,0.175,65,0.5518250131061467,ok,0,10,8,0.0
chb05,chb05_06.edf,904.0,908.0,0.5,0.175,66,0.3428004452807938,ok,0,11,9,0.0
chb05,chb05_06.edf,904.0,908.0,0.5,0.175,67,0.9454773281444654,ok,0,7,6,0.0
chb05,chb05_06.edf,904.0,908.0,0.5,0.175,68,1.2291207868644798,ok,0,12,11,0.0
chb05,chb05_06.edf,904.0,908.0,0.5,0.175,69,1.2636524125816837,ok,0,9,8,0.0
chb05,chb05_06.edf,904.0,908.0,0.5,0.175,70,0.6339079396394907,ok,0,13,12,0.0
chb05,chb05_06.edf,904.0,908.0,0.5,0.175,71,1.8179982256514546,ok,0,11,9,0.0
chb05,chb05_06.edf,904.0,908.0,0.5,0.175,72,0.18642507739616473,ok,0,6,5,0.0
chb05,chb05_06.edf,904.0,908.0,0.5,0.175,73,0.6806630905161737,ok,0,11,10,0.0
chb05,chb05_06.edf,904.0,908.0,0.5,0.175,74,0.6476197533905482,ok,0,9,7,0.0
chb05,chb05_06.edf,904.0,908.0,0.5,0.175,75,0.9626906857352386,ok,0,12,10,0.0
chb05,chb05_06.edf,904.0,908.0,0.5,0.175,76,0.36286397755079597,ok,0,11,10,0.0
chb05,chb05_06.edf,904.0,908.0,0.5,0.175,77,1.4397992123948258,ok,0,10,9,0.0
chb05,chb05_06.edf,904.0,908.0,0.5,0.175,78,0.8764622074007292,ok,0,10,9,0.0
chb05,chb05_06.edf,904.0,908.0,0.5,0.175,79,0.1609368397508929,ok,0,7,6,0.0
chb05,chb05_06.edf,904.0,908.0,0.5,0.175,80,0.48943288169382493,ok,0,10,8,0.0
chb05,chb05_06.edf,904.0,908.0,0.5,0.175,81,1.3487816138931745,ok,0,10,9,0.0
chb05,chb05_06.edf,904.0,908.0,0.5,0.35,62,0.653235990568506,ok,0,12,11,0.0
chb05,chb05_06.edf,904.0,908.0,0.5,0.35,63,0.227675812532863,ok,0,9,8,0.0
chb05,chb05_06.edf,904.0,908.0,0.5,0.35,64,0.19637001542360058,ok,0,9,8,0.0
chb05,chb05_06.edf,904.0,908.0,0.5,0.35,65,0.5518250131061467,ok,0,10,8,0.0
chb05,chb05_06.edf,904.0,908.0,0.5,0.35,66,0.3428004452807938,ok,0,11,9,0.0
chb05,chb05_06.edf,904.0,908.0,0.5,0.35,67,0.9454773281444654,ok,0,7,6,0.0
chb05,chb05_06.edf,904.0,908.0,0.5,0.35,68,1.2291207868644798,ok,0,12,11,0.0
chb05,chb05_06.edf,904.0,908.0,0.5,0.35,69,1.2636524125816837,ok,0,9,8,0.0
chb05,chb05_06.edf,904.0,908.0,0.5,0.35,70,0.6368640921118522,ok,0,13,12,0.0
chb05,chb05_06.edf,904.0,908.0,0.5,0.35,71,1.8179982256514546,ok,0,11,9,0.0
chb05,chb05_06.edf,904.0,908.0,0.5,0.35,72,0.17941270087025635,ok,0,6,5,0.0
chb05,chb05_06.edf,904.0,908.0,0.5,0.35,73,0.6823008839669013,ok,0,10,9,0.0
chb05,chb05_06.edf,904.0,908.0,0.5,0.35,74,0.6476197533905482,ok,0,9,7,0.0
chb05,chb05_06.edf,904.0,908.0,0.5,0.35,75,0.7778424823417914,ok,0,13,11,0.0
chb05,chb05_06.edf,904.0,908.0,0.5,0.35,76,0.36286397755079597,ok,0,11,10,0.0
chb05,chb05_06.edf,904.0,908.0,0.5,0.35,77,1.4397992123948258,ok,0,10,9,0.0
chb05,chb05_06.edf,904.0,908.0,0.5,0.35,78,0.54622793651452,ok,0,11,10,0.0
chb05,chb05_06.edf,904.0,908.0,0.5,0.35,79,0.1878077787684282,ok,0,7,6,0.0
chb05,chb05_06.edf,904.0,908.0,0.5,0.35,80,0.48943288169382493,ok,0,10,8,0.0
chb05,chb05_06.edf,904.0,908.0,0.5,0.35,81,1.3487816138931745,ok,0,10,9,0.0
chb05,chb05_06.edf,904.0,908.0,0.5,0.7,62,0.653235990568506,ok,0,12,11,0.0
chb05,chb05_06.edf,904.0,908.0,0.5,0.7,63,0.23192694194360075,ok,0,9,8,0.0
chb05,chb05_06.edf,904.0,908.0,0.5,0.7,64,0.19637001542360058,ok,0,9,8,0.0
chb05,chb05_06.edf,904.0,908.0,0.5,0.7,65,1.4145901424968008,ok,0,10,9,0.0
chb05,chb05_06.edf,904.0,908.0,0.5,0.7,66,0.3428004452807938,ok,0,11,9,0.0
chb05,chb05_06.edf,904.0,908.0,0.5,0.7,67,0.9454773281444654,ok,0,7,6,0.0
chb05,chb05_06.edf,904.0,908.0,0.5,0.7,68,1.2786026648680127,ok,0,13,12,0.0
chb05,chb05_06.edf,904.0,908.0,0.5,0.7,69,1.2636805713870538,ok,0,9,8,0.0
chb05,chb05_06.edf,904.0,908.0,0.5,0.7,70,0.6291353192958089,ok,0,13,12,0.0
chb05,chb05_06.edf,904.0,908.0,0.5,0.7,71,1.8386018855277186,ok,0,11,9,0.0
chb05,chb05_06.edf,904.0,908.0,0.5,0.7,72,0.10544403190926051,ok,0,6,5,0.0
chb05,chb05_06.edf,904.0,908.0,0.5,0.7,73,0.5781442254293491,ok,0,9,8,0.0
chb05,chb05_06.edf,904.0,908.0,0.5,0.7,74,0.7010243601506043,ok,0,10,8,0.0
chb05,chb05_06.edf,904.0,908.0,0.5,0.7,75,0.7102119060935922,ok,0,12,10,0.0
chb05,chb05_06.edf,904.0,908.0,0.5,0.7,76,0.32444710210071603,ok,0,10,9,0.0
chb05,chb05_06.edf,904.0,908.0,0.5,0.7,77,1.3725687994636866,ok,0,11,9,0.0
chb05,chb05_06.edf,904.0,908.0,0.5,0.7,78,0.5877941697952316,ok,0,11,10,0.0
chb05,chb05_06.edf,904.0,908.0,0.5,0.7,79,0.1878077787684282,ok,0,7,6,0.0
chb05,chb05_06.edf,904.0,908.0,0.5,0.7,80,0.48943288169382493,ok,0,10,8,0.0
chb05,chb05_06.edf,904.0,908.0,0.5,0.7,81,1.3564078638606267,ok,0,9,7,0.0
chb05,chb05_06.edf,904.0,908.0,1.0,0.0,62,0.7743914046997703,ok,0,11,10,0.0
chb05,chb05_06.edf,904.0,908.0,1.0,0.0,63,0.21488489744161204,ok,0,8,7,0.0
chb05,chb05_06.edf,904.0,908.0,1.0,0.0,64,0.17192047651837583,ok,0,10,9,0.0
chb05,chb05_06.edf,904.0,908.0,1.0,0.0,65,0.48620003231413916,ok,0,12,9,0.0
chb05,chb05_06.edf,904.0,908.0,1.0,0.0,66,1.3756822323974554,ok,0,13,11,0.0
chb05,chb05_06.edf,904.0,908.0,1.0,0.0,67,1.0067830609804835,ok,0,9,8,0.0
chb05,chb05_06.edf,904.0,908.0,1.0,0.0,68,1.5176810316646947,ok,0,13,11,0.0
chb05,chb05_06.edf,904.0,908.0,1.0,0.0,69,1.0610836315798138,ok,0,8,5,0.0
chb05,chb05_06.edf,904.0,908.0,1.0,0.0,70,0.981919803246944,ok,0,12,11,0.0
chb05,chb05_06.edf,904.0,908.0,1.0,0.0,71,1.7937447317653397,ok,0,10,8,0.0
chb05,chb05_06.edf,904.0,908.0,1.0,0.0,72,0.18642507739616473,ok,0,6,5,0.0
chb05,chb05_06.edf,904.0,908.0,1.0,0.0,73,0.5987516059102022,ok,0,9,8,0.0
chb05,chb05_06.edf,904.0,908.0,1.0,0.0,74,0.6443582292066723,ok,0,11,10,0.0
chb05,chb05_06.edf,904.0,908.0,1.0,0.0,75,1.65888681246551,ok,0,10,7,0.0
chb05,chb05_06.edf,904.0,908.0,1.0,0.0,76,0.22553402254439306,ok,0,12,11,0.0
chb05,chb05_06.edf,904.0,908.0,1.0,0.0,77,1.261454559020981,ok,0,10,9,0.0
chb05,chb05_06.edf,904.0,908.0,1.0,0.0,78,1.9856992051961986,ok,0,12,11,0.0
chb05,chb05_06.edf,904.0,908.0,1.0,0.0,79,0.1609368397508929,ok,0,7,6,0.0
chb05,chb05_06.edf,904.0,908.0,1.0,0.0,80,0.8375512923759941,ok,0,11,9,0.0
chb05,chb05_06.edf,904.0,908.0,1.0,0.0,81,1.3218647883394035,ok,0,10,8,0.0
chb05,chb05_06.edf,904.0,908.0,1.0,0.175,62,0.8207228509784782,ok,0,12,11,0.0
chb05,chb05_06.edf,904.0,908.0,1.0,0.175,63,0.2173990092096237,ok,0,9,8,0.0
chb05,chb05_06.edf,904.0,908.0,1.0,0.175,64,0.17192047651837583,ok,0,10,9,0.0
chb05,chb05_06.edf,904.0,908.0,1.0,0.175,65,0.49292157435773215,ok,0,12,10,0.0
chb05,chb05_06.edf,904.0,908.0,1.0,0.175,66,1.3756822323974554,ok,0,13,11,0.0
chb05,chb05_06.edf,904.0,908.0,1.0,0.175,67,1.0067830609804835,ok,0,9,8,0.0
chb05,chb05_06.edf,904.0,908.0,1.0,0.175,68,1.5176810316646947,ok,0,13,11,0.0
chb05,chb05_06.edf,904.0,908.0,1.0,0.175,69,1.20327226737019,ok,0,8,6,0.0
chb05,chb05_06.edf,904.0,908.0,1.0,0.175,70,1.0713161689866328,ok,0,12,9,0.0
chb05,chb05_06.edf,904.0,908.0,1.0,0.175,71,1.7937447317653397,ok,0,10,8,0.0
chb05,chb05_06.edf,904.0,908.0,1.0,0.175,72,0.18642507739616473,ok,0,6,5,0.0
chb05,chb05_06.edf,904.0,908.0,1.0,0.175,73,0.6191720810400293,ok,0,9,8,0.0
chb05,chb05_06.edf,904.0,908.0,1.0,0.175,74,0.6443582292066723,ok,0,11,10,0.0
chb05,chb05_06.edf,904.0,908.0,1.0,0.175,75,1.5723762842569506,ok,0,9,7,0.0
chb05,chb05_06.edf,904.0,908.0,1.0,0.175,76,0.22553402254439306,ok,0,12,11,0.0
chb05,chb05_06.edf,904.0,908.0,1.0,0.175,77,1.261454559020981,ok,0,10,9,0.0
chb05,chb05_06.edf,904.0,908.0,1.0,0.175,78,2.0008167178077203,ok,0,11,10,0.0
chb05,chb05_06.edf,904.0,908.0,1.0,0.175,79,0.1609368397508929,ok,0,7,6,0.0
chb05,chb05_06.edf,904.0,908.0,1.0,0.175,80,0.9244954663863411,ok,0,10,8,0.0
chb05,chb05_06.edf,904.0,908.0,1.0,0.175,81,1.3218647883394035,ok,0,10,8,0.0
chb05,chb05_06.edf,904.0,908.0,1.0,0.35,62,0.8207228509784782,ok,0,12,11,0.0
chb05,chb05_06.edf,904.0,908.0,1.0,0.35,63,0.2173990092096237,ok,0,9,8,0.0
chb05,chb05_06.edf,904.0,908.0,1.0,0.35,64,0.17192047651837583,ok,0,10,9,0.0
chb05,chb05_06.edf,904.0,908.0,1.0,0.35,65,0.49292157435773215,ok,0,12,10,0.0
chb05,chb05_06.edf,904.0,908.0,1.0,0.35,66,1.3756822323974554,ok,0,13,11,0.0
chb05,chb05_06.edf,904.0,908.0,1.0,0.35,67,1.0067830609804835,ok,0,9,8,0.0
chb05,chb05_06.edf,904.0,908.0,1.0,0.35,68,1.44167629497798,ok,0,12,10,0.0
chb05,chb05_06.edf,904.0,908.0,1.0,0.35,69,1.20327226737019,ok,0,8,6,0.0
chb05,chb05_06.edf,904.0,908.0,1.0,0.35,70,1.0713161689866328,ok,0,12,9,0.0
chb05,chb05_06.edf,904.0,908.0,1.0,0.35,71,1.7937447317653397,ok,0,10,8,0.0
chb05,chb05_06.edf,904.0,908.0,1.0,0.35,72,0.17941270087025635,ok,0,6,5,0.0
chb05,chb05_06.edf,904.0,908.0,1.0,0.35,73,0.6191720810400293,ok,0,9,8,0.0
chb05,chb05_06.edf,904.0,908.0,1.0,0.35,74,0.6265503624779104,ok,0,10,9,0.0
chb05,chb05_06.edf,904.0,908.0,1.0,0.35,75,1.5723762842569506,ok,0,9,7,0.0
chb05,chb05_06.edf,904.0,908.0,1.0,0.35,76,0.22553402254439306,ok,0,12,11,0.0
chb05,chb05_06.edf,904.0,908.0,1.0,0.35,77,1.261454559020981,ok,0,10,9,0.0
chb05,chb05_06.edf,904.0,908.0,1.0,0.35,78,2.0008167178077203,ok,0,11,10,0.0
chb05,chb05_06.edf,904.0,908.0,1.0,0.35,79,0.1609368397508929,ok,0,7,6,0.0
chb05,chb05_06.edf,904.0,908.0,1.0,0.35,80,0.9244954663863411,ok,0,10,8,0.0
chb05,chb05_06.edf,904.0,908.0,1.0,0.35,81,1.3218647883394035,ok,0,10,8,0.0
chb05,chb05_06.edf,904.0,908.0,1.0,0.7,62,0.8171695191484681,ok,0,12,11,0.0
chb05,chb05_06.edf,904.0,908.0,1.0,0.7,63,0.2173990092096237,ok,0,9,8,0.0
chb05,chb05_06.edf,904.0,908.0,1.0,0.7,64,0.17192047651837583,ok,0,10,9,0.0
chb05,chb05_06.edf,904.0,908.0,1.0,0.7,65,0.49292157435773215,ok,0,12,10,0.0
chb05,chb05_06.edf,904.0,908.0,1.0,0.7,66,1.3756822323974554,ok,0,13,11,0.0
chb05,chb05_06.edf,904.0,908.0,1.0,0.7,67,1.0276695755361174,ok,0,9,8,0.0
chb05,chb05_06.edf,904.0,908.0,1.0,0.7,68,1.3975712778301073,ok,0,13,11,0.0
chb05,chb05_06.edf,904.0,908.0,1.0,0.7,69,1.2032957183768314,ok,0,8,6,0.0
chb05,chb05_06.edf,904.0,908.0,1.0,0.7,70,1.0713161689866328,ok,0,12,9,0.0
chb05,chb05_06.edf,904.0,908.0,1.0,0.7,71,1.7144437964910062,ok,0,11,7,0.0
chb05,chb05_06.edf,904.0,908.0,1.0,0.7,72,0.12664947310208352,ok,0,6,5,0.0
chb05,chb05_06.edf,904.0,908.0,1.0,0.7,73,0.6815614061951711,ok,0,10,9,0.0
chb05,chb05_06.edf,904.0,908.0,1.0,0.7,74,0.6096320250256873,ok,0,10,9,0.0
chb05,chb05_06.edf,904.0,908.0,1.0,0.7,75,1.577872887193188,ok,0,10,8,0.0
chb05,chb05_06.edf,904.0,908.0,1.0,0.7,76,0.22553402254439306,ok,0,12,11,0.0
chb05,chb05_06.edf,904.0,908.0,1.0,0.7,77,1.261454559020981,ok,0,10,9,0.0
chb05,chb05_06.edf,904.0,908.0,1.0,0.7,78,2.0009138479953363,ok,0,11,10,0.0
chb05,chb05_06.edf,904.0,908.0,1.0,0.7,79,0.19984428196364598,ok,0,7,5,0.0
chb05,chb05_06.edf,904.0,908.0,1.0,0.7,80,0.7001723173641382,ok,0,11,9,0.0
chb05,chb05_06.edf,904.0,908.0,1.0,0.7,81,1.3218647883394035,ok,0,10,8,0.0
chb05,chb05_06.edf,2700.0,2704.0,0.25,0.0,62,0.6171842911523988,ok,0,10,9,0.0
chb05,chb05_06.edf,2700.0,2704.0,0.25,0.0,63,2.043747370146671,ok,0,9,8,0.0
chb05,chb05_06.edf,2700.0,2704.0,0.25,0.0,64,0.8756532617719204,ok,0,9,8,0.0
chb05,chb05_06.edf,2700.0,2704.0,0.25,0.0,65,0.9667718123938864,ok,0,11,10,0.0
chb05,chb05_06.edf,2700.0,2704.0,0.25,0.0,66,0.3631787913269073,ok,0,11,9,0.0
chb05,chb05_06.edf,2700.0,2704.0,0.25,0.0,67,0.8092054221906116,ok,0,11,9,0.0
chb05,chb05_06.edf,2700.0,2704.0,0.25,0.0,68,0.9681035064574081,ok,0,9,8,0.0
chb05,chb05_06.edf,2700.0,2704.0,0.25,0.0,69,1.241548694349417,ok,0,10,8,0.0
chb05,chb05_06.edf,2700.0,2704.0,0.25,0.0,70,0.2793983295119334,ok,0,9,8,0.0
chb05,chb05_06.edf,2700.0,2704.0,0.25,0.0,71,1.5904417843670142,ok,0,12,11,0.0
chb05,chb05_06.edf,2700.0,2704.0,0.25,0.0,72,0.9990557900479503,ok,0,11,9,0.0
chb05,chb05_06.edf,2700.0,2704.0,0.25,0.0,73,0.4814093715175572,ok,0,8,7,0.0
chb05,chb05_06.edf,2700.0,2704.0,0.25,0.0,74,0.6162790697674418,ok,0,11,8,0.0
chb05,chb05_06.edf,2700.0,2704.0,0.25,0.0,75,0.35394981220923855,ok,0,12,11,0.0
chb05,chb05_06.edf,2700.0,2704.0,0.25,0.0,76,0.3909772130214703,ok,0,12,11,0.0
chb05,chb05_06.edf,2700.0,2704.0,0.25,0.0,77,0.9447730595988872,ok,0,6,4,0.0
chb05,chb05_06.edf,2700.0,2704.0,0.25,0.0,78,1.3483863463099397,ok,0,11,10,0.0
chb05,chb05_06.edf,2700.0,2704.0,0.25,0.0,79,0.1609368397508929,ok,0,7,6,0.0
chb05,chb05_06.edf,2700.0,2704.0,0.25,0.0,80,0.1797136108456547,ok,0,12,10,0.0
chb05,chb05_06.edf,2700.0,2704.0,0.25,0.0,81,1.4033891062507988,ok,0,10,7,0.0
chb05,chb05_06.edf,2700.0,2704.0,0.25,0.175,62,0.7739705878869865,ok,0,9,8,0.0
chb05,chb05_06.edf,2700.0,2704.0,0.25,0.175,63,2.034173947693193,ok,0,9,8,0.0
chb05,chb05_06.edf,2700.0,2704.0,0.25,0.175,64,0.8756532617719204,ok,0,9,8,0.0
chb05,chb05_06.edf,2700.0,2704.0,0.25,0.175,65,0.9414616009623639,ok,0,11,9,0.0
chb05,chb05_06.edf,2700.0,2704.0,0.25,0.175,66,0.3631787913269073,ok,0,11,9,0.0
chb05,chb05_06.edf,2700.0,2704.0,0.25,0.175,67,0.7837496720494512,ok,0,11,9,0.0
chb05,chb05_06.edf,2700.0,2704.0,0.25,0.175,68,0.9548224725295615,ok,0,9,8,0.0
chb05,chb05_06.edf,2700.0,2704.0,0.25,0.175,69,1.241548694349417,ok,0,10,8,0.0
chb05,chb05_06.edf,2700.0,2704.0,0.25,0.175,70,0.2793983295119334,ok,0,9,8,0.0
chb05,chb05_06.edf,2700.0,2704.0,0.25,0.175,71,1.5904417843670142,ok,0,12,11,0.0
chb05,chb05_06.edf,2700.0,2704.0,0.25,0.175,72,1.0189295409461563,ok,0,10,8,0.0
chb05,chb05_06.edf,2700.0,2704.0,0.25,0.175,73,0.497330237465406,ok,0,8,7,0.0
chb05,chb05_06.edf,2700.0,2704.0,0.25,0.175,74,0.6162790697674418,ok,0,11,8,0.0
chb05,chb05_06.edf,2700.0,2704.0,0.25,0.175,75,0.35394981220923855,ok,0,12,11,0.0
chb05,chb05_06.edf,2700.0,2704.0,0.25,0.175,76,0.3909772130214703,ok,0,12,11,0.0
chb05,chb05_06.edf,2700.0,2704.0,0.25,0.175,77,0.9447730595988872,ok,0,6,4,0.0
chb05,chb05_06.edf,2700.0,2704.0,0.25,0.175,78,1.3398964670083215,ok,0,11,10,0.0
chb05,chb05_06.edf,2700.0,2704.0,0.25,0.175,79,0.1609368397508929,ok,0,7,6,0.0
chb05,chb05_06.edf,2700.0,2704.0,0.25,0.175,80,0.21929051768300356,ok,0,12,9,0.0
chb05,chb05_06.edf,2700.0,2704.0,0.25,0.175,81,1.311931266342682,ok,0,9,7,0.0
chb05,chb05_06.edf,2700.0,2704.0,0.25,0.35,62,0.8965792273646699,ok,0,11,10,0.0
chb05,chb05_06.edf,2700.0,2704.0,0.25,0.35,63,1.888135135586656,ok,0,9,7,0.0
chb05,chb05_06.edf,2700.0,2704.0,0.25,0.35,64,0.8188259878606116,ok,0,8,7,0.0
chb05,chb05_06.edf,2700.0,2704.0,0.25,0.35,65,0.8954434332887581,ok,0,10,8,0.0
chb05,chb05_06.edf,2700.0,2704.0,0.25,0.35,66,0.36581014159579417,ok,0,11,9,0.0
chb05,chb05_06.edf,2700.0,2704.0,0.25,0.35,67,0.7405857757584552,ok,0,10,9,0.0
chb05,chb05_06.edf,2700.0,2704.0,0.25,0.35,68,0.9548224725295615,ok,0,9,8,0.0
chb05,chb05_06.edf,2700.0,2704.0,0.25,0.35,69,1.1416602173774861,ok,0,10,7,0.0
chb05,chb05_06.edf,2700.0,2704.0,0.25,0.35,70,0.2793983295119334,ok,0,9,8,0.0
chb05,chb05_06.edf,2700.0,2704.0,0.25,0.35,71,1.5216703521854653,ok,0,12,10,0.0
chb05,chb05_06.edf,2700.0,2704.0,0.25,0.35,72,1.0189295409461563,ok,0,10,8,0.0
chb05,chb05_06.edf,2700.0,2704.0,0.25,0.35,73,0.5012990409006469,ok,0,8,7,0.0
chb05,chb05_06.edf,2700.0,2704.0,0.25,0.35,74,0.3780411210932293,ok,0,11,8,0.0
chb05,chb05_06.edf,2700.0,2704.0,0.25,0.35,75,0.39215394067812964,ok,0,12,11,0.0
chb05,chb05_06.edf,2700.0,2704.0,0.25,0.35,76,0.3909772130214703,ok,0,12,11,0.0
chb05,chb05_06.edf,2700.0,2704.0,0.25,0.35,77,0.9447730595988872,ok,0,6,4,0.0
chb05,chb05_06.edf,2700.0,2704.0,0.25,0.35,78,1.2902280842527625,ok,0,10,9,0.0
chb05,chb05_06.edf,2700.0,2704.0,0.25,0.35,79,0.1609368397508929,ok,0,7,6,0.0
chb05,chb05_06.edf,2700.0,2704.0,0.25,0.35,80,0.21181411721090648,ok,0,12,9,0.0
chb05,chb05_06.edf,2700.0,2704.0,0.25,0.35,81,1.311931266342682,ok,0,9,7,0.0
chb05,chb05_06.edf,2700.0,2704.0,0.25,0.7,62,0.8692442608212796,ok,0,8,7,0.0
chb05,chb05_06.edf,2700.0,2704.0,0.25,0.7,63,2.0065635911943325,ok,0,9,8,0.0
chb05,chb05_06.edf,2700.0,2704.0,0.25,0.7,64,0.818535234211095,ok,0,8,7,0.0
chb05,chb05_06.edf,2700.0,2704.0,0.25,0.7,65,0.6241539538996564,ok,0,10,9,0.0
chb05,chb05_06.edf,2700.0,2704.0,0.25,0.7,66,0.36581014159579417,ok,0,11,9,0.0
chb05,chb05_06.edf,2700.0,2704.0,0.25,0.7,67,0.6719771234483134,ok,0,10,9,0.0
chb05,chb05_06.edf,2700.0,2704.0,0.25,0.7,68,0.6244513540929587,ok,0,10,9,0.0
chb05,chb05_06.edf,2700.0,2704.0,0.25,0.7,69,1.2377839868059548,ok,0,11,8,0.0
chb05,chb05_06.edf,2700.0,2704.0,0.25,0.7,70,0.2793983295119334,ok,0,9,8,0.0
chb05,chb05_06.edf,2700.0,2704.0,0.25,0.7,71,1.3204358338859459,ok,0,14,11,0.0
chb05,chb05_06.edf,2700.0,2704.0,0.25,0.7,72,1.0151011334715483,ok,0,10,8,0.0
chb05,chb05_06.edf,2700.0,2704.0,0.25,0.7,73,0.40060371947622714,ok,0,9,8,0.0
chb05,chb05_06.edf,2700.0,2704.0,0.25,0.7,74,0.22189393548416583,ok,0,10,7,0.0
chb05,chb05_06.edf,2700.0,2704.0,0.25,0.7,75,0.39713903940976264,ok,0,12,11,0.0
chb05,chb05_06.edf,2700.0,2704.0,0.25,0.7,76,0.4852023413418131,ok,0,13,12,0.0
chb05,chb05_06.edf,2700.0,2704.0,0.25,0.7,77,0.8852927255301171,ok,0,6,4,0.0
chb05,chb05_06.edf,2700.0,2704.0,0.25,0.7,78,1.2034919603198266,ok,0,10,8,0.0
chb05,chb05_06.edf,2700.0,2704.0,0.25,0.7,79,0.15092040263009227,ok,0,7,6,0.0
chb05,chb05_06.edf,2700.0,2704.0,0.25,0.7,80,0.21181411721090648,ok,0,12,9,0.0
chb05,chb05_06.edf,2700.0,2704.0,0.25,0.7,81,1.3440880559726176,ok,0,9,7,0.0
chb05,chb05_06.edf,2700.0,2704.0,0.5,0.0,62,0.5712931377579745,ok,0,12,11,0.0
chb05,chb05_06.edf,2700.0,2704.0,0.5,0.0,63,0.16726057798219393,ok,0,8,7,0.0
chb05,chb05_06.edf,2700.0,2704.0,0.5,0.0,64,0.19637001542360058,ok,0,9,8,0.0
chb05,chb05_06.edf,2700.0,2704.0,0.5,0.0,65,0.546024803519956,ok,0,10,8,0.0
chb05,chb05_06.edf,2700.0,2704.0,0.5,0.0,66,0.3428004452807938,ok,0,11,9,0.0
chb05,chb05_06.edf,2700.0,2704.0,0.5,0.0,67,0.9454773281444654,ok,0,7,6,0.0
chb05,chb05_06.edf,2700.0,2704.0,0.5,0.0,68,1.2291207868644798,ok,0,12,11,0.0
chb05,chb05_06.edf,2700.0,2704.0,0.5,0.0,69,1.1682562182790923,ok,0,9,7,0.0
chb05,chb05_06.edf,2700.0,2704.0,0.5,0.0,70,0.5111811702061327,ok,0,14,13,0.0
chb05,chb05_06.edf,2700.0,2704.0,0.5,0.0,71,1.8179982256514546,ok,0,11,9,0.0
chb05,chb05_06.edf,2700.0,2704.0,0.5,0.0,72,0.18642507739616473,ok,0,6,5,0.0
chb05,chb05_06.edf,2700.0,2704.0,0.5,0.0,73,0.6286253346157429,ok,0,10,9,0.0
chb05,chb05_06.edf,2700.0,2704.0,0.5,0.0,74,0.6476197533905482,ok,0,9,7,0.0
chb05,chb05_06.edf,2700.0,2704.0,0.5,0.0,75,0.9626906857352386,ok,0,12,10,0.0
chb05,chb05_06.edf,2700.0,2704.0,0.5,0.0,76,0.48840569686484475,ok,0,10,9,0.0
chb05,chb05_06.edf,2700.0,2704.0,0.5,0.0,77,1.4397992123948258,ok,0,10,9,0.0
chb05,chb05_06.edf,2700.0,2704.0,0.5,0.0,78,0.8783739115481473,ok,0,10,9,0.0
chb05,chb05_06.edf,2700.0,2704.0,0.5,0.0,79,0.6660998123404629,ok,0,8,7,0.0
chb05,chb05_06.edf,2700.0,2704.0,0.5,0.0,80,0.48943288169382493,ok,0,10,8,0.0
chb05,chb05_06.edf,2700.0,2704.0,0.5,0.0,81,1.3487816138931745,ok,0,10,9,0.0
chb05,chb05_06.edf,2700.0,2704.0,0.5,0.175,62,0.5712931377579745,ok,0,12,11,0.0
chb05,chb05_06.edf,2700.0,2704.0,0.5,0.175,63,0.16726057798219393,ok,0,8,7,0.0
chb05,chb05_06.edf,2700.0,2704.0,0.5,0.175,64,0.19637001542360058,ok,0,9,8,0.0
chb05,chb05_06.edf,2700.0,2704.0,0.5,0.175,65,0.5518250131061467,ok,0,10,8,0.0
chb05,chb05_06.edf,2700.0,2704.0,0.5,0.175,66,0.3428004452807938,ok,0,11,9,0.0
chb05,chb05_06.edf,2700.0,2704.0,0.5,0.175,67,0.9454773281444654,ok,0,7,6,0.0
chb05,chb05_06.edf,2700.0,2704.0,0.5,0.175,68,1.2291207868644798,ok,0,12,11,0.0
chb05,chb05_06.edf,2700.0,2704.0,0.5,0.175,69,1.1682562182790923,ok,0,9,7,0.0
chb05,chb05_06.edf,2700.0,2704.0,0.5,0.175,70,0.5111811702061327,ok,0,14,13,0.0
chb05,chb05_06.edf,2700.0,2704.0,0.5,0.175,71,1.8179982256514546,ok,0,11,9,0.0
chb05,chb05_06.edf,2700.0,2704.0,0.5,0.175,72,0.18642507739616473,ok,0,6,5,0.0
chb05,chb05_06.edf,2700.0,2704.0,0.5,0.175,73,0.5821637497658831,ok,0,9,8,0.0
chb05,chb05_06.edf,2700.0,2704.0,0.5,0.175,74,0.655280757217913,ok,0,10,8,0.0
chb05,chb05_06.edf,2700.0,2704.0,0.5,0.175,75,0.9626906857352386,ok,0,12,10,0.0
chb05,chb05_06.edf,2700.0,2704.0,0.5,0.175,76,0.3297550339148682,ok,0,11,10,0.0
chb05,chb05_06.edf,2700.0,2704.0,0.5,0.175,77,1.4397992123948258,ok,0,10,9,0.0
chb05,chb05_06.edf,2700.0,2704.0,0.5,0.175,78,0.8764622074007292,ok,0,10,9,0.0
chb05,chb05_06.edf,2700.0,2704.0,0.5,0.175,79,0.6660998123404629,ok,0,8,7,0.0
chb05,chb05_06.edf,2700.0,2704.0,0.5,0.175,80,0.48943288169382493,ok,0,10,8,0.0
chb05,chb05_06.edf,2700.0,2704.0,0.5,0.175,81,1.3487816138931745,ok,0,10,9,0.0
chb05,chb05_06.edf,2700.0,2704.0,0.5,0.35,62,0.6557931889216831,ok,0,12,11,0.0
chb05,chb05_06.edf,2700.0,2704.0,0.5,0.35,63,0.15588015385303078,ok,0,9,8,0.0
chb05,chb05_06.edf,2700.0,2704.0,0.5,0.35,64,0.19637001542360058,ok,0,9,8,0.0
chb05,chb05_06.edf,2700.0,2704.0,0.5,0.35,65,0.5518250131061467,ok,0,10,8,0.0
chb05,chb05_06.edf,2700.0,2704.0,0.5,0.35,66,0.3428004452807938,ok,0,11,9,0.0
chb05,chb05_06.edf,2700.0,2704.0,0.5,0.35,67,0.9220659889498258,ok,0,7,6,0.0
chb05,chb05_06.edf,2700.0,2704.0,0.5,0.35,68,1.2411825746152814,ok,0,12,11,0.0
chb05,chb05_06.edf,2700.0,2704.0,0.5,0.35,69,1.1682562182790923,ok,0,9,7,0.0
chb05,chb05_06.edf,2700.0,2704.0,0.5,0.35,70,0.5111811702061327,ok,0,14,13,0.0
chb05,chb05_06.edf,2700.0,2704.0,0.5,0.35,71,1.8179982256514546,ok,0,11,9,0.0
chb05,chb05_06.edf,2700.0,2704.0,0.5,0.35,72,0.18642507739616473,ok,0,6,5,0.0
chb05,chb05_06.edf,2700.0,2704.0,0.5,0.35,73,0.5821637497658831,ok,0,9,8,0.0
chb05,chb05_06.edf,2700.0,2704.0,0.5,0.35,74,0.643555826897504,ok,0,10,8,0.0
chb05,chb05_06.edf,2700.0,2704.0,0.5,0.35,75,0.9626906857352386,ok,0,12,10,0.0
chb05,chb05_06.edf,2700.0,2704.0,0.5,0.35,76,0.3297550339148682,ok,0,11,10,0.0
chb05,chb05_06.edf,2700.0,2704.0,0.5,0.35,77,0.14113296980235743,ok,0,9,8,0.0
chb05,chb05_06.edf,2700.0,2704.0,0.5,0.35,78,0.5462753235455683,ok,0,11,10,0.0
chb05,chb05_06.edf,2700.0,2704.0,0.5,0.35,79,0.1609368397508929,ok,0,7,6,0.0
chb05,chb05_06.edf,2700.0,2704.0,0.5,0.35,80,0.48943288169382493,ok,0,10,8,0.0
chb05,chb05_06.edf,2700.0,2704.0,0.5,0.35,81,1.3487816138931745,ok,0,10,9,0.0
chb05,chb05_06.edf,2700.0,2704.0,0.5,0.7,62,0.6638641993639577,ok,0,12,11,0.0
chb05,chb05_06.edf,2700.0,2704.0,0.5,0.7,63,0.16249560886504982,ok,0,8,7,0.0
chb05,chb05_06.edf,2700.0,2704.0,0.5,0.7,64,0.178366181378274,ok,0,9,8,0.0
chb05,chb05_06.edf,2700.0,2704.0,0.5,0.7,65,0.6240022410105626,ok,0,9,6,0.0
chb05,chb05_06.edf,2700.0,2704.0,0.5,0.7,66,0.3455869941264749,ok,0,11,9,0.0
chb05,chb05_06.edf,2700.0,2704.0,0.5,0.7,67,0.9716193289747405,ok,0,8,6,0.0
chb05,chb05_06.edf,2700.0,2704.0,0.5,0.7,68,1.2411825746152814,ok,0,12,11,0.0
chb05,chb05_06.edf,2700.0,2704.0,0.5,0.7,69,1.2601583765653204,ok,0,10,8,0.0
chb05,chb05_06.edf,2700.0,2704.0,0.5,0.7,70,0.5111811702061327,ok,0,14,13,0.0
chb05,chb05_06.edf,2700.0,2704.0,0.5,0.7,71,1.5232213739139893,ok,0,13,10,0.0
chb05,chb05_06.edf,2700.0,2704.0,0.5,0.7,72,0.15023990062828135,ok,0,6,5,0.0
chb05,chb05_06.edf,2700.0,2704.0,0.5,0.7,73,0.6614665728146858,ok,0,10,9,0.0
chb05,chb05_06.edf,2700.0,2704.0,0.5,0.7,74,0.6356543971821074,ok,0,10,8,0.0
chb05,chb05_06.edf,2700.0,2704.0,0.5,0.7,75,0.926374742454161,ok,0,11,10,0.0
chb05,chb05_06.edf,2700.0,2704.0,0.5,0.7,76,0.267706524716773,ok,0,10,9,0.0
chb05,chb05_06.edf,2700.0,2704.0,0.5,0.7,77,0.14113296980235743,ok,0,9,8,0.0
chb05,chb05_06.edf,2700.0,2704.0,0.5,0.7,78,0.5462753235455683,ok,0,11,10,0.0
chb05,chb05_06.edf,2700.0,2704.0,0.5,0.7,79,0.1568870781527907,ok,0,8,5,0.0
chb05,chb05_06.edf,2700.0,2704.0,0.5,0.7,80,0.5128777883227155,ok,0,10,8,0.0
chb05,chb05_06.edf,2700.0,2704.0,0.5,0.7,81,1.3090048744270146,ok,0,10,9,0.0
chb05,chb05_06.edf,2700.0,2704.0,1.0,0.0,62,0.7743914046997703,ok,0,11,10,0.0
chb05,chb05_06.edf,2700.0,2704.0,1.0,0.0,63,0.21488489744161204,ok,0,8,7,0.0
chb05,chb05_06.edf,2700.0,2704.0,1.0,0.0,64,0.17192047651837583,ok,0,10,9,0.0
chb05,chb05_06.edf,2700.0,2704.0,1.0,0.0,65,0.48620003231413916,ok,0,12,9,0.0
chb05,chb05_06.edf,2700.0,2704.0,1.0,0.0,66,1.3756822323974554,ok,0,13,11,0.0
chb05,chb05_06.edf,2700.0,2704.0,1.0,0.0,67,1.0067830609804835,ok,0,9,8,0.0
chb05,chb05_06.edf,2700.0,2704.0,1.0,0.0,68,1.5176810316646947,ok,0,13,11,0.0
chb05,chb05_06.edf,2700.0,2704.0,1.0,0.0,69,1.0610836315798138,ok,0,8,5,0.0
chb05,chb05_06.edf,2700.0,2704.0,1.0,0.0,70,0.981919803246944,ok,0,12,11,0.0
chb05,chb05_06.edf,2700.0,2704.0,1.0,0.0,71,1.7937447317653397,ok,0,10,8,0.0
chb05,chb05_06.edf,2700.0,2704.0,1.0,0.0,72,0.18642507739616473,ok,0,6,5,0.0
chb05,chb05_06.edf,2700.0,2704.0,1.0,0.0,73,0.5987516059102022,ok,0,9,8,0.0
chb05,chb05_06.edf,2700.0,2704.0,1.0,0.0,74,0.6443582292066723,ok,0,11,10,0.0
chb05,chb05_06.edf,2700.0,2704.0,1.0,0.0,75,1.65888681246551,ok,0,10,7,0.0
chb05,chb05_06.edf,2700.0,2704.0,1.0,0.0,76,0.22553402254439306,ok,0,12,11,0.0
chb05,chb05_06.edf,2700.0,2704.0,1.0,0.0,77,1.261454559020981,ok,0,10,9,0.0
chb05,chb05_06.edf,2700.0,2704.0,1.0,0.0,78,1.9856992051961986,ok,0,12,11,0.0
chb05,chb05_06.edf,2700.0,2704.0,1.0,0.0,79,0.1609368397508929,ok,0,7,6,0.0
chb05,chb05_06.edf,2700.0,2704.0,1.0,0.0,80,0.8375512923759941,ok,0,11,9,0.0
chb05,chb05_06.edf,2700.0,2704.0,1.0,0.0,81,1.3218647883394035,ok,0,10,8,0.0
chb05,chb05_06.edf,2700.0,2704.0,1.0,0.175,62,0.7743914046997703,ok,0,11,10,0.0
chb05,chb05_06.edf,2700.0,2704.0,1.0,0.175,63,0.16726057798219393,ok,0,8,7,0.0
chb05,chb05_06.edf,2700.0,2704.0,1.0,0.175,64,0.17192047651837583,ok,0,10,9,0.0
chb05,chb05_06.edf,2700.0,2704.0,1.0,0.175,65,0.48620003231413916,ok,0,12,9,0.0
chb05,chb05_06.edf,2700.0,2704.0,1.0,0.175,66,1.3756822323974554,ok,0,13,11,0.0
chb05,chb05_06.edf,2700.0,2704.0,1.0,0.175,67,1.0067830609804835,ok,0,9,8,0.0
chb05,chb05_06.edf,2700.0,2704.0,1.0,0.175,68,1.5176810316646947,ok,0,13,11,0.0
chb05,chb05_06.edf,2700.0,2704.0,1.0,0.175,69,1.0610836315798138,ok,0,8,5,0.0
chb05,chb05_06.edf,2700.0,2704.0,1.0,0.175,70,0.981919803246944,ok,0,12,11,0.0
chb05,chb05_06.edf,2700.0,2704.0,1.0,0.175,71,1.7937447317653397,ok,0,10,8,0.0
chb05,chb05_06.edf,2700.0,2704.0,1.0,0.175,72,0.18642507739616473,ok,0,6,5,0.0
chb05,chb05_06.edf,2700.0,2704.0,1.0,0.175,73,0.5987516059102022,ok,0,9,8,0.0
chb05,chb05_06.edf,2700.0,2704.0,1.0,0.175,74,0.6443582292066723,ok,0,11,10,0.0
chb05,chb05_06.edf,2700.0,2704.0,1.0,0.175,75,1.5912551774874504,ok,0,9,7,0.0
chb05,chb05_06.edf,2700.0,2704.0,1.0,0.175,76,0.22553402254439306,ok,0,12,11,0.0
chb05,chb05_06.edf,2700.0,2704.0,1.0,0.175,77,1.261454559020981,ok,0,10,9,0.0
chb05,chb05_06.edf,2700.0,2704.0,1.0,0.175,78,1.9856992051961986,ok,0,12,11,0.0
chb05,chb05_06.edf,2700.0,2704.0,1.0,0.175,79,0.1609368397508929,ok,0,7,6,0.0
chb05,chb05_06.edf,2700.0,2704.0,1.0,0.175,80,0.8375512923759941,ok,0,11,9,0.0
chb05,chb05_06.edf,2700.0,2704.0,1.0,0.175,81,1.3218647883394035,ok,0,10,8,0.0
chb05,chb05_06.edf,2700.0,2704.0,1.0,0.35,62,0.7743914046997703,ok,0,11,10,0.0
chb05,chb05_06.edf,2700.0,2704.0,1.0,0.35,63,0.16726057798219393,ok,0,8,7,0.0
chb05,chb05_06.edf,2700.0,2704.0,1.0,0.35,64,0.17192047651837583,ok,0,10,9,0.0
chb05,chb05_06.edf,2700.0,2704.0,1.0,0.35,65,0.48620003231413916,ok,0,12,9,0.0
chb05,chb05_06.edf,2700.0,2704.0,1.0,0.35,66,1.3756822323974554,ok,0,13,11,0.0
chb05,chb05_06.edf,2700.0,2704.0,1.0,0.35,67,1.0067830609804835,ok,0,9,8,0.0
chb05,chb05_06.edf,2700.0,2704.0,1.0,0.35,68,0.2073097915140307,ok,0,12,10,0.0
chb05,chb05_06.edf,2700.0,2704.0,1.0,0.35,69,1.0610836315798138,ok,0,8,5,0.0
chb05,chb05_06.edf,2700.0,2704.0,1.0,0.35,70,0.981919803246944,ok,0,12,11,0.0
chb05,chb05_06.edf,2700.0,2704.0,1.0,0.35,71,1.8006805731534377,ok,0,11,8,0.0
chb05,chb05_06.edf,2700.0,2704.0,1.0,0.35,72,0.18642507739616473,ok,0,6,5,0.0
chb05,chb05_06.edf,2700.0,2704.0,1.0,0.35,73,0.5987516059102022,ok,0,9,8,0.0
chb05,chb05_06.edf,2700.0,2704.0,1.0,0.35,74,0.6324123329945194,ok,0,11,10,0.0
chb05,chb05_06.edf,2700.0,2704.0,1.0,0.35,75,1.5912551774874504,ok,0,9,7,0.0
chb05,chb05_06.edf,2700.0,2704.0,1.0,0.35,76,0.22553402254439306,ok,0,12,11,0.0
chb05,chb05_06.edf,2700.0,2704.0,1.0,0.35,77,1.261454559020981,ok,0,10,9,0.0
chb05,chb05_06.edf,2700.0,2704.0,1.0,0.35,78,1.9866592065374562,ok,0,12,11,0.0
chb05,chb05_06.edf,2700.0,2704.0,1.0,0.35,79,0.1609368397508929,ok,0,7,6,0.0
chb05,chb05_06.edf,2700.0,2704.0,1.0,0.35,80,0.7001723173641382,ok,0,11,9,0.0
chb05,chb05_06.edf,2700.0,2704.0,1.0,0.35,81,1.3218647883394035,ok,0,10,8,0.0
chb05,chb05_06.edf,2700.0,2704.0,1.0,0.7,62,0.7824148720164142,ok,0,11,10,0.0
chb05,chb05_06.edf,2700.0,2704.0,1.0,0.7,63,0.14655956456718455,ok,0,8,7,0.0
chb05,chb05_06.edf,2700.0,2704.0,1.0,0.7,64,0.17192047651837583,ok,0,10,9,0.0
chb05,chb05_06.edf,2700.0,2704.0,1.0,0.7,65,0.48620003231413916,ok,0,12,9,0.0
chb05,chb05_06.edf,2700.0,2704.0,1.0,0.7,66,1.5167540848237777,ok,0,12,10,0.0
chb05,chb05_06.edf,2700.0,2704.0,1.0,0.7,67,1.0864381289721323,ok,0,9,8,0.0
chb05,chb05_06.edf,2700.0,2704.0,1.0,0.7,68,1.4251568631140838,ok,0,12,10,0.0
chb05,chb05_06.edf,2700.0,2704.0,1.0,0.7,69,1.0610836315798138,ok,0,8,5,0.0
chb05,chb05_06.edf,2700.0,2704.0,1.0,0.7,70,0.981919803246944,ok,0,12,11,0.0
chb05,chb05_06.edf,2700.0,2704.0,1.0,0.7,71,1.8006805731534377,ok,0,11,8,0.0
chb05,chb05_06.edf,2700.0,2704.0,1.0,0.7,72,0.1792869781595604,ok,0,6,5,0.0
chb05,chb05_06.edf,2700.0,2704.0,1.0,0.7,73,0.599754010011926,ok,0,9,8,0.0
chb05,chb05_06.edf,2700.0,2704.0,1.0,0.7,74,0.6324123329945194,ok,0,11,10,0.0
chb05,chb05_06.edf,2700.0,2704.0,1.0,0.7,75,1.5686096313099898,ok,0,10,8,0.0
chb05,chb05_06.edf,2700.0,2704.0,1.0,0.7,76,0.22553402254439306,ok,0,12,11,0.0
chb05,chb05_06.edf,2700.0,2704.0,1.0,0.7,77,1.1993834364071327,ok,0,9,8,0.0
chb05,chb05_06.edf,2700.0,2704.0,1.0,0.7,78,1.9875416071155927,ok,0,12,11,0.0
chb05,chb05_06.edf,2700.0,2704.0,1.0,0.7,79,0.1609368397508929,ok,0,7,6,0.0
chb05,chb05_06.edf,2700.0,2704.0,1.0,0.7,80,0.7001723173641382,ok,0,11,9,0.0
chb05,chb05_06.edf,2700.0,2704.0,1.0,0.7,81,1.3218647883394035,ok,0,10,8,0.0
chb05,chb05_10.edf,904.0,908.0,0.25,0.0,62,0.6171842911523988,ok,0,10,9,0.0
chb05,chb05_10.edf,904.0,908.0,0.25,0.0,63,2.043747370146671,ok,0,9,8,0.0
chb05,chb05_10.edf,904.0,908.0,0.25,0.0,64,0.8756532617719204,ok,0,9,8,0.0
chb05,chb05_10.edf,904.0,908.0,0.25,0.0,65,0.9667718123938864,ok,0,11,10,0.0
chb05,chb05_10.edf,904.0,908.0,0.25,0.0,66,0.3631787913269073,ok,0,11,9,0.0
chb05,chb05_10.edf,904.0,908.0,0.25,0.0,67,0.8092054221906116,ok,0,11,9,0.0
chb05,chb05_10.edf,904.0,908.0,0.25,0.0,68,0.9681035064574081,ok,0,9,8,0.0
chb05,chb05_10.edf,904.0,908.0,0.25,0.0,69,1.241548694349417,ok,0,10,8,0.0
chb05,chb05_10.edf,904.0,908.0,0.25,0.0,70,0.2793983295119334,ok,0,9,8,0.0
chb05,chb05_10.edf,904.0,908.0,0.25,0.0,71,1.5904417843670142,ok,0,12,11,0.0
chb05,chb05_10.edf,904.0,908.0,0.25,0.0,72,0.9990557900479503,ok,0,11,9,0.0
chb05,chb05_10.edf,904.0,908.0,0.25,0.0,73,0.4814093715175572,ok,0,8,7,0.0
chb05,chb05_10.edf,904.0,908.0,0.25,0.0,74,0.6162790697674418,ok,0,11,8,0.0
chb05,chb05_10.edf,904.0,908.0,0.25,0.0,75,0.35394981220923855,ok,0,12,11,0.0
chb05,chb05_10.edf,904.0,908.0,0.25,0.0,76,0.3909772130214703,ok,0,12,11,0.0
chb05,chb05_10.edf,904.0,908.0,0.25,0.0,77,0.9447730595988872,ok,0,6,4,0.0
chb05,chb05_10.edf,904.0,908.0,0.25,0.0,78,1.3483863463099397,ok,0,11,10,0.0
chb05,chb05_10.edf,904.0,908.0,0.25,0.0,79,0.1609368397508929,ok,0,7,6,0.0
chb05,chb05_10.edf,904.0,908.0,0.25,0.0,80,0.1797136108456547,ok,0,12,10,0.0
chb05,chb05_10.edf,904.0,908.0,0.25,0.0,81,1.4033891062507988,ok,0,10,7,0.0
chb05,chb05_10.edf,904.0,908.0,0.25,0.175,62,0.6196207900565306,ok,0,10,9,0.0
chb05,chb05_10.edf,904.0,908.0,0.25,0.175,63,0.2192166537503293,ok,0,9,8,0.0
chb05,chb05_10.edf,904.0,908.0,0.25,0.175,64,0.8756532617719204,ok,0,9,8,0.0
chb05,chb05_10.edf,904.0,908.0,0.25,0.175,65,0.9778806893064224,ok,0,12,10,0.0
chb05,chb05_10.edf,904.0,908.0,0.25,0.175,66,0.36581014159579417,ok,0,11,9,0.0
chb05,chb05_10.edf,904.0,908.0,0.25,0.175,67,0.316281909332361,ok,0,10,8,0.0
chb05,chb05_10.edf,904.0,908.0,0.25,0.175,68,0.9548224725295615,ok,0,9,8,0.0
chb05,chb05_10.edf,904.0,908.0,0.25,0.175,69,1.241548694349417,ok,0,10,8,0.0
chb05,chb05_10.edf,904.0,908.0,0.25,0.175,70,0.2793983295119334,ok,0,9,8,0.0
chb05,chb05_10.edf,904.0,908.0,0.25,0.175,71,1.5904417843670142,ok,0,12,11,0.0
chb05,chb05_10.edf,904.0,908.0,0.25,0.175,72,1.3530598441217745,ok,0,11,9,0.0
chb05,chb05_10.edf,904.0,908.0,0.25,0.175,73,0.5332931772084676,ok,0,9,8,0.0
chb05,chb05_10.edf,904.0,908.0,0.25,0.175,74,0.5676782562522674,ok,0,12,9,0.0
chb05,chb05_10.edf,904.0,908.0,0.25,0.175,75,0.61100352877444,ok,0,11,10,0.0
chb05,chb05_10.edf,904.0,908.0,0.25,0.175,76,0.6141251545787507,ok,0,11,10,0.0
chb05,chb05_10.edf,904.0,908.0,0.25,0.175,77,0.9447730595988872,ok,0,6,4,0.0
chb05,chb05_10.edf,904.0,908.0,0.25,0.175,78,1.776431313620844,ok,0,10,8,0.0
chb05,chb05_10.edf,904.0,908.0,0.25,0.175,79,0.1609368397508929,ok,0,7,6,0.0
chb05,chb05_10.edf,904.0,908.0,0.25,0.175,80,0.16139070270625072,ok,0,11,10,0.0
chb05,chb05_10.edf,904.0,908.0,0.25,0.175,81,1.3220590228671696,ok,0,10,8,0.0
chb05,chb05_10.edf,904.0,908.0,0.25,0.35,62,0.5319198492032472,ok,0,9,8,0.0
chb05,chb05_10.edf,904.0,908.0,0.25,0.35,63,0.17888915583570714,ok,0,8,7,0.0
chb05,chb05_10.edf,904.0,908.0,0.25,0.35,64,0.8756532617719204,ok,0,9,8,0.0
chb05,chb05_10.edf,904.0,908.0,0.25,0.35,65,0.7821238698639542,ok,0,14,12,0.0
chb05,chb05_10.edf,904.0,908.0,0.25,0.35,66,0.36581014159579417,ok,0,11,9,0.0
chb05,chb05_10.edf,904.0,908.0,0.25,0.35,67,0.3060981266220986,ok,0,10,7,0.0
chb05,chb05_10.edf,904.0,908.0,0.25,0.35,68,0.9548224725295615,ok,0,9,8,0.0
chb05,chb05_10.edf,904.0,908.0,0.25,0.35,69,1.1544767516741605,ok,0,10,7,0.0
chb05,chb05_10.edf,904.0,908.0,0.25,0.35,70,0.2793983295119334,ok,0,9,8,0.0
chb05,chb05_10.edf,904.0,908.0,0.25,0.35,71,1.3880944615992352,ok,0,13,12,0.0
chb05,chb05_10.edf,904.0,908.0,0.25,0.35,72,1.2719605631850617,ok,0,10,8,0.0
chb05,chb05_10.edf,904.0,908.0,0.25,0.35,73,0.5332931772084676,ok,0,9,8,0.0
chb05,chb05_10.edf,904.0,908.0,0.25,0.35,74,0.5196331810879922,ok,0,11,9,0.0
chb05,chb05_10.edf,904.0,908.0,0.25,0.35,75,0.61100352877444,ok,0,11,10,0.0
chb05,chb05_10.edf,904.0,908.0,0.25,0.35,76,0.9401223091596564,ok,0,12,10,0.0
chb05,chb05_10.edf,904.0,908.0,0.25,0.35,77,0.9447730595988872,ok,0,6,4,0.0
chb05,chb05_10.edf,904.0,908.0,0.25,0.35,78,1.776431313620844,ok,0,10,8,0.0
chb05,chb05_10.edf,904.0,908.0,0.25,0.35,79,0.1878077787684282,ok,0,7,6,0.0
chb05,chb05_10.edf,904.0,908.0,0.25,0.35,80,0.16139070270625072,ok,0,11,10,0.0
chb05,chb05_10.edf,904.0,908.0,0.25,0.35,81,1.289396554133275,ok,0,10,8,0.0
chb05,chb05_10.edf,904.0,908.0,0.25,0.7,62,0.8733722988724072,ok,0,10,9,0.0
chb05,chb05_10.edf,904.0,908.0,0.25,0.7,63,0.17888915583570714,ok,0,8,7,0.0
chb05,chb05_10.edf,904.0,908.0,0.25,0.7,64,0.8656624188824752,ok,0,9,8,0.0
chb05,chb05_10.edf,904.0,908.0,0.25,0.7,65,0.7821238698639542,ok,0,14,12,0.0
chb05,chb05_10.edf,904.0,908.0,0.25,0.7,66,0.3865597998687176,ok,0,10,8,0.0
chb05,chb05_10.edf,904.0,908.0,0.25,0.7,67,0.39641899008749365,ok,0,10,8,0.0
chb05,chb05_10.edf,904.0,908.0,0.25,0.7,68,1.1151100200203437,ok,0,9,8,0.0
chb05,chb05_10.edf,904.0,908.0,0.25,0.7,69,1.1881001942253517,ok,0,10,7,0.0
chb05,chb05_10.edf,904.0,908.0,0.25,0.7,70,0.2793983295119334,ok,0,9,8,0.0
chb05,chb05_10.edf,904.0,908.0,0.25,0.7,71,1.3880944615992352,ok,0,13,12,0.0
chb05,chb05_10.edf,904.0,908.0,0.25,0.7,72,1.1536935362439409,ok,0,9,7,0.0
chb05,chb05_10.edf,904.0,908.0,0.25,0.7,73,0.6233496523920086,ok,0,9,8,0.0
chb05,chb05_10.edf,904.0,908.0,0.25,0.7,74,0.5768894463677888,ok,0,10,8,0.0
chb05,chb05_10.edf,904.0,908.0,0.25,0.7,75,0.5965330873083601,ok,0,12,11,0.0
chb05,chb05_10.edf,904.0,908.0,0.25,0.7,76,0.2859045156038923,ok,0,9,8,0.0
chb05,chb05_10.edf,904.0,908.0,0.25,0.7,77,0.9447730595988872,ok,0,6,4,0.0
chb05,chb05_10.edf,904.0,908.0,0.25,0.7,78,1.6562272499178612,ok,0,9,6,0.0
chb05,chb05_10.edf,904.0,908.0,0.25,0.7,79,0.19984428196364598,ok,0,7,5,0.0
chb05,chb05_10.edf,904.0,908.0,0.25,0.7,80,0.175793722481424,ok,0,14,12,0.0
chb05,chb05_10.edf,904.0,908.0,0.25,0.7,81,1.314705742678696,ok,0,10,9,0.0
chb05,chb05_10.edf,904.0,908.0,0.5,0.0,62,0.5712931377579745,ok,0,12,11,0.0
chb05,chb05_10.edf,904.0,908.0,0.5,0.0,63,0.16726057798219393,ok,0,8,7,0.0
chb05,chb05_10.edf,904.0,908.0,0.5,0.0,64,0.19637001542360058,ok,0,9,8,0.0
chb05,chb05_10.edf,904.0,908.0,0.5,0.0,65,0.546024803519956,ok,0,10,8,0.0
chb05,chb05_10.edf,904.0,908.0,0.5,0.0,66,0.3428004452807938,ok,0,11,9,0.0
chb05,chb05_10.edf,904.0,908.0,0.5,0.0,67,0.9454773281444654,ok,0,7,6,0.0
chb05,chb05_10.edf,904.0,908.0,0.5,0.0,68,1.2291207868644798,ok,0,12,11,0.0
chb05,chb05_10.edf,904.0,908.0,0.5,0.0,69,1.1682562182790923,ok,0,9,7,0.0
chb05,chb05_10.edf,904.0,908.0,0.5,0.0,70,0.5111811702061327,ok,0,14,13,0.0
chb05,chb05_10.edf,904.0,908.0,0.5,0.0,71,1.8179982256514546,ok,0,11,9,0.0
chb05,chb05_10.edf,904.0,908.0,0.5,0.0,72,0.18642507739616473,ok,0,6,5,0.0
chb05,chb05_10.edf,904.0,908.0,0.5,0.0,73,0.6286253346157429,ok,0,10,9,0.0
chb05,chb05_10.edf,904.0,908.0,0.5,0.0,74,0.6476197533905482,ok,0,9,7,0.0
chb05,chb05_10.edf,904.0,908.0,0.5,0.0,75,0.9626906857352386,ok,0,12,10,0.0
chb05,chb05_10.edf,904.0,908.0,0.5,0.0,76,0.48840569686484475,ok,0,10,9,0.0
chb05,chb05_10.edf,904.0,908.0,0.5,0.0,77,1.4397992123948258,ok,0,10,9,0.0
chb05,chb05_10.edf,904.0,908.0,0.5,0.0,78,0.8783739115481473,ok,0,10,9,0.0
chb05,chb05_10.edf,904.0,908.0,0.5,0.0,79,0.6660998123404629,ok,0,8,7,0.0
chb05,chb05_10.edf,904.0,908.0,0.5,0.0,80,0.48943288169382493,ok,0,10,8,0.0
chb05,chb05_10.edf,904.0,908.0,0.5,0.0,81,1.3487816138931745,ok,0,10,9,0.0
chb05,chb05_10.edf,904.0,908.0,0.5,0.175,62,0.5687028088741318,ok,0,12,11,0.0
chb05,chb05_10.edf,904.0,908.0,0.5,0.175,63,0.14655956456718455,ok,0,8,7,0.0
chb05,chb05_10.edf,904.0,908.0,0.5,0.175,64,0.33066737835270793,ok,0,10,9,0.0
chb05,chb05_10.edf,904.0,908.0,0.5,0.175,65,0.5518250131061467,ok,0,10,8,0.0
chb05,chb05_10.edf,904.0,908.0,0.5,0.175,66,0.3428004452807938,ok,0,11,9,0.0
chb05,chb05_10.edf,904.0,908.0,0.5,0.175,67,0.8377672197615914,ok,0,6,5,0.0
chb05,chb05_10.edf,904.0,908.0,0.5,0.175,68,1.2291207868644798,ok,0,12,11,0.0
chb05,chb05_10.edf,904.0,908.0,0.5,0.175,69,1.2023157860598088,ok,0,8,6,0.0
chb05,chb05_10.edf,904.0,908.0,0.5,0.175,70,0.509154547108042,ok,0,14,13,0.0
chb05,chb05_10.edf,904.0,908.0,0.5,0.175,71,1.8179982256514546,ok,0,11,9,0.0
chb05,chb05_10.edf,904.0,908.0,0.5,0.175,72,0.18642507739616473,ok,0,6,5,0.0
chb05,chb05_10.edf,904.0,908.0,0.5,0.175,73,0.6775206617240627,ok,0,10,9,0.0
chb05,chb05_10.edf,904.0,908.0,0.5,0.175,74,0.6476197533905482,ok,0,9,7,0.0
chb05,chb05_10.edf,904.0,908.0,0.5,0.175,75,0.9109122904933337,ok,0,11,10,0.0
chb05,chb05_10.edf,904.0,908.0,0.5,0.175,76,0.48840569686484475,ok,0,10,9,0.0
chb05,chb05_10.edf,904.0,908.0,0.5,0.175,77,1.4882095124675974,ok,0,9,8,0.0
chb05,chb05_10.edf,904.0,908.0,0.5,0.175,78,0.7491803736177324,ok,0,9,7,0.0
chb05,chb05_10.edf,904.0,908.0,0.5,0.175,79,0.669320371720449,ok,0,8,7,0.0
chb05,chb05_10.edf,904.0,908.0,0.5,0.175,80,0.6974031210541843,ok,0,11,9,0.0
chb05,chb05_10.edf,904.0,908.0,0.5,0.175,81,1.3487816138931745,ok,0,10,9,0.0
chb05,chb05_10.edf,904.0,908.0,0.5,0.35,62,0.5687028088741318,ok,0,12,11,0.0
chb05,chb05_10.edf,904.0,908.0,0.5,0.35,63,0.14655956456718455,ok,0,8,7,0.0
chb05,chb05_10.edf,904.0,908.0,0.5,0.35,64,0.32911106008116,ok,0,10,9,0.0
chb05,chb05_10.edf,904.0,908.0,0.5,0.35,65,0.5518250131061467,ok,0,10,8,0.0
chb05,chb05_10.edf,904.0,908.0,0.5,0.35,66,0.3464378370998594,ok,0,10,8,0.0
chb05,chb05_10.edf,904.0,908.0,0.5,0.35,67,0.8377672197615914,ok,0,6,5,0.0
chb05,chb05_10.edf,904.0,908.0,0.5,0.35,68,1.2291207868644798,ok,0,12,11,0.0
chb05,chb05_10.edf,904.0,908.0,0.5,0.35,69,1.2514374124366359,ok,0,10,8,0.0
chb05,chb05_10.edf,904.0,908.0,0.5,0.35,70,0.509154547108042,ok,0,14,13,0.0
chb05,chb05_10.edf,904.0,908.0,0.5,0.35,71,1.5475911032956122,ok,0,12,10,0.0
chb05,chb05_10.edf,904.0,908.0,0.5,0.35,72,0.18642507739616473,ok,0,6,5,0.0
chb05,chb05_10.edf,904.0,908.0,0.5,0.35,73,0.7237043270619486,ok,0,11,10,0.0
chb05,chb05_10.edf,904.0,908.0,0.5,0.35,74,0.6873727224048077,ok,0,8,6,0.0
chb05,chb05_10.edf,904.0,908.0,0.5,0.35,75,0.9109122904933337,ok,0,11,10,0.0
chb05,chb05_10.edf,904.0,908.0,0.5,0.35,76,0.48840569686484475,ok,0,10,9,0.0
chb05,chb05_10.edf,904.0,908.0,0.5,0.35,77,1.4885965011016011,ok,0,9,8,0.0
chb05,chb05_10.edf,904.0,908.0,0.5,0.35,78,0.8562742604192377,ok,0,10,8,0.0
chb05,chb05_10.edf,904.0,908.0,0.5,0.35,79,0.669320371720449,ok,0,8,7,0.0
chb05,chb05_10.edf,904.0,908.0,0.5,0.35,80,0.6974031210541843,ok,0,11,9,0.0
chb05,chb05_10.edf,904.0,908.0,0.5,0.35,81,1.3220590228671696,ok,0,10,8,0.0
chb05,chb05_10.edf,904.0,908.0,0.5,0.7,62,0.5930075203685506,ok,0,13,11,0.0
chb05,chb05_10.edf,904.0,908.0,0.5,0.7,63,0.18340923172237467,ok,0,8,7,0.0
chb05,chb05_10.edf,904.0,908.0,0.5,0.7,64,0.3340657579463219,ok,0,10,9,0.0
chb05,chb05_10.edf,904.0,908.0,0.5,0.7,65,0.6885019109939267,ok,0,9,6,0.0
chb05,chb05_10.edf,904.0,908.0,0.5,0.7,66,0.34938582013107533,ok,0,10,8,0.0
chb05,chb05_10.edf,904.0,908.0,0.5,0.7,67,0.8841785669893321,ok,0,7,6,0.0
chb05,chb05_10.edf,904.0,908.0,0.5,0.7,68,1.316912336167536,ok,0,11,10,0.0
chb05,chb05_10.edf,904.0,908.0,0.5,0.7,69,1.1544767516741605,ok,0,10,7,0.0
chb05,chb05_10.edf,904.0,908.0,0.5,0.7,70,0.509154547108042,ok,0,14,13,0.0
chb05,chb05_10.edf,904.0,908.0,0.5,0.7,71,1.5475911032956122,ok,0,12,10,0.0
chb05,chb05_10.edf,904.0,908.0,0.5,0.7,72,1.6353207451697185,ok,0,7,6,0.0
chb05,chb05_10.edf,904.0,908.0,0.5,0.7,73,0.5923343299748016,ok,0,13,11,0.0
chb05,chb05_10.edf,904.0,908.0,0.5,0.7,74,0.4962078788919882,ok,0,8,7,0.0
chb05,chb05_10.edf,904.0,908.0,0.5,0.7,75,0.9626906857352386,ok,0,12,10,0.0
chb05,chb05_10.edf,904.0,908.0,0.5,0.7,76,0.46742332569278533,ok,0,12,10,0.0
chb05,chb05_10.edf,904.0,908.0,0.5,0.7,77,1.4885965011016011,ok,0,9,8,0.0
chb05,chb05_10.edf,904.0,908.0,0.5,0.7,78,0.8898630545090385,ok,0,10,8,0.0
chb05,chb05_10.edf,904.0,908.0,0.5,0.7,79,0.19617448277724112,ok,0,8,6,0.0
chb05,chb05_10.edf,904.0,908.0,0.5,0.7,80,0.6840478909884533,ok,0,10,8,0.0
chb05,chb05_10.edf,904.0,908.0,0.5,0.7,81,1.3220590228671696,ok,0,10,8,0.0
chb05,chb05_10.edf,904.0,908.0,1.0,0.0,62,0.7743914046997703,ok,0,11,10,0.0
chb05,chb05_10.edf,904.0,908.0,1.0,0.0,63,0.21488489744161204,ok,0,8,7,0.0
chb05,chb05_10.edf,904.0,908.0,1.0,0.0,64,0.17192047651837583,ok,0,10,9,0.0
chb05,chb05_10.edf,904.0,908.0,1.0,0.0,65,0.48620003231413916,ok,0,12,9,0.0
chb05,chb05_10.edf,904.0,908.0,1.0,0.0,66,1.3756822323974554,ok,0,13,11,0.0
chb05,chb05_10.edf,904.0,908.0,1.0,0.0,67,1.0067830609804835,ok,0,9,8,0.0
chb05,chb05_10.edf,904.0,908.0,1.0,0.0,68,1.5176810316646947,ok,0,13,11,0.0
chb05,chb05_10.edf,904.0,908.0,1.0,0.0,69,1.0610836315798138,ok,0,8,5,0.0
chb05,chb05_10.edf,904.0,908.0,1.0,0.0,70,0.981919803246944,ok,0,12,11,0.0
chb05,chb05_10.edf,904.0,908.0,1.0,0.0,71,1.7937447317653397,ok,0,10,8,0.0
chb05,chb05_10.edf,904.0,908.0,1.0,0.0,72,0.18642507739616473,ok,0,6,5,0.0
chb05,chb05_10.edf,904.0,908.0,1.0,0.0,73,0.5987516059102022,ok,0,9,8,0.0
chb05,chb05_10.edf,904.0,908.0,1.0,0.0,74,0.6443582292066723,ok,0,11,10,0.0
chb05,chb05_10.edf,904.0,908.0,1.0,0.0,75,1.65888681246551,ok,0,10,7,0.0
chb05,chb05_10.edf,904.0,908.0,1.0,0.0,76,0.22553402254439306,ok,0,12,11,0.0
chb05,chb05_10.edf,904.0,908.0,1.0,0.0,77,1.261454559020981,ok,0,10,9,0.0
chb05,chb05_10.edf,904.0,908.0,1.0,0.0,78,1.9856992051961986,ok,0,12,11,0.0
chb05,chb05_10.edf,904.0,908.0,1.0,0.0,79,0.1609368397508929,ok,0,7,6,0.0
chb05,chb05_10.edf,904.0,908.0,1.0,0.0,80,0.8375512923759941,ok,0,11,9,0.0
chb05,chb05_10.edf,904.0,908.0,1.0,0.0,81,1.3218647883394035,ok,0,10,8,0.0
chb05,chb05_10.edf,904.0,908.0,1.0,0.175,62,0.7718735348950996,ok,0,11,10,0.0
chb05,chb05_10.edf,904.0,908.0,1.0,0.175,63,0.14655956456718455,ok,0,8,7,0.0
chb05,chb05_10.edf,904.0,908.0,1.0,0.175,64,0.17192047651837583,ok,0,10,9,0.0
chb05,chb05_10.edf,904.0,908.0,1.0,0.175,65,0.48620003231413916,ok,0,12,9,0.0
chb05,chb05_10.edf,904.0,908.0,1.0,0.175,66,1.3756822323974554,ok,0,13,11,0.0
chb05,chb05_10.edf,904.0,908.0,1.0,0.175,67,1.0067830609804835,ok,0,9,8,0.0
chb05,chb05_10.edf,904.0,908.0,1.0,0.175,68,1.4921200874339864,ok,0,13,11,0.0
chb05,chb05_10.edf,904.0,908.0,1.0,0.175,69,1.0610836315798138,ok,0,8,5,0.0
chb05,chb05_10.edf,904.0,908.0,1.0,0.175,70,0.981919803246944,ok,0,12,11,0.0
chb05,chb05_10.edf,904.0,908.0,1.0,0.175,71,1.7937447317653397,ok,0,10,8,0.0
chb05,chb05_10.edf,904.0,908.0,1.0,0.175,72,0.18642507739616473,ok,0,6,5,0.0
chb05,chb05_10.edf,904.0,908.0,1.0,0.175,73,0.5987516059102022,ok,0,9,8,0.0
chb05,chb05_10.edf,904.0,908.0,1.0,0.175,74,0.6459406006850896,ok,0,11,10,0.0
chb05,chb05_10.edf,904.0,908.0,1.0,0.175,75,1.5912551774874504,ok,0,9,7,0.0
chb05,chb05_10.edf,904.0,908.0,1.0,0.175,76,0.22553402254439306,ok,0,12,11,0.0
chb05,chb05_10.edf,904.0,908.0,1.0,0.175,77,1.261454559020981,ok,0,10,9,0.0
chb05,chb05_10.edf,904.0,908.0,1.0,0.175,78,1.9856992051961986,ok,0,12,11,0.0
chb05,chb05_10.edf,904.0,908.0,1.0,0.175,79,0.1609368397508929,ok,0,7,6,0.0
chb05,chb05_10.edf,904.0,908.0,1.0,0.175,80,0.6497512507810509,ok,0,12,10,0.0
chb05,chb05_10.edf,904.0,908.0,1.0,0.175,81,1.3218647883394035,ok,0,10,8,0.0
chb05,chb05_10.edf,904.0,908.0,1.0,0.35,62,0.7208946329303869,ok,0,11,9,0.0
chb05,chb05_10.edf,904.0,908.0,1.0,0.35,63,0.14655956456718455,ok,0,8,7,0.0
chb05,chb05_10.edf,904.0,908.0,1.0,0.35,64,0.17192047651837583,ok,0,10,9,0.0
chb05,chb05_10.edf,904.0,908.0,1.0,0.35,65,0.48620003231413916,ok,0,12,9,0.0
chb05,chb05_10.edf,904.0,908.0,1.0,0.35,66,1.3756822323974554,ok,0,13,11,0.0
chb05,chb05_10.edf,904.0,908.0,1.0,0.35,67,1.0346292392189875,ok,0,10,9,0.0
chb05,chb05_10.edf,904.0,908.0,1.0,0.35,68,1.4921200874339864,ok,0,13,11,0.0
chb05,chb05_10.edf,904.0,908.0,1.0,0.35,69,1.0610836315798138,ok,0,8,5,0.0
chb05,chb05_10.edf,904.0,908.0,1.0,0.35,70,0.967657796849726,ok,0,11,10,0.0
chb05,chb05_10.edf,904.0,908.0,1.0,0.35,71,1.7937447317653397,ok,0,10,8,0.0
chb05,chb05_10.edf,904.0,908.0,1.0,0.35,72,0.18642507739616473,ok,0,6,5,0.0
chb05,chb05_10.edf,904.0,908.0,1.0,0.35,73,0.5994183380129673,ok,0,9,8,0.0
chb05,chb05_10.edf,904.0,908.0,1.0,0.35,74,0.6459406006850896,ok,0,11,10,0.0
chb05,chb05_10.edf,904.0,908.0,1.0,0.35,75,1.5686096313099898,ok,0,10,8,0.0
chb05,chb05_10.edf,904.0,908.0,1.0,0.35,76,0.21554187051388352,ok,0,13,12,0.0
chb05,chb05_10.edf,904.0,908.0,1.0,0.35,77,1.262029887125709,ok,0,9,8,0.0
chb05,chb05_10.edf,904.0,908.0,1.0,0.35,78,1.9856992051961986,ok,0,12,11,0.0
chb05,chb05_10.edf,904.0,908.0,1.0,0.35,79,0.19984428196364598,ok,0,7,5,0.0
chb05,chb05_10.edf,904.0,908.0,1.0,0.35,80,0.6497512507810509,ok,0,12,10,0.0
chb05,chb05_10.edf,904.0,908.0,1.0,0.35,81,1.3951320693161031,ok,0,9,8,0.0
chb05,chb05_10.edf,904.0,908.0,1.0,0.7,62,0.7208946329303869,ok,0,11,9,0.0
chb05,chb05_10.edf,904.0,908.0,1.0,0.7,63,0.14655956456718455,ok,0,8,7,0.0
chb05,chb05_10.edf,904.0,908.0,1.0,0.7,64,0.19787703507497612,ok,0,10,9,0.0
chb05,chb05_10.edf,904.0,908.0,1.0,0.7,65,0.48620003231413916,ok,0,12,9,0.0
chb05,chb05_10.edf,904.0,908.0,1.0,0.7,66,1.3756822323974554,ok,0,13,11,0.0
chb05,chb05_10.edf,904.0,908.0,1.0,0.7,67,0.950961039261691,ok,0,9,8,0.0
chb05,chb05_10.edf,904.0,908.0,1.0,0.7,68,1.5765233878989822,ok,0,12,10,0.0
chb05,chb05_10.edf,904.0,908.0,1.0,0.7,69,1.05807512852026,ok,0,9,6,0.0
chb05,chb05_10.edf,904.0,908.0,1.0,0.7,70,0.9170469440870663,ok,0,11,10,0.0
chb05,chb05_10.edf,904.0,908.0,1.0,0.7,71,1.7937447317653397,ok,0,10,8,0.0
chb05,chb05_10.edf,904.0,908.0,1.0,0.7,72,0.18642507739616473,ok,0,6,5,0.0
chb05,chb05_10.edf,904.0,908.0,1.0,0.7,73,0.8472369295600041,ok,0,9,8,0.0
chb05,chb05_10.edf,904.0,908.0,1.0,0.7,74,0.657647303503564,ok,0,12,10,0.0
chb05,chb05_10.edf,904.0,908.0,1.0,0.7,75,1.5912551774874504,ok,0,9,7,0.0
chb05,chb05_10.edf,904.0,908.0,1.0,0.7,76,0.2720759243363807,ok,0,12,11,0.0
chb05,chb05_10.edf,904.0,908.0,1.0,0.7,77,1.1766067758438852,ok,0,8,7,0.0
chb05,chb05_10.edf,904.0,908.0,1.0,0.7,78,1.9856992051961986,ok,0,12,11,0.0
chb05,chb05_10.edf,904.0,908.0,1.0,0.7,79,0.22834126531224744,ok,0,7,6,0.0
chb05,chb05_10.edf,904.0,908.0,1.0,0.7,80,0.659636963052366,ok,0,12,10,0.0
chb05,chb05_10.edf,904.0,908.0,1.0,0.7,81,1.391697303472564,ok,0,9,8,0.0
chb05,chb05_10.edf,2700.0,2704.0,0.25,0.0,62,0.6171842911523988,ok,0,10,9,0.0
chb05,chb05_10.edf,2700.0,2704.0,0.25,0.0,63,2.043747370146671,ok,0,9,8,0.0
chb05,chb05_10.edf,2700.0,2704.0,0.25,0.0,64,0.8756532617719204,ok,0,9,8,0.0
chb05,chb05_10.edf,2700.0,2704.0,0.25,0.0,65,0.9667718123938864,ok,0,11,10,0.0
chb05,chb05_10.edf,2700.0,2704.0,0.25,0.0,66,0.3631787913269073,ok,0,11,9,0.0
chb05,chb05_10.edf,2700.0,2704.0,0.25,0.0,67,0.8092054221906116,ok,0,11,9,0.0
chb05,chb05_10.edf,2700.0,2704.0,0.25,0.0,68,0.9681035064574081,ok,0,9,8,0.0
chb05,chb05_10.edf,2700.0,2704.0,0.25,0.0,69,1.241548694349417,ok,0,10,8,0.0
chb05,chb05_10.edf,2700.0,2704.0,0.25,0.0,70,0.2793983295119334,ok,0,9,8,0.0
chb05,chb05_10.edf,2700.0,2704.0,0.25,0.0,71,1.5904417843670142,ok,0,12,11,0.0
chb05,chb05_10.edf,2700.0,2704.0,0.25,0.0,72,0.9990557900479503,ok,0,11,9,0.0
chb05,chb05_10.edf,2700.0,2704.0,0.25,0.0,73,0.4814093715175572,ok,0,8,7,0.0
chb05,chb05_10.edf,2700.0,2704.0,0.25,0.0,74,0.6162790697674418,ok,0,11,8,0.0
chb05,chb05_10.edf,2700.0,2704.0,0.25,0.0,75,0.35394981220923855,ok,0,12,11,0.0
chb05,chb05_10.edf,2700.0,2704.0,0.25,0.0,76,0.3909772130214703,ok,0,12,11,0.0
chb05,chb05_10.edf,2700.0,2704.0,0.25,0.0,77,0.9447730595988872,ok,0,6,4,0.0
chb05,chb05_10.edf,2700.0,2704.0,0.25,0.0,78,1.3483863463099397,ok,0,11,10,0.0
chb05,chb05_10.edf,2700.0,2704.0,0.25,0.0,79,0.1609368397508929,ok,0,7,6,0.0
chb05,chb05_10.edf,2700.0,2704.0,0.25,0.0,80,0.1797136108456547,ok,0,12,10,0.0
chb05,chb05_10.edf,2700.0,2704.0,0.25,0.0,81,1.4033891062507988,ok,0,10,7,0.0
chb05,chb05_10.edf,2700.0,2704.0,0.25,0.175,62,0.8015645849134219,ok,0,10,9,0.0
chb05,chb05_10.edf,2700.0,2704.0,0.25,0.175,63,0.227675812532863,ok,0,9,8,0.0
chb05,chb05_10.edf,2700.0,2704.0,0.25,0.175,64,0.8756532617719204,ok,0,9,8,0.0
chb05,chb05_10.edf,2700.0,2704.0,0.25,0.175,65,1.4959296639228927,ok,0,11,9,0.0
chb05,chb05_10.edf,2700.0,2704.0,0.25,0.175,66,0.3428004452807938,ok,0,11,9,0.0
chb05,chb05_10.edf,2700.0,2704.0,0.25,0.175,67,0.809831223974663,ok,0,11,9,0.0
chb05,chb05_10.edf,2700.0,2704.0,0.25,0.175,68,0.895157178062396,ok,0,8,7,0.0
chb05,chb05_10.edf,2700.0,2704.0,0.25,0.175,69,1.241548694349417,ok,0,10,8,0.0
chb05,chb05_10.edf,2700.0,2704.0,0.25,0.175,70,0.2793983295119334,ok,0,9,8,0.0
chb05,chb05_10.edf,2700.0,2704.0,0.25,0.175,71,1.5904417843670142,ok,0,12,11,0.0
chb05,chb05_10.edf,2700.0,2704.0,0.25,0.175,72,0.9990557900479503,ok,0,11,9,0.0
chb05,chb05_10.edf,2700.0,2704.0,0.25,0.175,73,0.5222483000558874,ok,0,9,8,0.0
chb05,chb05_10.edf,2700.0,2704.0,0.25,0.175,74,0.5987748041587967,ok,0,12,9,0.0
chb05,chb05_10.edf,2700.0,2704.0,0.25,0.175,75,0.3191220844546496,ok,0,11,10,0.0
chb05,chb05_10.edf,2700.0,2704.0,0.25,0.175,76,1.0817317737685297,ok,0,11,9,0.0
chb05,chb05_10.edf,2700.0,2704.0,0.25,0.175,77,0.9447730595988872,ok,0,6,4,0.0
chb05,chb05_10.edf,2700.0,2704.0,0.25,0.175,78,1.306156354898009,ok,0,10,8,0.0
chb05,chb05_10.edf,2700.0,2704.0,0.25,0.175,79,0.1609368397508929,ok,0,7,6,0.0
chb05,chb05_10.edf,2700.0,2704.0,0.25,0.175,80,0.1797136108456547,ok,0,12,10,0.0
chb05,chb05_10.edf,2700.0,2704.0,0.25,0.175,81,1.3220590228671696,ok,0,10,8,0.0
chb05,chb05_10.edf,2700.0,2704.0,0.25,0.35,62,0.9736931323471895,ok,0,11,9,0.0
chb05,chb05_10.edf,2700.0,2704.0,0.25,0.35,63,0.20805116380691183,ok,0,8,7,0.0
chb05,chb05_10.edf,2700.0,2704.0,0.25,0.35,64,0.8763414757819065,ok,0,9,8,0.0
chb05,chb05_10.edf,2700.0,2704.0,0.25,0.35,65,1.2590234024381861,ok,0,12,10,0.0
chb05,chb05_10.edf,2700.0,2704.0,0.25,0.35,66,0.3539917341244622,ok,0,11,9,0.0
chb05,chb05_10.edf,2700.0,2704.0,0.25,0.35,67,0.809831223974663,ok,0,11,9,0.0
chb05,chb05_10.edf,2700.0,2704.0,0.25,0.35,68,0.9689869528539452,ok,0,9,8,0.0
chb05,chb05_10.edf,2700.0,2704.0,0.25,0.35,69,1.241548694349417,ok,0,10,8,0.0
chb05,chb05_10.edf,2700.0,2704.0,0.25,0.35,70,0.2793983295119334,ok,0,9,8,0.0
chb05,chb05_10.edf,2700.0,2704.0,0.25,0.35,71,1.6064083802046423,ok,0,12,11,0.0
chb05,chb05_10.edf,2700.0,2704.0,0.25,0.35,72,0.9857975062740117,ok,0,11,9,0.0
chb05,chb05_10.edf,2700.0,2704.0,0.25,0.35,73,0.5222483000558874,ok,0,9,8,0.0
chb05,chb05_10.edf,2700.0,2704.0,0.25,0.35,74,0.3689101171779015,ok,0,12,9,0.0
chb05,chb05_10.edf,2700.0,2704.0,0.25,0.35,75,0.3191220844546496,ok,0,11,10,0.0
chb05,chb05_10.edf,2700.0,2704.0,0.25,0.35,76,1.4982819612540557,ok,0,10,9,0.0
chb05,chb05_10.edf,2700.0,2704.0,0.25,0.35,77,0.8082721727422603,ok,0,5,3,0.0
chb05,chb05_10.edf,2700.0,2704.0,0.25,0.35,78,1.7701047743278642,ok,0,9,7,0.0
chb05,chb05_10.edf,2700.0,2704.0,0.25,0.35,79,0.15218217883084012,ok,0,8,6,0.0
chb05,chb05_10.edf,2700.0,2704.0,0.25,0.35,80,0.1553054214720489,ok,0,12,11,0.0
chb05,chb05_10.edf,2700.0,2704.0,0.25,0.35,81,1.3220590228671696,ok,0,10,8,0.0
chb05,chb05_10.edf,2700.0,2704.0,0.25,0.7,62,0.9155447022635889,ok,0,10,9,0.0
chb05,chb05_10.edf,2700.0,2704.0,0.25,0.7,63,0.20805116380691183,ok,0,8,7,0.0
chb05,chb05_10.edf,2700.0,2704.0,0.25,0.7,64,1.3310580109671175,ok,0,8,7,0.0
chb05,chb05_10.edf,2700.0,2704.0,0.25,0.7,65,1.171477827492859,ok,0,11,9,0.0
chb05,chb05_10.edf,2700.0,2704.0,0.25,0.7,66,0.4826472596953022,ok,0,10,8,0.0
chb05,chb05_10.edf,2700.0,2704.0,0.25,0.7,67,0.809831223974663,ok,0,11,9,0.0
chb05,chb05_10.edf,2700.0,2704.0,0.25,0.7,68,1.0413235068935938,ok,0,7,6,0.0
chb05,chb05_10.edf,2700.0,2704.0,0.25,0.7,69,1.1434423291614877,ok,0,9,7,0.0
chb05,chb05_10.edf,2700.0,2704.0,0.25,0.7,70,0.22782339589805367,ok,0,10,9,0.0
chb05,chb05_10.edf,2700.0,2704.0,0.25,0.7,71,1.4637838520311486,ok,0,10,9,0.0
chb05,chb05_10.edf,2700.0,2704.0,0.25,0.7,72,0.8872129651499762,ok,0,13,11,0.0
chb05,chb05_10.edf,2700.0,2704.0,0.25,0.7,73,0.5081189000877404,ok,0,9,8,0.0
chb05,chb05_10.edf,2700.0,2704.0,0.25,0.7,74,0.40735261520658034,ok,0,12,9,0.0
chb05,chb05_10.edf,2700.0,2704.0,0.25,0.7,75,0.3664560630905955,ok,0,12,11,0.0
chb05,chb05_10.edf,2700.0,2704.0,0.25,0.7,76,0.4255180688246213,ok,0,11,10,0.0
chb05,chb05_10.edf,2700.0,2704.0,0.25,0.7,77,0.562412567558366,ok,0,6,5,0.0
chb05,chb05_10.edf,2700.0,2704.0,0.25,0.7,78,1.436194388301129,ok,0,8,5,0.0
chb05,chb05_10.edf,2700.0,2704.0,0.25,0.7,79,0.15218217883084012,ok,0,8,6,0.0
chb05,chb05_10.edf,2700.0,2704.0,0.25,0.7,80,0.38782108782685426,ok,0,13,12,0.0
chb05,chb05_10.edf,2700.0,2704.0,0.25,0.7,81,1.2152614050378496,ok,0,11,8,0.0
chb05,chb05_10.edf,2700.0,2704.0,0.5,0.0,62,0.5712931377579745,ok,0,12,11,0.0
chb05,chb05_10.edf,2700.0,2704.0,0.5,0.0,63,0.16726057798219393,ok,0,8,7,0.0
chb05,chb05_10.edf,2700.0,2704.0,0.5,0.0,64,0.19637001542360058,ok,0,9,8,0.0
chb05,chb05_10.edf,2700.0,2704.0,0.5,0.0,65,0.546024803519956,ok,0,10,8,0.0
chb05,chb05_10.edf,2700.0,2704.0,0.5,0.0,66,0.3428004452807938,ok,0,11,9,0.0
chb05,chb05_10.edf,2700.0,2704.0,0.5,0.0,67,0.9454773281444654,ok,0,7,6,0.0
chb05,chb05_10.edf,2700.0,2704.0,0.5,0.0,68,1.2291207868644798,ok,0,12,11,0.0
chb05,chb05_10.edf,2700.0,2704.0,0.5,0.0,69,1.1682562182790923,ok,0,9,7,0.0
chb05,chb05_10.edf,2700.0,2704.0,0.5,0.0,70,0.5111811702061327,ok,0,14,13,0.0
chb05,chb05_10.edf,2700.0,2704.0,0.5,0.0,71,1.8179982256514546,ok,0,11,9,0.0
chb05,chb05_10.edf,2700.0,2704.0,0.5,0.0,72,0.18642507739616473,ok,0,6,5,0.0
chb05,chb05_10.edf,2700.0,2704.0,0.5,0.0,73,0.6286253346157429,ok,0,10,9,0.0
chb05,chb05_10.edf,2700.0,2704.0,0.5,0.0,74,0.6476197533905482,ok,0,9,7,0.0
chb05,chb05_10.edf,2700.0,2704.0,0.5,0.0,75,0.9626906857352386,ok,0,12,10,0.0
chb05,chb05_10.edf,2700.0,2704.0,0.5,0.0,76,0.48840569686484475,ok,0,10,9,0.0
chb05,chb05_10.edf,2700.0,2704.0,0.5,0.0,77,1.4397992123948258,ok,0,10,9,0.0
chb05,chb05_10.edf,2700.0,2704.0,0.5,0.0,78,0.8783739115481473,ok,0,10,9,0.0
chb05,chb05_10.edf,2700.0,2704.0,0.5,0.0,79,0.6660998123404629,ok,0,8,7,0.0
chb05,chb05_10.edf,2700.0,2704.0,0.5,0.0,80,0.48943288169382493,ok,0,10,8,0.0
chb05,chb05_10.edf,2700.0,2704.0,0.5,0.0,81,1.3487816138931745,ok,0,10,9,0.0
chb05,chb05_10.edf,2700.0,2704.0,0.5,0.175,62,0.5687028088741318,ok,0,12,11,0.0
chb05,chb05_10.edf,2700.0,2704.0,0.5,0.175,63,0.16726057798219393,ok,0,8,7,0.0
chb05,chb05_10.edf,2700.0,2704.0,0.5,0.175,64,0.32911106008116,ok,0,10,9,0.0
chb05,chb05_10.edf,2700.0,2704.0,0.5,0.175,65,0.546024803519956,ok,0,10,8,0.0
chb05,chb05_10.edf,2700.0,2704.0,0.5,0.175,66,0.3428004452807938,ok,0,11,9,0.0
chb05,chb05_10.edf,2700.0,2704.0,0.5,0.175,67,0.9454773281444654,ok,0,7,6,0.0
chb05,chb05_10.edf,2700.0,2704.0,0.5,0.175,68,1.2291207868644798,ok,0,12,11,0.0
chb05,chb05_10.edf,2700.0,2704.0,0.5,0.175,69,1.2636524125816837,ok,0,9,8,0.0
chb05,chb05_10.edf,2700.0,2704.0,0.5,0.175,70,0.5111811702061327,ok,0,14,13,0.0
chb05,chb05_10.edf,2700.0,2704.0,0.5,0.175,71,1.8814282450408817,ok,0,11,10,0.0
chb05,chb05_10.edf,2700.0,2704.0,0.5,0.175,72,0.18642507739616473,ok,0,6,5,0.0
chb05,chb05_10.edf,2700.0,2704.0,0.5,0.175,73,0.6803952529590422,ok,0,11,10,0.0
chb05,chb05_10.edf,2700.0,2704.0,0.5,0.175,74,0.7045696111304078,ok,0,10,8,0.0
chb05,chb05_10.edf,2700.0,2704.0,0.5,0.175,75,0.9626906857352386,ok,0,12,10,0.0
chb05,chb05_10.edf,2700.0,2704.0,0.5,0.175,76,0.48840569686484475,ok,0,10,9,0.0
chb05,chb05_10.edf,2700.0,2704.0,0.5,0.175,77,1.4882095124675974,ok,0,9,8,0.0
chb05,chb05_10.edf,2700.0,2704.0,0.5,0.175,78,0.8340545397213711,ok,0,10,8,0.0
chb05,chb05_10.edf,2700.0,2704.0,0.5,0.175,79,0.1609368397508929,ok,0,7,6,0.0
chb05,chb05_10.edf,2700.0,2704.0,0.5,0.175,80,0.6974031210541843,ok,0,11,9,0.0
chb05,chb05_10.edf,2700.0,2704.0,0.5,0.175,81,1.3487816138931745,ok,0,10,9,0.0
chb05,chb05_10.edf,2700.0,2704.0,0.5,0.35,62,0.5681709798095599,ok,0,12,11,0.0
chb05,chb05_10.edf,2700.0,2704.0,0.5,0.35,63,0.16726057798219393,ok,0,8,7,0.0
chb05,chb05_10.edf,2700.0,2704.0,0.5,0.35,64,0.3377340835711281,ok,0,10,9,0.0
chb05,chb05_10.edf,2700.0,2704.0,0.5,0.35,65,0.546024803519956,ok,0,10,8,0.0
chb05,chb05_10.edf,2700.0,2704.0,0.5,0.35,66,0.3428004452807938,ok,0,11,9,0.0
chb05,chb05_10.edf,2700.0,2704.0,0.5,0.35,67,0.9454773281444654,ok,0,7,6,0.0
chb05,chb05_10.edf,2700.0,2704.0,0.5,0.35,68,1.341276321721398,ok,0,11,10,0.0
chb05,chb05_10.edf,2700.0,2704.0,0.5,0.35,69,1.3140217803565544,ok,0,10,9,0.0
chb05,chb05_10.edf,2700.0,2704.0,0.5,0.35,70,0.509154547108042,ok,0,14,13,0.0
chb05,chb05_10.edf,2700.0,2704.0,0.5,0.35,71,1.8714614905846687,ok,0,10,9,0.0
chb05,chb05_10.edf,2700.0,2704.0,0.5,0.35,72,0.1692486635019696,ok,0,6,5,0.0
chb05,chb05_10.edf,2700.0,2704.0,0.5,0.35,73,0.6803952529590422,ok,0,11,10,0.0
chb05,chb05_10.edf,2700.0,2704.0,0.5,0.35,74,0.5802318982658271,ok,0,10,8,0.0
chb05,chb05_10.edf,2700.0,2704.0,0.5,0.35,75,0.9605316794705087,ok,0,12,10,0.0
chb05,chb05_10.edf,2700.0,2704.0,0.5,0.35,76,0.4917726859794421,ok,0,11,10,0.0
chb05,chb05_10.edf,2700.0,2704.0,0.5,0.35,77,1.429082774174487,ok,0,9,7,0.0
chb05,chb05_10.edf,2700.0,2704.0,0.5,0.35,78,1.0971645987607153,ok,0,9,7,0.0
chb05,chb05_10.edf,2700.0,2704.0,0.5,0.35,79,0.15218217883084012,ok,0,8,6,0.0
chb05,chb05_10.edf,2700.0,2704.0,0.5,0.35,80,0.7322734667540316,ok,0,11,9,0.0
chb05,chb05_10.edf,2700.0,2704.0,0.5,0.35,81,1.3485722789127093,ok,0,10,9,0.0
chb05,chb05_10.edf,2700.0,2704.0,0.5,0.7,62,0.5713755533335915,ok,0,12,11,0.0
chb05,chb05_10.edf,2700.0,2704.0,0.5,0.7,63,0.5748948410982928,ok,0,10,9,0.0
chb05,chb05_10.edf,2700.0,2704.0,0.5,0.7,64,0.3340657579463219,ok,0,10,9,0.0
chb05,chb05_10.edf,2700.0,2704.0,0.5,0.7,65,0.546024803519956,ok,0,10,8,0.0
chb05,chb05_10.edf,2700.0,2704.0,0.5,0.7,66,0.3464378370998594,ok,0,10,8,0.0
chb05,chb05_10.edf,2700.0,2704.0,0.5,0.7,67,1.0052390763944337,ok,0,8,6,0.0
chb05,chb05_10.edf,2700.0,2704.0,0.5,0.7,68,1.342787590200585,ok,0,10,9,0.0
chb05,chb05_10.edf,2700.0,2704.0,0.5,0.7,69,1.3119343796601306,ok,0,10,9,0.0
chb05,chb05_10.edf,2700.0,2704.0,0.5,0.7,70,0.5573009494852958,ok,0,13,11,0.0
chb05,chb05_10.edf,2700.0,2704.0,0.5,0.7,71,1.8714614905846687,ok,0,10,9,0.0
chb05,chb05_10.edf,2700.0,2704.0,0.5,0.7,72,0.1692486635019696,ok,0,6,5,0.0
chb05,chb05_10.edf,2700.0,2704.0,0.5,0.7,73,0.6656244534527427,ok,0,11,10,0.0
chb05,chb05_10.edf,2700.0,2704.0,0.5,0.7,74,0.5594107159940712,ok,0,10,8,0.0
chb05,chb05_10.edf,2700.0,2704.0,0.5,0.7,75,0.857089304637835,ok,0,12,10,0.0
chb05,chb05_10.edf,2700.0,2704.0,0.5,0.7,76,0.4917726859794421,ok,0,11,10,0.0
chb05,chb05_10.edf,2700.0,2704.0,0.5,0.7,77,1.429082774174487,ok,0,9,7,0.0
chb05,chb05_10.edf,2700.0,2704.0,0.5,0.7,78,1.0971645987607153,ok,0,9,7,0.0
chb05,chb05_10.edf,2700.0,2704.0,0.5,0.7,79,0.20866947028209937,ok,0,9,7,0.0
chb05,chb05_10.edf,2700.0,2704.0,0.5,0.7,80,0.7351833422220551,ok,0,11,9,0.0
chb05,chb05_10.edf,2700.0,2704.0,0.5,0.7,81,1.2753172152514844,ok,0,12,11,0.0
chb05,chb05_10.edf,2700.0,2704.0,1.0,0.0,62,0.7743914046997703,ok,0,11,10,0.0
chb05,chb05_10.edf,2700.0,2704.0,1.0,0.0,63,0.21488489744161204,ok,0,8,7,0.0
chb05,chb05_10.edf,2700.0,2704.0,1.0,0.0,64,0.17192047651837583,ok,0,10,9,0.0
chb05,chb05_10.edf,2700.0,2704.0,1.0,0.0,65,0.48620003231413916,ok,0,12,9,0.0
chb05,chb05_10.edf,2700.0,2704.0,1.0,0.0,66,1.3756822323974554,ok,0,13,11,0.0
chb05,chb05_10.edf,2700.0,2704.0,1.0,0.0,67,1.0067830609804835,ok,0,9,8,0.0
chb05,chb05_10.edf,2700.0,2704.0,1.0,0.0,68,1.5176810316646947,ok,0,13,11,0.0
chb05,chb05_10.edf,2700.0,2704.0,1.0,0.0,69,1.0610836315798138,ok,0,8,5,0.0
chb05,chb05_10.edf,2700.0,2704.0,1.0,0.0,70,0.981919803246944,ok,0,12,11,0.0
chb05,chb05_10.edf,2700.0,2704.0,1.0,0.0,71,1.7937447317653397,ok,0,10,8,0.0
chb05,chb05_10.edf,2700.0,2704.0,1.0,0.0,72,0.18642507739616473,ok,0,6,5,0.0
chb05,chb05_10.edf,2700.0,2704.0,1.0,0.0,73,0.5987516059102022,ok,0,9,8,0.0
chb05,chb05_10.edf,2700.0,2704.0,1.0,0.0,74,0.6443582292066723,ok,0,11,10,0.0
chb05,chb05_10.edf,2700.0,2704.0,1.0,0.0,75,1.65888681246551,ok,0,10,7,0.0
chb05,chb05_10.edf,2700.0,2704.0,1.0,0.0,76,0.22553402254439306,ok,0,12,11,0.0
chb05,chb05_10.edf,2700.0,2704.0,1.0,0.0,77,1.261454559020981,ok,0,10,9,0.0
chb05,chb05_10.edf,2700.0,2704.0,1.0,0.0,78,1.9856992051961986,ok,0,12,11,0.0
chb05,chb05_10.edf,2700.0,2704.0,1.0,0.0,79,0.1609368397508929,ok,0,7,6,0.0
chb05,chb05_10.edf,2700.0,2704.0,1.0,0.0,80,0.8375512923759941,ok,0,11,9,0.0
chb05,chb05_10.edf,2700.0,2704.0,1.0,0.0,81,1.3218647883394035,ok,0,10,8,0.0
chb05,chb05_10.edf,2700.0,2704.0,1.0,0.175,62,0.8207228509784782,ok,0,12,11,0.0
chb05,chb05_10.edf,2700.0,2704.0,1.0,0.175,63,0.16726057798219393,ok,0,8,7,0.0
chb05,chb05_10.edf,2700.0,2704.0,1.0,0.175,64,0.17192047651837583,ok,0,10,9,0.0
chb05,chb05_10.edf,2700.0,2704.0,1.0,0.175,65,0.48620003231413916,ok,0,12,9,0.0
chb05,chb05_10.edf,2700.0,2704.0,1.0,0.175,66,1.3756822323974554,ok,0,13,11,0.0
chb05,chb05_10.edf,2700.0,2704.0,1.0,0.175,67,1.0067830609804835,ok,0,9,8,0.0
chb05,chb05_10.edf,2700.0,2704.0,1.0,0.175,68,0.4749170925663271,ok,0,11,9,0.0
chb05,chb05_10.edf,2700.0,2704.0,1.0,0.175,69,1.0610836315798138,ok,0,8,5,0.0
chb05,chb05_10.edf,2700.0,2704.0,1.0,0.175,70,0.981919803246944,ok,0,12,11,0.0
chb05,chb05_10.edf,2700.0,2704.0,1.0,0.175,71,1.7937447317653397,ok,0,10,8,0.0
chb05,chb05_10.edf,2700.0,2704.0,1.0,0.175,72,0.1692486635019696,ok,0,6,5,0.0
chb05,chb05_10.edf,2700.0,2704.0,1.0,0.175,73,0.6191720810400293,ok,0,9,8,0.0
chb05,chb05_10.edf,2700.0,2704.0,1.0,0.175,74,0.6443582292066723,ok,0,11,10,0.0
chb05,chb05_10.edf,2700.0,2704.0,1.0,0.175,75,1.65888681246551,ok,0,10,7,0.0
chb05,chb05_10.edf,2700.0,2704.0,1.0,0.175,76,0.22553402254439306,ok,0,12,11,0.0
chb05,chb05_10.edf,2700.0,2704.0,1.0,0.175,77,1.261454559020981,ok,0,10,9,0.0
chb05,chb05_10.edf,2700.0,2704.0,1.0,0.175,78,1.9856992051961986,ok,0,12,11,0.0
chb05,chb05_10.edf,2700.0,2704.0,1.0,0.175,79,0.1609368397508929,ok,0,7,6,0.0
chb05,chb05_10.edf,2700.0,2704.0,1.0,0.175,80,0.8460001481744026,ok,0,12,10,0.0
chb05,chb05_10.edf,2700.0,2704.0,1.0,0.175,81,1.3218647883394035,ok,0,10,8,0.0
chb05,chb05_10.edf,2700.0,2704.0,1.0,0.35,62,0.8207228509784782,ok,0,12,11,0.0
chb05,chb05_10.edf,2700.0,2704.0,1.0,0.35,63,0.16726057798219393,ok,0,8,7,0.0
chb05,chb05_10.edf,2700.0,2704.0,1.0,0.35,64,0.17192047651837583,ok,0,10,9,0.0
chb05,chb05_10.edf,2700.0,2704.0,1.0,0.35,65,0.48620003231413916,ok,0,12,9,0.0
chb05,chb05_10.edf,2700.0,2704.0,1.0,0.35,66,1.3756822323974554,ok,0,13,11,0.0
chb05,chb05_10.edf,2700.0,2704.0,1.0,0.35,67,1.0067830609804835,ok,0,9,8,0.0
chb05,chb05_10.edf,2700.0,2704.0,1.0,0.35,68,0.4749170925663271,ok,0,11,9,0.0
chb05,chb05_10.edf,2700.0,2704.0,1.0,0.35,69,1.0610836315798138,ok,0,8,5,0.0
chb05,chb05_10.edf,2700.0,2704.0,1.0,0.35,70,1.439763967704024,ok,0,11,9,0.0
chb05,chb05_10.edf,2700.0,2704.0,1.0,0.35,71,1.7937447317653397,ok,0,10,8,0.0
chb05,chb05_10.edf,2700.0,2704.0,1.0,0.35,72,0.1692486635019696,ok,0,6,5,0.0
chb05,chb05_10.edf,2700.0,2704.0,1.0,0.35,73,0.6813797363286515,ok,0,10,9,0.0
chb05,chb05_10.edf,2700.0,2704.0,1.0,0.35,74,0.6371230857461965,ok,0,11,10,0.0
chb05,chb05_10.edf,2700.0,2704.0,1.0,0.35,75,1.65888681246551,ok,0,10,7,0.0
chb05,chb05_10.edf,2700.0,2704.0,1.0,0.35,76,0.22553402254439306,ok,0,12,11,0.0
chb05,chb05_10.edf,2700.0,2704.0,1.0,0.35,77,1.261454559020981,ok,0,10,9,0.0
chb05,chb05_10.edf,2700.0,2704.0,1.0,0.35,78,1.9241018879891916,ok,0,12,10,0.0
chb05,chb05_10.edf,2700.0,2704.0,1.0,0.35,79,0.1609368397508929,ok,0,7,6,0.0
chb05,chb05_10.edf,2700.0,2704.0,1.0,0.35,80,0.6844206223142935,ok,0,13,11,0.0
chb05,chb05_10.edf,2700.0,2704.0,1.0,0.35,81,1.3218647883394035,ok,0,10,8,0.0
chb05,chb05_10.edf,2700.0,2704.0,1.0,0.7,62,0.8207228509784782,ok,0,12,11,0.0
chb05,chb05_10.edf,2700.0,2704.0,1.0,0.7,63,0.16726057798219393,ok,0,8,7,0.0
chb05,chb05_10.edf,2700.0,2704.0,1.0,0.7,64,0.1874512077875906,ok,0,10,9,0.0
chb05,chb05_10.edf,2700.0,2704.0,1.0,0.7,65,0.48620003231413916,ok,0,12,9,0.0
chb05,chb05_10.edf,2700.0,2704.0,1.0,0.7,66,1.3756822323974554,ok,0,13,11,0.0
chb05,chb05_10.edf,2700.0,2704.0,1.0,0.7,67,1.0193193591328007,ok,0,9,8,0.0
chb05,chb05_10.edf,2700.0,2704.0,1.0,0.7,68,0.5034444582953266,ok,0,10,8,0.0
chb05,chb05_10.edf,2700.0,2704.0,1.0,0.7,69,1.1764082802397795,ok,0,9,7,0.0
chb05,chb05_10.edf,2700.0,2704.0,1.0,0.7,70,1.3484474203224173,ok,0,10,8,0.0
chb05,chb05_10.edf,2700.0,2704.0,1.0,0.7,71,1.8714614905846687,ok,0,10,9,0.0
chb05,chb05_10.edf,2700.0,2704.0,1.0,0.7,72,0.1692486635019696,ok,0,6,5,0.0
chb05,chb05_10.edf,2700.0,2704.0,1.0,0.7,73,0.5724749504721512,ok,0,8,7,0.0
chb05,chb05_10.edf,2700.0,2704.0,1.0,0.7,74,0.6046985312635229,ok,0,10,9,0.0
chb05,chb05_10.edf,2700.0,2704.0,1.0,0.7,75,1.65888681246551,ok,0,10,7,0.0
chb05,chb05_10.edf,2700.0,2704.0,1.0,0.7,76,0.22553402254439306,ok,0,12,11,0.0
chb05,chb05_10.edf,2700.0,2704.0,1.0,0.7,77,1.262029887125709,ok,0,9,8,0.0
chb05,chb05_10.edf,2700.0,2704.0,1.0,0.7,78,1.924075188439301,ok,0,12,10,0.0
chb05,chb05_10.edf,2700.0,2704.0,1.0,0.7,79,0.1609368397508929,ok,0,7,6,0.0
chb05,chb05_10.edf,2700.0,2704.0,1.0,0.7,80,0.6696382654635248,ok,0,13,11,0.0
chb05,chb05_10.edf,2700.0,2704.0,1.0,0.7,81,1.358734595506705,ok,0,9,7,0.0
chb05,chb05_13.edf,904.0,908.0,0.25,0.0,62,0.6171842911523988,ok,0,10,9,0.0
chb05,chb05_13.edf,904.0,908.0,0.25,0.0,63,2.043747370146671,ok,0,9,8,0.0
chb05,chb05_13.edf,904.0,908.0,0.25,0.0,64,0.8756532617719204,ok,0,9,8,0.0
chb05,chb05_13.edf,904.0,908.0,0.25,0.0,65,0.9667718123938864,ok,0,11,10,0.0
chb05,chb05_13.edf,904.0,908.0,0.25,0.0,66,0.3631787913269073,ok,0,11,9,0.0
chb05,chb05_13.edf,904.0,908.0,0.25,0.0,67,0.8092054221906116,ok,0,11,9,0.0
chb05,chb05_13.edf,904.0,908.0,0.25,0.0,68,0.9681035064574081,ok,0,9,8,0.0
chb05,chb05_13.edf,904.0,908.0,0.25,0.0,69,1.241548694349417,ok,0,10,8,0.0
chb05,chb05_13.edf,904.0,908.0,0.25,0.0,70,0.2793983295119334,ok,0,9,8,0.0
chb05,chb05_13.edf,904.0,908.0,0.25,0.0,71,1.5904417843670142,ok,0,12,11,0.0
chb05,chb05_13.edf,904.0,908.0,0.25,0.0,72,0.9990557900479503,ok,0,11,9,0.0
chb05,chb05_13.edf,904.0,908.0,0.25,0.0,73,0.4814093715175572,ok,0,8,7,0.0
chb05,chb05_13.edf,904.0,908.0,0.25,0.0,74,0.6162790697674418,ok,0,11,8,0.0
chb05,chb05_13.edf,904.0,908.0,0.25,0.0,75,0.35394981220923855,ok,0,12,11,0.0
chb05,chb05_13.edf,904.0,908.0,0.25,0.0,76,0.3909772130214703,ok,0,12,11,0.0
chb05,chb05_13.edf,904.0,908.0,0.25,0.0,77,0.9447730595988872,ok,0,6,4,0.0
chb05,chb05_13.edf,904.0,908.0,0.25,0.0,78,1.3483863463099397,ok,0,11,10,0.0
chb05,chb05_13.edf,904.0,908.0,0.25,0.0,79,0.1609368397508929,ok,0,7,6,0.0
chb05,chb05_13.edf,904.0,908.0,0.25,0.0,80,0.1797136108456547,ok,0,12,10,0.0
chb05,chb05_13.edf,904.0,908.0,0.25,0.0,81,1.4033891062507988,ok,0,10,7,0.0
chb05,chb05_13.edf,904.0,908.0,0.25,0.175,62,0.8001817483147683,ok,0,8,7,0.0
chb05,chb05_13.edf,904.0,908.0,0.25,0.175,63,1.8881964700606273,ok,0,9,7,0.0
chb05,chb05_13.edf,904.0,908.0,0.25,0.175,64,0.8826310511171028,ok,0,10,9,0.0
chb05,chb05_13.edf,904.0,908.0,0.25,0.175,65,0.816044032726472,ok,0,12,11,0.0
chb05,chb05_13.edf,904.0,908.0,0.25,0.175,66,0.3428004452807938,ok,0,11,9,0.0
chb05,chb05_13.edf,904.0,908.0,0.25,0.175,67,0.4253257448034103,ok,0,13,11,0.0
chb05,chb05_13.edf,904.0,908.0,0.25,0.175,68,1.0819429701877423,ok,0,8,7,0.0
chb05,chb05_13.edf,904.0,908.0,0.25,0.175,69,1.2948209068885081,ok,0,9,7,0.0
chb05,chb05_13.edf,904.0,908.0,0.25,0.175,70,0.2793983295119334,ok,0,9,8,0.0
chb05,chb05_13.edf,904.0,908.0,0.25,0.175,71,1.5216703521854653,ok,0,12,10,0.0
chb05,chb05_13.edf,904.0,908.0,0.25,0.175,72,1.0191071575166437,ok,0,10,8,0.0
chb05,chb05_13.edf,904.0,908.0,0.25,0.175,73,0.46148893140936575,ok,0,9,8,0.0
chb05,chb05_13.edf,904.0,908.0,0.25,0.175,74,0.360793174048842,ok,0,12,9,0.0
chb05,chb05_13.edf,904.0,908.0,0.25,0.175,75,0.48798861222980694,ok,0,10,9,0.0
chb05,chb05_13.edf,904.0,908.0,0.25,0.175,76,0.3884791477511718,ok,0,13,12,0.0
chb05,chb05_13.edf,904.0,908.0,0.25,0.175,77,0.8082721727422603,ok,0,5,3,0.0
chb05,chb05_13.edf,904.0,908.0,0.25,0.175,78,1.2624619862851194,ok,0,12,11,0.0
chb05,chb05_13.edf,904.0,908.0,0.25,0.175,79,0.1609368397508929,ok,0,7,6,0.0
chb05,chb05_13.edf,904.0,908.0,0.25,0.175,80,0.18317349230170574,ok,0,11,9,0.0
chb05,chb05_13.edf,904.0,908.0,0.25,0.175,81,1.3556957639303253,ok,0,12,9,0.0
chb05,chb05_13.edf,904.0,908.0,0.25,0.35,62,0.3472095220497896,ok,0,10,9,0.0
chb05,chb05_13.edf,904.0,908.0,0.25,0.35,63,1.6808124680690426,ok,0,11,10,0.0
chb05,chb05_13.edf,904.0,908.0,0.25,0.35,64,0.8980796005026683,ok,0,12,11,0.0
chb05,chb05_13.edf,904.0,908.0,0.25,0.35,65,0.6653675427981096,ok,0,11,10,0.0
chb05,chb05_13.edf,904.0,908.0,0.25,0.35,66,0.3631787913269073,ok,0,11,9,0.0
chb05,chb05_13.edf,904.0,908.0,0.25,0.35,67,0.6075272357212164,ok,0,11,9,0.0
chb05,chb05_13.edf,904.0,908.0,0.25,0.35,68,1.0818432724519915,ok,0,8,7,0.0
chb05,chb05_13.edf,904.0,908.0,0.25,0.35,69,1.2948209068885081,ok,0,9,7,0.0
chb05,chb05_13.edf,904.0,908.0,0.25,0.35,70,0.29651071462799167,ok,0,12,10,0.0
chb05,chb05_13.edf,904.0,908.0,0.25,0.35,71,1.8179982256514546,ok,0,11,9,0.0
chb05,chb05_13.edf,904.0,908.0,0.25,0.35,72,1.3454176616331908,ok,0,8,7,0.0
chb05,chb05_13.edf,904.0,908.0,0.25,0.35,73,0.5512208557574529,ok,0,8,7,0.0
chb05,chb05_13.edf,904.0,908.0,0.25,0.35,74,0.1790509962531883,ok,0,10,7,0.0
chb05,chb05_13.edf,904.0,908.0,0.25,0.35,75,0.5014960337695293,ok,0,9,8,0.0
chb05,chb05_13.edf,904.0,908.0,0.25,0.35,76,0.3884791477511718,ok,0,13,12,0.0
chb05,chb05_13.edf,904.0,908.0,0.25,0.35,77,0.8082721727422603,ok,0,5,3,0.0
chb05,chb05_13.edf,904.0,908.0,0.25,0.35,78,1.1421653048602247,ok,0,10,9,0.0
chb05,chb05_13.edf,904.0,908.0,0.25,0.35,79,1.6922982042475536,ok,0,9,8,0.0
chb05,chb05_13.edf,904.0,908.0,0.25,0.35,80,0.18317349230170574,ok,0,11,9,0.0
chb05,chb05_13.edf,904.0,908.0,0.25,0.35,81,1.3556957639303253,ok,0,12,9,0.0
chb05,chb05_13.edf,904.0,908.0,0.25,0.7,62,0.15215857643590652,ok,0,12,11,0.0
chb05,chb05_13.edf,904.0,908.0,0.25,0.7,63,0.9079111700984764,ok,0,14,13,0.0
chb05,chb05_13.edf,904.0,908.0,0.25,0.7,64,0.817710301843536,ok,0,7,6,0.0
chb05,chb05_13.edf,904.0,908.0,0.25,0.7,65,0.6462903818887836,ok,0,9,8,0.0
chb05,chb05_13.edf,904.0,908.0,0.25,0.7,66,0.16004476674855225,ok,0,11,9,0.0
chb05,chb05_13.edf,904.0,908.0,0.25,0.7,67,0.9283279460313503,ok,0,8,7,0.0
chb05,chb05_13.edf,904.0,908.0,0.25,0.7,68,0.6958874391175627,ok,0,8,7,0.0
chb05,chb05_13.edf,904.0,908.0,0.25,0.7,69,1.115846535179135,ok,0,9,7,0.0
chb05,chb05_13.edf,904.0,908.0,0.25,0.7,70,0.5050496403617007,ok,0,14,12,0.0
chb05,chb05_13.edf,904.0,908.0,0.25,0.7,71,1.7855576442652517,ok,0,11,9,0.0
chb05,chb05_13.edf,904.0,908.0,0.25,0.7,72,1.352595424441939,ok,0,8,7,0.0
chb05,chb05_13.edf,904.0,908.0,0.25,0.7,73,0.47875283055047585,ok,0,7,6,0.0
chb05,chb05_13.edf,904.0,908.0,0.25,0.7,74,0.41169115004402834,ok,0,8,7,0.0
chb05,chb05_13.edf,904.0,908.0,0.25,0.7,75,0.7062134278113594,ok,0,10,9,0.0
chb05,chb05_13.edf,904.0,908.0,0.25,0.7,76,0.7073759407747752,ok,0,11,10,0.0
chb05,chb05_13.edf,904.0,908.0,0.25,0.7,77,0.8082721727422603,ok,0,5,3,0.0
chb05,chb05_13.edf,904.0,908.0,0.25,0.7,78,1.3863910720395136,ok,0,6,5,0.0
chb05,chb05_13.edf,904.0,908.0,0.25,0.7,79,1.2435530770167755,ok,0,8,7,0.0
chb05,chb05_13.edf,904.0,908.0,0.25,0.7,80,0.2360330022354692,ok,0,12,9,0.0
chb05,chb05_13.edf,904.0,908.0,0.25,0.7,81,1.4433030576835366,ok,0,12,10,0.0
chb05,chb05_13.edf,904.0,908.0,0.5,0.0,62,0.5712931377579745,ok,0,12,11,0.0
chb05,chb05_13.edf,904.0,908.0,0.5,0.0,63,0.16726057798219393,ok,0,8,7,0.0
chb05,chb05_13.edf,904.0,908.0,0.5,0.0,64,0.19637001542360058,ok,0,9,8,0.0
chb05,chb05_13.edf,904.0,908.0,0.5,0.0,65,0.546024803519956,ok,0,10,8,0.0
chb05,chb05_13.edf,904.0,908.0,0.5,0.0,66,0.3428004452807938,ok,0,11,9,0.0
chb05,chb05_13.edf,904.0,908.0,0.5,0.0,67,0.9454773281444654,ok,0,7,6,0.0
chb05,chb05_13.edf,904.0,908.0,0.5,0.0,68,1.2291207868644798,ok,0,12,11,0.0
chb05,chb05_13.edf,904.0,908.0,0.5,0.0,69,1.1682562182790923,ok,0,9,7,0.0
chb05,chb05_13.edf,904.0,908.0,0.5,0.0,70,0.5111811702061327,ok,0,14,13,0.0
chb05,chb05_13.edf,904.0,908.0,0.5,0.0,71,1.8179982256514546,ok,0,11,9,0.0
chb05,chb05_13.edf,904.0,908.0,0.5,0.0,72,0.18642507739616473,ok,0,6,5,0.0
chb05,chb05_13.edf,904.0,908.0,0.5,0.0,73,0.6286253346157429,ok,0,10,9,0.0
chb05,chb05_13.edf,904.0,908.0,0.5,0.0,74,0.6476197533905482,ok,0,9,7,0.0
chb05,chb05_13.edf,904.0,908.0,0.5,0.0,75,0.9626906857352386,ok,0,12,10,0.0
chb05,chb05_13.edf,904.0,908.0,0.5,0.0,76,0.48840569686484475,ok,0,10,9,0.0
chb05,chb05_13.edf,904.0,908.0,0.5,0.0,77,1.4397992123948258,ok,0,10,9,0.0
chb05,chb05_13.edf,904.0,908.0,0.5,0.0,78,0.8783739115481473,ok,0,10,9,0.0
chb05,chb05_13.edf,904.0,908.0,0.5,0.0,79,0.6660998123404629,ok,0,8,7,0.0
chb05,chb05_13.edf,904.0,908.0,0.5,0.0,80,0.48943288169382493,ok,0,10,8,0.0
chb05,chb05_13.edf,904.0,908.0,0.5,0.0,81,1.3487816138931745,ok,0,10,9,0.0
chb05,chb05_13.edf,904.0,908.0,0.5,0.175,62,0.5712931377579745,ok,0,12,11,0.0
chb05,chb05_13.edf,904.0,908.0,0.5,0.175,63,2.0983620666686034,ok,0,10,9,0.0
chb05,chb05_13.edf,904.0,908.0,0.5,0.175,64,0.20765614426442824,ok,0,8,7,0.0
chb05,chb05_13.edf,904.0,908.0,0.5,0.175,65,1.6058933832399922,ok,0,12,10,0.0
chb05,chb05_13.edf,904.0,908.0,0.5,0.175,66,0.3428004452807938,ok,0,11,9,0.0
chb05,chb05_13.edf,904.0,908.0,0.5,0.175,67,0.9454773281444654,ok,0,7,6,0.0
chb05,chb05_13.edf,904.0,908.0,0.5,0.175,68,1.2355240639595184,ok,0,11,10,0.0
chb05,chb05_13.edf,904.0,908.0,0.5,0.175,69,1.289965390797386,ok,0,9,7,0.0
chb05,chb05_13.edf,904.0,908.0,0.5,0.175,70,0.509154547108042,ok,0,14,13,0.0
chb05,chb05_13.edf,904.0,908.0,0.5,0.175,71,1.8179982256514546,ok,0,11,9,0.0
chb05,chb05_13.edf,904.0,908.0,0.5,0.175,72,0.18642507739616473,ok,0,6,5,0.0
chb05,chb05_13.edf,904.0,908.0,0.5,0.175,73,0.6582491133988347,ok,0,11,10,0.0
chb05,chb05_13.edf,904.0,908.0,0.5,0.175,74,0.6982363301432898,ok,0,11,9,0.0
chb05,chb05_13.edf,904.0,908.0,0.5,0.175,75,0.9626906857352386,ok,0,12,10,0.0
chb05,chb05_13.edf,904.0,908.0,0.5,0.175,76,0.2904781347835556,ok,0,9,8,0.0
chb05,chb05_13.edf,904.0,908.0,0.5,0.175,77,0.1403159073603611,ok,0,9,8,0.0
chb05,chb05_13.edf,904.0,908.0,0.5,0.175,78,0.8764622074007292,ok,0,10,9,0.0
chb05,chb05_13.edf,904.0,908.0,0.5,0.175,79,0.1609368397508929,ok,0,7,6,0.0
chb05,chb05_13.edf,904.0,908.0,0.5,0.175,80,0.5445442333929003,ok,0,10,8,0.0
chb05,chb05_13.edf,904.0,908.0,0.5,0.175,81,1.3529940374376748,ok,0,9,8,0.0
chb05,chb05_13.edf,904.0,908.0,0.5,0.35,62,0.5712931377579745,ok,0,12,11,0.0
chb05,chb05_13.edf,904.0,908.0,0.5,0.35,63,1.6764919852149132,ok,0,11,10,0.0
chb05,chb05_13.edf,904.0,908.0,0.5,0.35,64,0.8095584896083086,ok,0,9,7,0.0
chb05,chb05_13.edf,904.0,908.0,0.5,0.35,65,0.9984154721741337,ok,0,13,11,0.0
chb05,chb05_13.edf,904.0,908.0,0.5,0.35,66,0.3464378370998594,ok,0,10,8,0.0
chb05,chb05_13.edf,904.0,908.0,0.5,0.35,67,0.9454773281444654,ok,0,7,6,0.0
chb05,chb05_13.edf,904.0,908.0,0.5,0.35,68,1.2355240639595184,ok,0,11,10,0.0
chb05,chb05_13.edf,904.0,908.0,0.5,0.35,69,1.2946678410950243,ok,0,9,7,0.0
chb05,chb05_13.edf,904.0,908.0,0.5,0.35,70,0.509154547108042,ok,0,14,13,0.0
chb05,chb05_13.edf,904.0,908.0,0.5,0.35,71,1.8179982256514546,ok,0,11,9,0.0
chb05,chb05_13.edf,904.0,908.0,0.5,0.35,72,0.18642507739616473,ok,0,6,5,0.0
chb05,chb05_13.edf,904.0,908.0,0.5,0.35,73,0.6582491133988347,ok,0,11,10,0.0
chb05,chb05_13.edf,904.0,908.0,0.5,0.35,74,0.3408083038784795,ok,0,13,10,0.0
chb05,chb05_13.edf,904.0,908.0,0.5,0.35,75,0.8799175688066077,ok,0,12,10,0.0
chb05,chb05_13.edf,904.0,908.0,0.5,0.35,76,1.1237973950525706,ok,0,12,10,0.0
chb05,chb05_13.edf,904.0,908.0,0.5,0.35,77,0.3721999210024198,ok,0,9,7,0.0
chb05,chb05_13.edf,904.0,908.0,0.5,0.35,78,0.9188408712651274,ok,0,9,8,0.0
chb05,chb05_13.edf,904.0,908.0,0.5,0.35,79,1.6466047869733318,ok,0,8,7,0.0
chb05,chb05_13.edf,904.0,908.0,0.5,0.35,80,0.5781167585401784,ok,0,11,9,0.0
chb05,chb05_13.edf,904.0,908.0,0.5,0.35,81,1.3641366236212056,ok,0,10,8,0.0
chb05,chb05_13.edf,904.0,908.0,0.5,0.7,62,0.6377408170290711,ok,0,13,11,0.0
chb05,chb05_13.edf,904.0,908.0,0.5,0.7,63,1.29770593471104,ok,0,15,14,0.0
chb05,chb05_13.edf,904.0,908.0,0.5,0.7,64,0.6802452234406654,ok,0,9,8,0.0
chb05,chb05_13.edf,904.0,908.0,0.5,0.7,65,0.816044032726472,ok,0,12,11,0.0
chb05,chb05_13.edf,904.0,908.0,0.5,0.7,66,0.5416435874039921,ok,0,9,7,0.0
chb05,chb05_13.edf,904.0,908.0,0.5,0.7,67,0.6682484126819563,ok,0,6,5,0.0
chb05,chb05_13.edf,904.0,908.0,0.5,0.7,68,1.251829660915381,ok,0,10,9,0.0
chb05,chb05_13.edf,904.0,908.0,0.5,0.7,69,1.2946678410950243,ok,0,9,7,0.0
chb05,chb05_13.edf,904.0,908.0,0.5,0.7,70,0.6159927339818921,ok,0,13,12,0.0
chb05,chb05_13.edf,904.0,908.0,0.5,0.7,71,1.8179982256514546,ok,0,11,9,0.0
chb05,chb05_13.edf,904.0,908.0,0.5,0.7,72,0.1692486635019696,ok,0,6,5,0.0
chb05,chb05_13.edf,904.0,908.0,0.5,0.7,73,0.7325422501567388,ok,0,10,9,0.0
chb05,chb05_13.edf,904.0,908.0,0.5,0.7,74,0.35069153462949404,ok,0,12,9,0.0
chb05,chb05_13.edf,904.0,908.0,0.5,0.7,75,0.8354071147497595,ok,0,10,9,0.0
chb05,chb05_13.edf,904.0,908.0,0.5,0.7,76,0.34910508140535174,ok,0,11,9,0.0
chb05,chb05_13.edf,904.0,908.0,0.5,0.7,77,1.0777754385500382,ok,0,8,6,0.0
chb05,chb05_13.edf,904.0,908.0,0.5,0.7,78,1.4529715514520103,ok,0,10,9,0.0
chb05,chb05_13.edf,904.0,908.0,0.5,0.7,79,1.4790632375478419,ok,0,6,5,0.0
chb05,chb05_13.edf,904.0,908.0,0.5,0.7,80,0.5144355861876094,ok,0,12,10,0.0
chb05,chb05_13.edf,904.0,908.0,0.5,0.7,81,0.8989055750831888,ok,0,12,10,0.0
chb05,chb05_13.edf,904.0,908.0,1.0,0.0,62,0.7743914046997703,ok,0,11,10,0.0
chb05,chb05_13.edf,904.0,908.0,1.0,0.0,63,0.21488489744161204,ok,0,8,7,0.0
chb05,chb05_13.edf,904.0,908.0,1.0,0.0,64,0.17192047651837583,ok,0,10,9,0.0
chb05,chb05_13.edf,904.0,908.0,1.0,0.0,65,0.48620003231413916,ok,0,12,9,0.0
chb05,chb05_13.edf,904.0,908.0,1.0,0.0,66,1.3756822323974554,ok,0,13,11,0.0
chb05,chb05_13.edf,904.0,908.0,1.0,0.0,67,1.0067830609804835,ok,0,9,8,0.0
chb05,chb05_13.edf,904.0,908.0,1.0,0.0,68,1.5176810316646947,ok,0,13,11,0.0
chb05,chb05_13.edf,904.0,908.0,1.0,0.0,69,1.0610836315798138,ok,0,8,5,0.0
chb05,chb05_13.edf,904.0,908.0,1.0,0.0,70,0.981919803246944,ok,0,12,11,0.0
chb05,chb05_13.edf,904.0,908.0,1.0,0.0,71,1.7937447317653397,ok,0,10,8,0.0
chb05,chb05_13.edf,904.0,908.0,1.0,0.0,72,0.18642507739616473,ok,0,6,5,0.0
chb05,chb05_13.edf,904.0,908.0,1.0,0.0,73,0.5987516059102022,ok,0,9,8,0.0
chb05,chb05_13.edf,904.0,908.0,1.0,0.0,74,0.6443582292066723,ok,0,11,10,0.0
chb05,chb05_13.edf,904.0,908.0,1.0,0.0,75,1.65888681246551,ok,0,10,7,0.0
chb05,chb05_13.edf,904.0,908.0,1.0,0.0,76,0.22553402254439306,ok,0,12,11,0.0
chb05,chb05_13.edf,904.0,908.0,1.0,0.0,77,1.261454559020981,ok,0,10,9,0.0
chb05,chb05_13.edf,904.0,908.0,1.0,0.0,78,1.9856992051961986,ok,0,12,11,0.0
chb05,chb05_13.edf,904.0,908.0,1.0,0.0,79,0.1609368397508929,ok,0,7,6,0.0
chb05,chb05_13.edf,904.0,908.0,1.0,0.0,80,0.8375512923759941,ok,0,11,9,0.0
chb05,chb05_13.edf,904.0,908.0,1.0,0.0,81,1.3218647883394035,ok,0,10,8,0.0
chb05,chb05_13.edf,904.0,908.0,1.0,0.175,62,0.7718735348950996,ok,0,11,10,0.0
chb05,chb05_13.edf,904.0,908.0,1.0,0.175,63,0.14655956456718455,ok,0,8,7,0.0
chb05,chb05_13.edf,904.0,908.0,1.0,0.175,64,0.31944672308821837,ok,0,9,8,0.0
chb05,chb05_13.edf,904.0,908.0,1.0,0.175,65,0.48620003231413916,ok,0,12,9,0.0
chb05,chb05_13.edf,904.0,908.0,1.0,0.175,66,1.3756822323974554,ok,0,13,11,0.0
chb05,chb05_13.edf,904.0,908.0,1.0,0.175,67,1.0067830609804835,ok,0,9,8,0.0
chb05,chb05_13.edf,904.0,908.0,1.0,0.175,68,1.4668332538640976,ok,0,12,10,0.0
chb05,chb05_13.edf,904.0,908.0,1.0,0.175,69,1.0610836315798138,ok,0,8,5,0.0
chb05,chb05_13.edf,904.0,908.0,1.0,0.175,70,1.0713161689866328,ok,0,12,9,0.0
chb05,chb05_13.edf,904.0,908.0,1.0,0.175,71,1.7937447317653397,ok,0,10,8,0.0
chb05,chb05_13.edf,904.0,908.0,1.0,0.175,72,0.18642507739616473,ok,0,6,5,0.0
chb05,chb05_13.edf,904.0,908.0,1.0,0.175,73,0.6549312758509431,ok,0,10,9,0.0
chb05,chb05_13.edf,904.0,908.0,1.0,0.175,74,0.6459406006850896,ok,0,11,10,0.0
chb05,chb05_13.edf,904.0,908.0,1.0,0.175,75,1.5723762842569506,ok,0,9,7,0.0
chb05,chb05_13.edf,904.0,908.0,1.0,0.175,76,0.22553402254439306,ok,0,12,11,0.0
chb05,chb05_13.edf,904.0,908.0,1.0,0.175,77,1.1823574475580834,ok,0,9,8,0.0
chb05,chb05_13.edf,904.0,908.0,1.0,0.175,78,1.9856992051961986,ok,0,12,11,0.0
chb05,chb05_13.edf,904.0,908.0,1.0,0.175,79,0.1609368397508929,ok,0,7,6,0.0
chb05,chb05_13.edf,904.0,908.0,1.0,0.175,80,0.83885612543029,ok,0,11,9,0.0
chb05,chb05_13.edf,904.0,908.0,1.0,0.175,81,1.3218647883394035,ok,0,10,8,0.0
chb05,chb05_13.edf,904.0,908.0,1.0,0.35,62,0.7718735348950996,ok,0,11,10,0.0
chb05,chb05_13.edf,904.0,908.0,1.0,0.35,63,2.006631889374553,ok,0,9,8,0.0
chb05,chb05_13.edf,904.0,908.0,1.0,0.35,64,0.31944672308821837,ok,0,9,8,0.0
chb05,chb05_13.edf,904.0,908.0,1.0,0.35,65,0.49292157435773215,ok,0,12,10,0.0
chb05,chb05_13.edf,904.0,908.0,1.0,0.35,66,1.3756822323974554,ok,0,13,11,0.0
chb05,chb05_13.edf,904.0,908.0,1.0,0.35,67,1.0067830609804835,ok,0,9,8,0.0
chb05,chb05_13.edf,904.0,908.0,1.0,0.35,68,1.4668332538640976,ok,0,12,10,0.0
chb05,chb05_13.edf,904.0,908.0,1.0,0.35,69,1.1778194368696275,ok,0,8,6,0.0
chb05,chb05_13.edf,904.0,908.0,1.0,0.35,70,0.6351554185583084,ok,0,13,10,0.0
chb05,chb05_13.edf,904.0,908.0,1.0,0.35,71,1.7937447317653397,ok,0,10,8,0.0
chb05,chb05_13.edf,904.0,908.0,1.0,0.35,72,0.1692486635019696,ok,0,6,5,0.0
chb05,chb05_13.edf,904.0,908.0,1.0,0.35,73,0.6765236117286009,ok,0,9,8,0.0
chb05,chb05_13.edf,904.0,908.0,1.0,0.35,74,0.6504286783843977,ok,0,12,10,0.0
chb05,chb05_13.edf,904.0,908.0,1.0,0.35,75,1.5788340725348726,ok,0,10,8,0.0
chb05,chb05_13.edf,904.0,908.0,1.0,0.35,76,0.48840569686484475,ok,0,10,9,0.0
chb05,chb05_13.edf,904.0,908.0,1.0,0.35,77,1.1823574475580834,ok,0,9,8,0.0
chb05,chb05_13.edf,904.0,908.0,1.0,0.35,78,1.9856992051961986,ok,0,12,11,0.0
chb05,chb05_13.edf,904.0,908.0,1.0,0.35,79,0.1609368397508929,ok,0,7,6,0.0
chb05,chb05_13.edf,904.0,908.0,1.0,0.35,80,0.628790600650606,ok,0,11,9,0.0
chb05,chb05_13.edf,904.0,908.0,1.0,0.35,81,1.3128930247995132,ok,0,11,10,0.0
chb05,chb05_13.edf,904.0,908.0,1.0,0.7,62,0.6851989057832127,ok,0,10,9,0.0
chb05,chb05_13.edf,904.0,908.0,1.0,0.7,63,1.76287058295036,ok,0,13,12,0.0
chb05,chb05_13.edf,904.0,908.0,1.0,0.7,64,0.1886549942911231,ok,0,8,7,0.0
chb05,chb05_13.edf,904.0,908.0,1.0,0.7,65,0.546024803519956,ok,0,10,8,0.0
chb05,chb05_13.edf,904.0,908.0,1.0,0.7,66,1.3756822323974554,ok,0,13,11,0.0
chb05,chb05_13.edf,904.0,908.0,1.0,0.7,67,1.0067830609804835,ok,0,9,8,0.0
chb05,chb05_13.edf,904.0,908.0,1.0,0.7,68,1.2171324351907187,ok,0,12,11,0.0
chb05,chb05_13.edf,904.0,908.0,1.0,0.7,69,1.1778194368696275,ok,0,8,6,0.0
chb05,chb05_13.edf,904.0,908.0,1.0,0.7,70,0.5836447538538134,ok,0,11,8,0.0
chb05,chb05_13.edf,904.0,908.0,1.0,0.7,71,1.7937447317653397,ok,0,10,8,0.0
chb05,chb05_13.edf,904.0,908.0,1.0,0.7,72,0.1692486635019696,ok,0,6,5,0.0
chb05,chb05_13.edf,904.0,908.0,1.0,0.7,73,0.6765236117286009,ok,0,9,8,0.0
chb05,chb05_13.edf,904.0,908.0,1.0,0.7,74,0.6475568200135285,ok,0,12,10,0.0
chb05,chb05_13.edf,904.0,908.0,1.0,0.7,75,1.5788340725348726,ok,0,10,8,0.0
chb05,chb05_13.edf,904.0,908.0,1.0,0.7,76,0.2803199863719119,ok,0,10,9,0.0
chb05,chb05_13.edf,904.0,908.0,1.0,0.7,77,1.1741630630733215,ok,0,9,8,0.0
chb05,chb05_13.edf,904.0,908.0,1.0,0.7,78,1.9504380020821819,ok,0,11,10,0.0
chb05,chb05_13.edf,904.0,908.0,1.0,0.7,79,1.4790632375478419,ok,0,6,5,0.0
chb05,chb05_13.edf,904.0,908.0,1.0,0.7,80,0.864991424825118,ok,0,9,7,0.0
chb05,chb05_13.edf,904.0,908.0,1.0,0.7,81,1.2605947852009527,ok,0,9,8,0.0
chb05,chb05_13.edf,2700.0,2704.0,0.25,0.0,62,0.6171842911523988,ok,0,10,9,0.0
chb05,chb05_13.edf,2700.0,2704.0,0.25,0.0,63,2.043747370146671,ok,0,9,8,0.0
chb05,chb05_13.edf,2700.0,2704.0,0.25,0.0,64,0.8756532617719204,ok,0,9,8,0.0
chb05,chb05_13.edf,2700.0,2704.0,0.25,0.0,65,0.9667718123938864,ok,0,11,10,0.0
chb05,chb05_13.edf,2700.0,2704.0,0.25,0.0,66,0.3631787913269073,ok,0,11,9,0.0
chb05,chb05_13.edf,2700.0,2704.0,0.25,0.0,67,0.8092054221906116,ok,0,11,9,0.0
chb05,chb05_13.edf,2700.0,2704.0,0.25,0.0,68,0.9681035064574081,ok,0,9,8,0.0
chb05,chb05_13.edf,2700.0,2704.0,0.25,0.0,69,1.241548694349417,ok,0,10,8,0.0
chb05,chb05_13.edf,2700.0,2704.0,0.25,0.0,70,0.2793983295119334,ok,0,9,8,0.0
chb05,chb05_13.edf,2700.0,2704.0,0.25,0.0,71,1.5904417843670142,ok,0,12,11,0.0
chb05,chb05_13.edf,2700.0,2704.0,0.25,0.0,72,0.9990557900479503,ok,0,11,9,0.0
chb05,chb05_13.edf,2700.0,2704.0,0.25,0.0,73,0.4814093715175572,ok,0,8,7,0.0
chb05,chb05_13.edf,2700.0,2704.0,0.25,0.0,74,0.6162790697674418,ok,0,11,8,0.0
chb05,chb05_13.edf,2700.0,2704.0,0.25,0.0,75,0.35394981220923855,ok,0,12,11,0.0
chb05,chb05_13.edf,2700.0,2704.0,0.25,0.0,76,0.3909772130214703,ok,0,12,11,0.0
chb05,chb05_13.edf,2700.0,2704.0,0.25,0.0,77,0.9447730595988872,ok,0,6,4,0.0
chb05,chb05_13.edf,2700.0,2704.0,0.25,0.0,78,1.3483863463099397,ok,0,11,10,0.0
chb05,chb05_13.edf,2700.0,2704.0,0.25,0.0,79,0.1609368397508929,ok,0,7,6,0.0
chb05,chb05_13.edf,2700.0,2704.0,0.25,0.0,80,0.1797136108456547,ok,0,12,10,0.0
chb05,chb05_13.edf,2700.0,2704.0,0.25,0.0,81,1.4033891062507988,ok,0,10,7,0.0
chb05,chb05_13.edf,2700.0,2704.0,0.25,0.175,62,0.26257494104338314,ok,0,10,8,0.0
chb05,chb05_13.edf,2700.0,2704.0,0.25,0.175,63,0.20945292038035432,ok,0,9,8,0.0
chb05,chb05_13.edf,2700.0,2704.0,0.25,0.175,64,0.8756532617719204,ok,0,9,8,0.0
chb05,chb05_13.edf,2700.0,2704.0,0.25,0.175,65,1.4958914467743087,ok,0,10,8,0.0
chb05,chb05_13.edf,2700.0,2704.0,0.25,0.175,66,0.3428004452807938,ok,0,11,9,0.0
chb05,chb05_13.edf,2700.0,2704.0,0.25,0.175,67,0.7502039073141997,ok,0,9,8,0.0
chb05,chb05_13.edf,2700.0,2704.0,0.25,0.175,68,1.1923773211045887,ok,0,10,9,0.0
chb05,chb05_13.edf,2700.0,2704.0,0.25,0.175,69,1.241548694349417,ok,0,10,8,0.0
chb05,chb05_13.edf,2700.0,2704.0,0.25,0.175,70,0.27296956278070617,ok,0,7,6,0.0
chb05,chb05_13.edf,2700.0,2704.0,0.25,0.175,71,1.5904417843670142,ok,0,12,11,0.0
chb05,chb05_13.edf,2700.0,2704.0,0.25,0.175,72,0.9990557900479503,ok,0,11,9,0.0
chb05,chb05_13.edf,2700.0,2704.0,0.25,0.175,73,0.4407839464942578,ok,0,7,6,0.0
chb05,chb05_13.edf,2700.0,2704.0,0.25,0.175,74,0.6476197533905482,ok,0,9,7,0.0
chb05,chb05_13.edf,2700.0,2704.0,0.25,0.175,75,0.39215394067812964,ok,0,12,11,0.0
chb05,chb05_13.edf,2700.0,2704.0,0.25,0.175,76,0.4166477697906885,ok,0,10,9,0.0
chb05,chb05_13.edf,2700.0,2704.0,0.25,0.175,77,0.8585052603311499,ok,0,7,5,0.0
chb05,chb05_13.edf,2700.0,2704.0,0.25,0.175,78,1.2147628887471877,ok,0,11,8,0.0
chb05,chb05_13.edf,2700.0,2704.0,0.25,0.175,79,0.1609368397508929,ok,0,7,6,0.0
chb05,chb05_13.edf,2700.0,2704.0,0.25,0.175,80,0.24409616861447228,ok,0,13,12,0.0
chb05,chb05_13.edf,2700.0,2704.0,0.25,0.175,81,1.3487816138931745,ok,0,10,9,0.0
chb05,chb05_13.edf,2700.0,2704.0,0.25,0.35,62,1.607538831647972,ok,0,10,8,0.0
chb05,chb05_13.edf,2700.0,2704.0,0.25,0.35,63,0.20228833216391953,ok,0,8,7,0.0
chb05,chb05_13.edf,2700.0,2704.0,0.25,0.35,64,0.9611472672339714,ok,0,8,7,0.0
chb05,chb05_13.edf,2700.0,2704.0,0.25,0.35,65,1.4958914467743087,ok,0,10,8,0.0
chb05,chb05_13.edf,2700.0,2704.0,0.25,0.35,66,0.3428004452807938,ok,0,11,9,0.0
chb05,chb05_13.edf,2700.0,2704.0,0.25,0.35,67,0.5607417366315137,ok,0,10,9,0.0
chb05,chb05_13.edf,2700.0,2704.0,0.25,0.35,68,1.1429110843332793,ok,0,10,9,0.0
chb05,chb05_13.edf,2700.0,2704.0,0.25,0.35,69,1.0966488679546125,ok,0,11,9,0.0
chb05,chb05_13.edf,2700.0,2704.0,0.25,0.35,70,0.27236675844663577,ok,0,7,6,0.0
chb05,chb05_13.edf,2700.0,2704.0,0.25,0.35,71,1.6358592334043243,ok,0,12,11,0.0
chb05,chb05_13.edf,2700.0,2704.0,0.25,0.35,72,1.0972251389585548,ok,0,10,9,0.0
chb05,chb05_13.edf,2700.0,2704.0,0.25,0.35,73,0.595080521392979,ok,0,9,7,0.0
chb05,chb05_13.edf,2700.0,2704.0,0.25,0.35,74,0.5832398818767601,ok,0,9,6,0.0
chb05,chb05_13.edf,2700.0,2704.0,0.25,0.35,75,0.35742391293530046,ok,0,11,10,0.0
chb05,chb05_13.edf,2700.0,2704.0,0.25,0.35,76,0.7853493097584017,ok,0,11,10,0.0
chb05,chb05_13.edf,2700.0,2704.0,0.25,0.35,77,0.8853596604742402,ok,0,6,4,0.0
chb05,chb05_13.edf,2700.0,2704.0,0.25,0.35,78,1.2802383661375218,ok,0,11,9,0.0
chb05,chb05_13.edf,2700.0,2704.0,0.25,0.35,79,0.43185155391324004,ok,0,10,7,0.0
chb05,chb05_13.edf,2700.0,2704.0,0.25,0.35,80,0.6101761306813372,ok,0,10,8,0.0
chb05,chb05_13.edf,2700.0,2704.0,0.25,0.35,81,1.3487816138931745,ok,0,10,9,0.0
chb05,chb05_13.edf,2700.0,2704.0,0.25,0.7,62,1.3604694280742051,ok,0,8,7,0.0
chb05,chb05_13.edf,2700.0,2704.0,0.25,0.7,63,0.6468813306046337,ok,0,10,9,0.0
chb05,chb05_13.edf,2700.0,2704.0,0.25,0.7,64,0.9040374643919474,ok,0,7,6,0.0
chb05,chb05_13.edf,2700.0,2704.0,0.25,0.7,65,1.4958914467743087,ok,0,10,8,0.0
chb05,chb05_13.edf,2700.0,2704.0,0.25,0.7,66,0.5906396567388621,ok,0,10,8,0.0
chb05,chb05_13.edf,2700.0,2704.0,0.25,0.7,67,0.5227691151348348,ok,0,12,11,0.0
chb05,chb05_13.edf,2700.0,2704.0,0.25,0.7,68,1.1871688760424595,ok,0,9,8,0.0
chb05,chb05_13.edf,2700.0,2704.0,0.25,0.7,69,1.12893251071318,ok,0,11,10,0.0
chb05,chb05_13.edf,2700.0,2704.0,0.25,0.7,70,0.618518628925681,ok,0,12,11,0.0
chb05,chb05_13.edf,2700.0,2704.0,0.25,0.7,71,1.6017934519769188,ok,0,12,11,0.0
chb05,chb05_13.edf,2700.0,2704.0,0.25,0.7,72,1.0524439977931463,ok,0,10,9,0.0
chb05,chb05_13.edf,2700.0,2704.0,0.25,0.7,73,0.5107367080620845,ok,0,10,8,0.0
chb05,chb05_13.edf,2700.0,2704.0,0.25,0.7,74,0.6563423724812806,ok,0,7,6,0.0
chb05,chb05_13.edf,2700.0,2704.0,0.25,0.7,75,0.42663349756817986,ok,0,14,12,0.0
chb05,chb05_13.edf,2700.0,2704.0,0.25,0.7,76,0.4917726859794421,ok,0,11,10,0.0
chb05,chb05_13.edf,2700.0,2704.0,0.25,0.7,77,0.8497518137449962,ok,0,5,3,0.0
chb05,chb05_13.edf,2700.0,2704.0,0.25,0.7,78,1.2653105395310846,ok,0,11,9,0.0
chb05,chb05_13.edf,2700.0,2704.0,0.25,0.7,79,0.20039627645890376,ok,0,12,9,0.0
chb05,chb05_13.edf,2700.0,2704.0,0.25,0.7,80,0.36221577021124257,ok,0,8,6,0.0
chb05,chb05_13.edf,2700.0,2704.0,0.25,0.7,81,0.9344394487249205,ok,0,10,8,0.0
chb05,chb05_13.edf,2700.0,2704.0,0.5,0.0,62,0.5712931377579745,ok,0,12,11,0.0
chb05,chb05_13.edf,2700.0,2704.0,0.5,0.0,63,0.16726057798219393,ok,0,8,7,0.0
chb05,chb05_13.edf,2700.0,2704.0,0.5,0.0,64,0.19637001542360058,ok,0,9,8,0.0
chb05,chb05_13.edf,2700.0,2704.0,0.5,0.0,65,0.546024803519956,ok,0,10,8,0.0
chb05,chb05_13.edf,2700.0,2704.0,0.5,0.0,66,0.3428004452807938,ok,0,11,9,0.0
chb05,chb05_13.edf,2700.0,2704.0,0.5,0.0,67,0.9454773281444654,ok,0,7,6,0.0
chb05,chb05_13.edf,2700.0,2704.0,0.5,0.0,68,1.2291207868644798,ok,0,12,11,0.0
chb05,chb05_13.edf,2700.0,2704.0,0.5,0.0,69,1.1682562182790923,ok,0,9,7,0.0
chb05,chb05_13.edf,2700.0,2704.0,0.5,0.0,70,0.5111811702061327,ok,0,14,13,0.0
chb05,chb05_13.edf,2700.0,2704.0,0.5,0.0,71,1.8179982256514546,ok,0,11,9,0.0
chb05,chb05_13.edf,2700.0,2704.0,0.5,0.0,72,0.18642507739616473,ok,0,6,5,0.0
chb05,chb05_13.edf,2700.0,2704.0,0.5,0.0,73,0.6286253346157429,ok,0,10,9,0.0
chb05,chb05_13.edf,2700.0,2704.0,0.5,0.0,74,0.6476197533905482,ok,0,9,7,0.0
chb05,chb05_13.edf,2700.0,2704.0,0.5,0.0,75,0.9626906857352386,ok,0,12,10,0.0
chb05,chb05_13.edf,2700.0,2704.0,0.5,0.0,76,0.48840569686484475,ok,0,10,9,0.0
chb05,chb05_13.edf,2700.0,2704.0,0.5,0.0,77,1.4397992123948258,ok,0,10,9,0.0
chb05,chb05_13.edf,2700.0,2704.0,0.5,0.0,78,0.8783739115481473,ok,0,10,9,0.0
chb05,chb05_13.edf,2700.0,2704.0,0.5,0.0,79,0.6660998123404629,ok,0,8,7,0.0
chb05,chb05_13.edf,2700.0,2704.0,0.5,0.0,80,0.48943288169382493,ok,0,10,8,0.0
chb05,chb05_13.edf,2700.0,2704.0,0.5,0.0,81,1.3487816138931745,ok,0,10,9,0.0
chb05,chb05_13.edf,2700.0,2704.0,0.5,0.175,62,0.5712931377579745,ok,0,12,11,0.0
chb05,chb05_13.edf,2700.0,2704.0,0.5,0.175,63,0.5946050294951504,ok,0,9,8,0.0
chb05,chb05_13.edf,2700.0,2704.0,0.5,0.175,64,0.33066737835270793,ok,0,10,9,0.0
chb05,chb05_13.edf,2700.0,2704.0,0.5,0.175,65,0.546024803519956,ok,0,10,8,0.0
chb05,chb05_13.edf,2700.0,2704.0,0.5,0.175,66,0.3428004452807938,ok,0,11,9,0.0
chb05,chb05_13.edf,2700.0,2704.0,0.5,0.175,67,0.9454773281444654,ok,0,7,6,0.0
chb05,chb05_13.edf,2700.0,2704.0,0.5,0.175,68,1.3869827491048006,ok,0,10,9,0.0
chb05,chb05_13.edf,2700.0,2704.0,0.5,0.175,69,1.3140217803565544,ok,0,10,9,0.0
chb05,chb05_13.edf,2700.0,2704.0,0.5,0.175,70,0.509154547108042,ok,0,14,13,0.0
chb05,chb05_13.edf,2700.0,2704.0,0.5,0.175,71,1.8714614905846687,ok,0,10,9,0.0
chb05,chb05_13.edf,2700.0,2704.0,0.5,0.175,72,1.669875967966309,ok,0,7,6,0.0
chb05,chb05_13.edf,2700.0,2704.0,0.5,0.175,73,0.6549965147374929,ok,0,9,8,0.0
chb05,chb05_13.edf,2700.0,2704.0,0.5,0.175,74,0.6476197533905482,ok,0,9,7,0.0
chb05,chb05_13.edf,2700.0,2704.0,0.5,0.175,75,0.9626906857352386,ok,0,12,10,0.0
chb05,chb05_13.edf,2700.0,2704.0,0.5,0.175,76,0.4917726859794421,ok,0,11,10,0.0
chb05,chb05_13.edf,2700.0,2704.0,0.5,0.175,77,1.487661106245009,ok,0,9,8,0.0
chb05,chb05_13.edf,2700.0,2704.0,0.5,0.175,78,0.8783739115481473,ok,0,10,9,0.0
chb05,chb05_13.edf,2700.0,2704.0,0.5,0.175,79,0.6660998123404629,ok,0,8,7,0.0
chb05,chb05_13.edf,2700.0,2704.0,0.5,0.175,80,0.7001723173641382,ok,0,11,9,0.0
chb05,chb05_13.edf,2700.0,2704.0,0.5,0.175,81,1.3487816138931745,ok,0,10,9,0.0
chb05,chb05_13.edf,2700.0,2704.0,0.5,0.35,62,0.5712931377579745,ok,0,12,11,0.0
chb05,chb05_13.edf,2700.0,2704.0,0.5,0.35,63,0.5756622888316407,ok,0,10,9,0.0
chb05,chb05_13.edf,2700.0,2704.0,0.5,0.35,64,0.2685188392253952,ok,0,10,9,0.0
chb05,chb05_13.edf,2700.0,2704.0,0.5,0.35,65,0.546024803519956,ok,0,10,8,0.0
chb05,chb05_13.edf,2700.0,2704.0,0.5,0.35,66,0.3428004452807938,ok,0,11,9,0.0
chb05,chb05_13.edf,2700.0,2704.0,0.5,0.35,67,0.9454773281444654,ok,0,7,6,0.0
chb05,chb05_13.edf,2700.0,2704.0,0.5,0.35,68,1.4133877347084713,ok,0,10,9,0.0
chb05,chb05_13.edf,2700.0,2704.0,0.5,0.35,69,1.1278302807453278,ok,0,11,9,0.0
chb05,chb05_13.edf,2700.0,2704.0,0.5,0.35,70,0.4988050520788021,ok,0,14,13,0.0
chb05,chb05_13.edf,2700.0,2704.0,0.5,0.35,71,1.8714614905846687,ok,0,10,9,0.0
chb05,chb05_13.edf,2700.0,2704.0,0.5,0.35,72,1.1783191670479833,ok,0,8,7,0.0
chb05,chb05_13.edf,2700.0,2704.0,0.5,0.35,73,0.6310259854382785,ok,0,9,8,0.0
chb05,chb05_13.edf,2700.0,2704.0,0.5,0.35,74,0.7488317702776065,ok,0,8,7,0.0
chb05,chb05_13.edf,2700.0,2704.0,0.5,0.35,75,0.8253291239713842,ok,0,10,9,0.0
chb05,chb05_13.edf,2700.0,2704.0,0.5,0.35,76,0.22553402254439306,ok,0,12,11,0.0
chb05,chb05_13.edf,2700.0,2704.0,0.5,0.35,77,1.487661106245009,ok,0,9,8,0.0
chb05,chb05_13.edf,2700.0,2704.0,0.5,0.35,78,0.5535302296947162,ok,0,11,9,0.0
chb05,chb05_13.edf,2700.0,2704.0,0.5,0.35,79,0.3669515499354104,ok,0,9,8,0.0
chb05,chb05_13.edf,2700.0,2704.0,0.5,0.35,80,0.6462806672409313,ok,0,10,8,0.0
chb05,chb05_13.edf,2700.0,2704.0,0.5,0.35,81,1.3282457340076834,ok,0,10,8,0.0
chb05,chb05_13.edf,2700.0,2704.0,0.5,0.7,62,0.8459715816290173,ok,0,10,9,0.0
chb05,chb05_13.edf,2700.0,2704.0,0.5,0.7,63,0.5864557133426628,ok,0,10,9,0.0
chb05,chb05_13.edf,2700.0,2704.0,0.5,0.7,64,0.20767393535824247,ok,0,11,10,0.0
chb05,chb05_13.edf,2700.0,2704.0,0.5,0.7,65,0.5426912135883065,ok,0,11,8,0.0
chb05,chb05_13.edf,2700.0,2704.0,0.5,0.7,66,0.3428004452807938,ok,0,11,9,0.0
chb05,chb05_13.edf,2700.0,2704.0,0.5,0.7,67,0.7622950727839145,ok,0,6,5,0.0
chb05,chb05_13.edf,2700.0,2704.0,0.5,0.7,68,1.495345063690696,ok,0,12,10,0.0
chb05,chb05_13.edf,2700.0,2704.0,0.5,0.7,69,1.1170507723477703,ok,0,11,9,0.0
chb05,chb05_13.edf,2700.0,2704.0,0.5,0.7,70,0.6323815122410408,ok,0,8,7,0.0
chb05,chb05_13.edf,2700.0,2704.0,0.5,0.7,71,1.5693396538209847,ok,0,11,10,0.0
chb05,chb05_13.edf,2700.0,2704.0,0.5,0.7,72,1.251436189034095,ok,0,9,8,0.0
chb05,chb05_13.edf,2700.0,2704.0,0.5,0.7,73,0.5389521661518029,ok,0,8,7,0.0
chb05,chb05_13.edf,2700.0,2704.0,0.5,0.7,74,0.6563423724812806,ok,0,7,6,0.0
chb05,chb05_13.edf,2700.0,2704.0,0.5,0.7,75,1.3929088080577696,ok,0,9,8,0.0
chb05,chb05_13.edf,2700.0,2704.0,0.5,0.7,76,0.22553402254439306,ok,0,12,11,0.0
chb05,chb05_13.edf,2700.0,2704.0,0.5,0.7,77,1.3510305543520933,ok,0,8,6,0.0
chb05,chb05_13.edf,2700.0,2704.0,0.5,0.7,78,0.6670114051194229,ok,0,10,8,0.0
chb05,chb05_13.edf,2700.0,2704.0,0.5,0.7,79,0.4677327539335819,ok,0,9,6,0.0
chb05,chb05_13.edf,2700.0,2704.0,0.5,0.7,80,0.6878308366957175,ok,0,9,7,0.0
chb05,chb05_13.edf,2700.0,2704.0,0.5,0.7,81,1.3282457340076834,ok,0,10,8,0.0
chb05,chb05_13.edf,2700.0,2704.0,1.0,0.0,62,0.7743914046997703,ok,0,11,10,0.0
chb05,chb05_13.edf,2700.0,2704.0,1.0,0.0,63,0.21488489744161204,ok,0,8,7,0.0
chb05,chb05_13.edf,2700.0,2704.0,1.0,0.0,64,0.17192047651837583,ok,0,10,9,0.0
chb05,chb05_13.edf,2700.0,2704.0,1.0,0.0,65,0.48620003231413916,ok,0,12,9,0.0
chb05,chb05_13.edf,2700.0,2704.0,1.0,0.0,66,1.3756822323974554,ok,0,13,11,0.0
chb05,chb05_13.edf,2700.0,2704.0,1.0,0.0,67,1.0067830609804835,ok,0,9,8,0.0
chb05,chb05_13.edf,2700.0,2704.0,1.0,0.0,68,1.5176810316646947,ok,0,13,11,0.0
chb05,chb05_13.edf,2700.0,2704.0,1.0,0.0,69,1.0610836315798138,ok,0,8,5,0.0
chb05,chb05_13.edf,2700.0,2704.0,1.0,0.0,70,0.981919803246944,ok,0,12,11,0.0
chb05,chb05_13.edf,2700.0,2704.0,1.0,0.0,71,1.7937447317653397,ok,0,10,8,0.0
chb05,chb05_13.edf,2700.0,2704.0,1.0,0.0,72,0.18642507739616473,ok,0,6,5,0.0
chb05,chb05_13.edf,2700.0,2704.0,1.0,0.0,73,0.5987516059102022,ok,0,9,8,0.0
chb05,chb05_13.edf,2700.0,2704.0,1.0,0.0,74,0.6443582292066723,ok,0,11,10,0.0
chb05,chb05_13.edf,2700.0,2704.0,1.0,0.0,75,1.65888681246551,ok,0,10,7,0.0
chb05,chb05_13.edf,2700.0,2704.0,1.0,0.0,76,0.22553402254439306,ok,0,12,11,0.0
chb05,chb05_13.edf,2700.0,2704.0,1.0,0.0,77,1.261454559020981,ok,0,10,9,0.0
chb05,chb05_13.edf,2700.0,2704.0,1.0,0.0,78,1.9856992051961986,ok,0,12,11,0.0
chb05,chb05_13.edf,2700.0,2704.0,1.0,0.0,79,0.1609368397508929,ok,0,7,6,0.0
chb05,chb05_13.edf,2700.0,2704.0,1.0,0.0,80,0.8375512923759941,ok,0,11,9,0.0
chb05,chb05_13.edf,2700.0,2704.0,1.0,0.0,81,1.3218647883394035,ok,0,10,8,0.0
chb05,chb05_13.edf,2700.0,2704.0,1.0,0.175,62,0.8207228509784782,ok,0,12,11,0.0
chb05,chb05_13.edf,2700.0,2704.0,1.0,0.175,63,0.21488489744161204,ok,0,8,7,0.0
chb05,chb05_13.edf,2700.0,2704.0,1.0,0.175,64,0.17192047651837583,ok,0,10,9,0.0
chb05,chb05_13.edf,2700.0,2704.0,1.0,0.175,65,0.48620003231413916,ok,0,12,9,0.0
chb05,chb05_13.edf,2700.0,2704.0,1.0,0.175,66,1.3756822323974554,ok,0,13,11,0.0
chb05,chb05_13.edf,2700.0,2704.0,1.0,0.175,67,1.0067830609804835,ok,0,9,8,0.0
chb05,chb05_13.edf,2700.0,2704.0,1.0,0.175,68,1.4403478634378917,ok,0,12,10,0.0
chb05,chb05_13.edf,2700.0,2704.0,1.0,0.175,69,1.062607072954729,ok,0,9,6,0.0
chb05,chb05_13.edf,2700.0,2704.0,1.0,0.175,70,1.1309671453663774,ok,0,10,9,0.0
chb05,chb05_13.edf,2700.0,2704.0,1.0,0.175,71,1.7937447317653397,ok,0,10,8,0.0
chb05,chb05_13.edf,2700.0,2704.0,1.0,0.175,72,0.18642507739616473,ok,0,6,5,0.0
chb05,chb05_13.edf,2700.0,2704.0,1.0,0.175,73,0.5829202658843011,ok,0,8,7,0.0
chb05,chb05_13.edf,2700.0,2704.0,1.0,0.175,74,0.6443582292066723,ok,0,11,10,0.0
chb05,chb05_13.edf,2700.0,2704.0,1.0,0.175,75,1.5948385453898242,ok,0,8,6,0.0
chb05,chb05_13.edf,2700.0,2704.0,1.0,0.175,76,0.21554187051388352,ok,0,13,12,0.0
chb05,chb05_13.edf,2700.0,2704.0,1.0,0.175,77,1.261454559020981,ok,0,10,9,0.0
chb05,chb05_13.edf,2700.0,2704.0,1.0,0.175,78,1.9856992051961986,ok,0,12,11,0.0
chb05,chb05_13.edf,2700.0,2704.0,1.0,0.175,79,0.1609368397508929,ok,0,7,6,0.0
chb05,chb05_13.edf,2700.0,2704.0,1.0,0.175,80,0.847592558041268,ok,0,12,10,0.0
chb05,chb05_13.edf,2700.0,2704.0,1.0,0.175,81,1.3218647883394035,ok,0,10,8,0.0
chb05,chb05_13.edf,2700.0,2704.0,1.0,0.35,62,0.8207228509784782,ok,0,12,11,0.0
chb05,chb05_13.edf,2700.0,2704.0,1.0,0.35,63,0.21488489744161204,ok,0,8,7,0.0
chb05,chb05_13.edf,2700.0,2704.0,1.0,0.35,64,0.17192047651837583,ok,0,10,9,0.0
chb05,chb05_13.edf,2700.0,2704.0,1.0,0.35,65,0.48620003231413916,ok,0,12,9,0.0
chb05,chb05_13.edf,2700.0,2704.0,1.0,0.35,66,1.3756822323974554,ok,0,13,11,0.0
chb05,chb05_13.edf,2700.0,2704.0,1.0,0.35,67,1.0067830609804835,ok,0,9,8,0.0
chb05,chb05_13.edf,2700.0,2704.0,1.0,0.35,68,1.4403478634378917,ok,0,12,10,0.0
chb05,chb05_13.edf,2700.0,2704.0,1.0,0.35,69,1.1764082802397795,ok,0,9,7,0.0
chb05,chb05_13.edf,2700.0,2704.0,1.0,0.35,70,1.3726632659495912,ok,0,10,9,0.0
chb05,chb05_13.edf,2700.0,2704.0,1.0,0.35,71,1.7937447317653397,ok,0,10,8,0.0
chb05,chb05_13.edf,2700.0,2704.0,1.0,0.35,72,0.18642507739616473,ok,0,6,5,0.0
chb05,chb05_13.edf,2700.0,2704.0,1.0,0.35,73,0.5829202658843011,ok,0,8,7,0.0
chb05,chb05_13.edf,2700.0,2704.0,1.0,0.35,74,0.6265503624779104,ok,0,10,9,0.0
chb05,chb05_13.edf,2700.0,2704.0,1.0,0.35,75,0.10760536471652639,ok,0,9,6,0.0
chb05,chb05_13.edf,2700.0,2704.0,1.0,0.35,76,0.21554187051388352,ok,0,13,12,0.0
chb05,chb05_13.edf,2700.0,2704.0,1.0,0.35,77,1.261454559020981,ok,0,10,9,0.0
chb05,chb05_13.edf,2700.0,2704.0,1.0,0.35,78,1.9858068615153706,ok,0,12,11,0.0
chb05,chb05_13.edf,2700.0,2704.0,1.0,0.35,79,0.1609368397508929,ok,0,7,6,0.0
chb05,chb05_13.edf,2700.0,2704.0,1.0,0.35,80,0.6130395340410612,ok,0,13,10,0.0
chb05,chb05_13.edf,2700.0,2704.0,1.0,0.35,81,1.215686175817603,ok,0,9,7,0.0
chb05,chb05_13.edf,2700.0,2704.0,1.0,0.7,62,0.8362743408442583,ok,0,12,10,0.0
chb05,chb05_13.edf,2700.0,2704.0,1.0,0.7,63,0.216687711354056,ok,0,9,8,0.0
chb05,chb05_13.edf,2700.0,2704.0,1.0,0.7,64,0.16173847447666995,ok,0,10,9,0.0
chb05,chb05_13.edf,2700.0,2704.0,1.0,0.7,65,0.48620003231413916,ok,0,12,9,0.0
chb05,chb05_13.edf,2700.0,2704.0,1.0,0.7,66,1.5167540848237777,ok,0,12,10,0.0
chb05,chb05_13.edf,2700.0,2704.0,1.0,0.7,67,0.9360392022935914,ok,0,10,9,0.0
chb05,chb05_13.edf,2700.0,2704.0,1.0,0.7,68,0.4749170925663271,ok,0,11,9,0.0
chb05,chb05_13.edf,2700.0,2704.0,1.0,0.7,69,1.062735627228829,ok,0,10,9,0.0
chb05,chb05_13.edf,2700.0,2704.0,1.0,0.7,70,0.9720604327672556,ok,0,7,6,0.0
chb05,chb05_13.edf,2700.0,2704.0,1.0,0.7,71,1.8299278179165555,ok,0,10,9,0.0
chb05,chb05_13.edf,2700.0,2704.0,1.0,0.7,72,1.1783191670479833,ok,0,8,7,0.0
chb05,chb05_13.edf,2700.0,2704.0,1.0,0.7,73,0.5113835983579729,ok,0,9,8,0.0
chb05,chb05_13.edf,2700.0,2704.0,1.0,0.7,74,0.6008190555912842,ok,0,11,9,0.0
chb05,chb05_13.edf,2700.0,2704.0,1.0,0.7,75,0.10116463181224311,ok,0,10,8,0.0
chb05,chb05_13.edf,2700.0,2704.0,1.0,0.7,76,0.8230089600235497,ok,0,13,12,0.0
chb05,chb05_13.edf,2700.0,2704.0,1.0,0.7,77,1.3119414918501053,ok,0,10,9,0.0
chb05,chb05_13.edf,2700.0,2704.0,1.0,0.7,78,1.9400643789897283,ok,0,11,10,0.0
chb05,chb05_13.edf,2700.0,2704.0,1.0,0.7,79,0.1609368397508929,ok,0,7,6,0.0
chb05,chb05_13.edf,2700.0,2704.0,1.0,0.7,80,0.6581673440423045,ok,0,14,11,0.0
chb05,chb05_13.edf,2700.0,2704.0,1.0,0.7,81,1.2456736226788379,ok,0,9,8,0.0
chb05,chb05_16.edf,904.0,908.0,0.25,0.0,62,0.6171842911523988,ok,0,10,9,0.0
chb05,chb05_16.edf,904.0,908.0,0.25,0.0,63,2.043747370146671,ok,0,9,8,0.0
chb05,chb05_16.edf,904.0,908.0,0.25,0.0,64,0.8756532617719204,ok,0,9,8,0.0
chb05,chb05_16.edf,904.0,908.0,0.25,0.0,65,0.9667718123938864,ok,0,11,10,0.0
chb05,chb05_16.edf,904.0,908.0,0.25,0.0,66,0.3631787913269073,ok,0,11,9,0.0
chb05,chb05_16.edf,904.0,908.0,0.25,0.0,67,0.8092054221906116,ok,0,11,9,0.0
chb05,chb05_16.edf,904.0,908.0,0.25,0.0,68,0.9681035064574081,ok,0,9,8,0.0
chb05,chb05_16.edf,904.0,908.0,0.25,0.0,69,1.241548694349417,ok,0,10,8,0.0
chb05,chb05_16.edf,904.0,908.0,0.25,0.0,70,0.2793983295119334,ok,0,9,8,0.0
chb05,chb05_16.edf,904.0,908.0,0.25,0.0,71,1.5904417843670142,ok,0,12,11,0.0
chb05,chb05_16.edf,904.0,908.0,0.25,0.0,72,0.9990557900479503,ok,0,11,9,0.0
chb05,chb05_16.edf,904.0,908.0,0.25,0.0,73,0.4814093715175572,ok,0,8,7,0.0
chb05,chb05_16.edf,904.0,908.0,0.25,0.0,74,0.6162790697674418,ok,0,11,8,0.0
chb05,chb05_16.edf,904.0,908.0,0.25,0.0,75,0.35394981220923855,ok,0,12,11,0.0
chb05,chb05_16.edf,904.0,908.0,0.25,0.0,76,0.3909772130214703,ok,0,12,11,0.0
chb05,chb05_16.edf,904.0,908.0,0.25,0.0,77,0.9447730595988872,ok,0,6,4,0.0
chb05,chb05_16.edf,904.0,908.0,0.25,0.0,78,1.3483863463099397,ok,0,11,10,0.0
chb05,chb05_16.edf,904.0,908.0,0.25,0.0,79,0.1609368397508929,ok,0,7,6,0.0
chb05,chb05_16.edf,904.0,908.0,0.25,0.0,80,0.1797136108456547,ok,0,12,10,0.0
chb05,chb05_16.edf,904.0,908.0,0.25,0.0,81,1.4033891062507988,ok,0,10,7,0.0
chb05,chb05_16.edf,904.0,908.0,0.25,0.175,62,1.0480297538414958,ok,0,9,8,0.0
chb05,chb05_16.edf,904.0,908.0,0.25,0.175,63,2.034173947693193,ok,0,9,8,0.0
chb05,chb05_16.edf,904.0,908.0,0.25,0.175,64,0.8756532617719204,ok,0,9,8,0.0
chb05,chb05_16.edf,904.0,908.0,0.25,0.175,65,0.9667718123938864,ok,0,11,10,0.0
chb05,chb05_16.edf,904.0,908.0,0.25,0.175,66,0.3428004452807938,ok,0,11,9,0.0
chb05,chb05_16.edf,904.0,908.0,0.25,0.175,67,0.2617973204672759,ok,0,9,8,0.0
chb05,chb05_16.edf,904.0,908.0,0.25,0.175,68,0.9548224725295615,ok,0,9,8,0.0
chb05,chb05_16.edf,904.0,908.0,0.25,0.175,69,1.2268375366388578,ok,0,10,8,0.0
chb05,chb05_16.edf,904.0,908.0,0.25,0.175,70,0.2793983295119334,ok,0,9,8,0.0
chb05,chb05_16.edf,904.0,908.0,0.25,0.175,71,1.6064083802046423,ok,0,12,11,0.0
chb05,chb05_16.edf,904.0,908.0,0.25,0.175,72,1.0862466222425131,ok,0,8,6,0.0
chb05,chb05_16.edf,904.0,908.0,0.25,0.175,73,0.528535438097711,ok,0,8,6,0.0
chb05,chb05_16.edf,904.0,908.0,0.25,0.175,74,0.6162790697674418,ok,0,11,8,0.0
chb05,chb05_16.edf,904.0,908.0,0.25,0.175,75,0.33903953791944774,ok,0,11,10,0.0
chb05,chb05_16.edf,904.0,908.0,0.25,0.175,76,0.3909772130214703,ok,0,12,11,0.0
chb05,chb05_16.edf,904.0,908.0,0.25,0.175,77,0.9447730595988872,ok,0,6,4,0.0
chb05,chb05_16.edf,904.0,908.0,0.25,0.175,78,1.3398964670083215,ok,0,11,10,0.0
chb05,chb05_16.edf,904.0,908.0,0.25,0.175,79,0.1609368397508929,ok,0,7,6,0.0
chb05,chb05_16.edf,904.0,908.0,0.25,0.175,80,0.21406832300309636,ok,0,11,8,0.0
chb05,chb05_16.edf,904.0,908.0,0.25,0.175,81,1.3527879609163458,ok,0,9,7,0.0
chb05,chb05_16.edf,904.0,908.0,0.25,0.35,62,0.7191502297690611,ok,0,9,8,0.0
chb05,chb05_16.edf,904.0,908.0,0.25,0.35,63,1.8882614102733324,ok,0,9,7,0.0
chb05,chb05_16.edf,904.0,908.0,0.25,0.35,64,0.818535234211095,ok,0,8,7,0.0
chb05,chb05_16.edf,904.0,908.0,0.25,0.35,65,1.4824847269439707,ok,0,10,9,0.0
chb05,chb05_16.edf,904.0,908.0,0.25,0.35,66,0.3428004452807938,ok,0,11,9,0.0
chb05,chb05_16.edf,904.0,908.0,0.25,0.35,67,0.26060601784481996,ok,0,9,8,0.0
chb05,chb05_16.edf,904.0,908.0,0.25,0.35,68,0.8724799750764592,ok,0,8,7,0.0
chb05,chb05_16.edf,904.0,908.0,0.25,0.35,69,1.2268375366388578,ok,0,10,8,0.0
chb05,chb05_16.edf,904.0,908.0,0.25,0.35,70,0.2793983295119334,ok,0,9,8,0.0
chb05,chb05_16.edf,904.0,908.0,0.25,0.35,71,1.5070243120703284,ok,0,11,10,0.0
chb05,chb05_16.edf,904.0,908.0,0.25,0.35,72,1.0646071617790343,ok,0,9,7,0.0
chb05,chb05_16.edf,904.0,908.0,0.25,0.35,73,0.45770862985219124,ok,0,8,6,0.0
chb05,chb05_16.edf,904.0,908.0,0.25,0.35,74,0.6162790697674418,ok,0,11,8,0.0
chb05,chb05_16.edf,904.0,908.0,0.25,0.35,75,0.5395194838785629,ok,0,12,11,0.0
chb05,chb05_16.edf,904.0,908.0,0.25,0.35,76,0.42457261345961655,ok,0,14,13,0.0
chb05,chb05_16.edf,904.0,908.0,0.25,0.35,77,0.8585052603311499,ok,0,7,5,0.0
chb05,chb05_16.edf,904.0,908.0,0.25,0.35,78,1.2420473443611766,ok,0,10,9,0.0
chb05,chb05_16.edf,904.0,908.0,0.25,0.35,79,0.1609368397508929,ok,0,7,6,0.0
chb05,chb05_16.edf,904.0,908.0,0.25,0.35,80,0.23226767600506626,ok,0,11,8,0.0
chb05,chb05_16.edf,904.0,908.0,0.25,0.35,81,1.3247339048198716,ok,0,10,8,0.0
chb05,chb05_16.edf,904.0,908.0,0.25,0.7,62,0.516205189761135,ok,0,11,10,0.0
chb05,chb05_16.edf,904.0,908.0,0.25,0.7,63,1.9278154859668848,ok,0,8,7,0.0
chb05,chb05_16.edf,904.0,908.0,0.25,0.7,64,0.8160086202122838,ok,0,8,7,0.0
chb05,chb05_16.edf,904.0,908.0,0.25,0.7,65,0.79929442185814,ok,0,9,7,0.0
chb05,chb05_16.edf,904.0,908.0,0.25,0.7,66,0.5934882603183296,ok,0,10,8,0.0
chb05,chb05_16.edf,904.0,908.0,0.25,0.7,67,0.5563644669803628,ok,0,10,9,0.0
chb05,chb05_16.edf,904.0,908.0,0.25,0.7,68,0.6408168233437357,ok,0,9,8,0.0
chb05,chb05_16.edf,904.0,908.0,0.25,0.7,69,1.2828906422353734,ok,0,10,9,0.0
chb05,chb05_16.edf,904.0,908.0,0.25,0.7,70,0.4380318473144032,ok,0,10,9,0.0
chb05,chb05_16.edf,904.0,908.0,0.25,0.7,71,1.783795852755891,ok,0,10,9,0.0
chb05,chb05_16.edf,904.0,908.0,0.25,0.7,72,0.9678540656793518,ok,0,9,8,0.0
chb05,chb05_16.edf,904.0,908.0,0.25,0.7,73,0.4796782420306105,ok,0,6,5,0.0
chb05,chb05_16.edf,904.0,908.0,0.25,0.7,74,0.6162790697674418,ok,0,11,8,0.0
chb05,chb05_16.edf,904.0,908.0,0.25,0.7,75,0.4880479976161075,ok,0,11,9,0.0
chb05,chb05_16.edf,904.0,908.0,0.25,0.7,76,0.5324703846534883,ok,0,12,11,0.0
chb05,chb05_16.edf,904.0,908.0,0.25,0.7,77,0.8585798431358242,ok,0,7,5,0.0
chb05,chb05_16.edf,904.0,908.0,0.25,0.7,78,1.3019554198417087,ok,0,11,10,0.0
chb05,chb05_16.edf,904.0,908.0,0.25,0.7,79,0.7580899903147936,ok,0,9,7,0.0
chb05,chb05_16.edf,904.0,908.0,0.25,0.7,80,0.21834734655678825,ok,0,12,9,0.0
chb05,chb05_16.edf,904.0,908.0,0.25,0.7,81,1.3091842348145686,ok,0,11,9,0.0
chb05,chb05_16.edf,904.0,908.0,0.5,0.0,62,0.5712931377579745,ok,0,12,11,0.0
chb05,chb05_16.edf,904.0,908.0,0.5,0.0,63,0.16726057798219393,ok,0,8,7,0.0
chb05,chb05_16.edf,904.0,908.0,0.5,0.0,64,0.19637001542360058,ok,0,9,8,0.0
chb05,chb05_16.edf,904.0,908.0,0.5,0.0,65,0.546024803519956,ok,0,10,8,0.0
chb05,chb05_16.edf,904.0,908.0,0.5,0.0,66,0.3428004452807938,ok,0,11,9,0.0
chb05,chb05_16.edf,904.0,908.0,0.5,0.0,67,0.9454773281444654,ok,0,7,6,0.0
chb05,chb05_16.edf,904.0,908.0,0.5,0.0,68,1.2291207868644798,ok,0,12,11,0.0
chb05,chb05_16.edf,904.0,908.0,0.5,0.0,69,1.1682562182790923,ok,0,9,7,0.0
chb05,chb05_16.edf,904.0,908.0,0.5,0.0,70,0.5111811702061327,ok,0,14,13,0.0
chb05,chb05_16.edf,904.0,908.0,0.5,0.0,71,1.8179982256514546,ok,0,11,9,0.0
chb05,chb05_16.edf,904.0,908.0,0.5,0.0,72,0.18642507739616473,ok,0,6,5,0.0
chb05,chb05_16.edf,904.0,908.0,0.5,0.0,73,0.6286253346157429,ok,0,10,9,0.0
chb05,chb05_16.edf,904.0,908.0,0.5,0.0,74,0.6476197533905482,ok,0,9,7,0.0
chb05,chb05_16.edf,904.0,908.0,0.5,0.0,75,0.9626906857352386,ok,0,12,10,0.0
chb05,chb05_16.edf,904.0,908.0,0.5,0.0,76,0.48840569686484475,ok,0,10,9,0.0
chb05,chb05_16.edf,904.0,908.0,0.5,0.0,77,1.4397992123948258,ok,0,10,9,0.0
chb05,chb05_16.edf,904.0,908.0,0.5,0.0,78,0.8783739115481473,ok,0,10,9,0.0
chb05,chb05_16.edf,904.0,908.0,0.5,0.0,79,0.6660998123404629,ok,0,8,7,0.0
chb05,chb05_16.edf,904.0,908.0,0.5,0.0,80,0.48943288169382493,ok,0,10,8,0.0
chb05,chb05_16.edf,904.0,908.0,0.5,0.0,81,1.3487816138931745,ok,0,10,9,0.0
chb05,chb05_16.edf,904.0,908.0,0.5,0.175,62,0.5267056902960866,ok,0,12,10,0.0
chb05,chb05_16.edf,904.0,908.0,0.5,0.175,63,0.20805116380691183,ok,0,8,7,0.0
chb05,chb05_16.edf,904.0,908.0,0.5,0.175,64,0.19637001542360058,ok,0,9,8,0.0
chb05,chb05_16.edf,904.0,908.0,0.5,0.175,65,0.546024803519956,ok,0,10,8,0.0
chb05,chb05_16.edf,904.0,908.0,0.5,0.175,66,0.3428004452807938,ok,0,11,9,0.0
chb05,chb05_16.edf,904.0,908.0,0.5,0.175,67,0.9454773281444654,ok,0,7,6,0.0
chb05,chb05_16.edf,904.0,908.0,0.5,0.175,68,1.1655060874171033,ok,0,12,11,0.0
chb05,chb05_16.edf,904.0,908.0,0.5,0.175,69,1.1698666796376167,ok,0,9,7,0.0
chb05,chb05_16.edf,904.0,908.0,0.5,0.175,70,0.5111811702061327,ok,0,14,13,0.0
chb05,chb05_16.edf,904.0,908.0,0.5,0.175,71,1.8386018855277186,ok,0,11,9,0.0
chb05,chb05_16.edf,904.0,908.0,0.5,0.175,72,0.18642507739616473,ok,0,6,5,0.0
chb05,chb05_16.edf,904.0,908.0,0.5,0.175,73,0.6055742018279381,ok,0,9,8,0.0
chb05,chb05_16.edf,904.0,908.0,0.5,0.175,74,0.6476197533905482,ok,0,9,7,0.0
chb05,chb05_16.edf,904.0,908.0,0.5,0.175,75,0.9654666566235744,ok,0,12,10,0.0
chb05,chb05_16.edf,904.0,908.0,0.5,0.175,76,0.41481810651347145,ok,0,11,10,0.0
chb05,chb05_16.edf,904.0,908.0,0.5,0.175,77,1.4397992123948258,ok,0,10,9,0.0
chb05,chb05_16.edf,904.0,908.0,0.5,0.175,78,0.8764622074007292,ok,0,10,9,0.0
chb05,chb05_16.edf,904.0,908.0,0.5,0.175,79,0.6660998123404629,ok,0,8,7,0.0
chb05,chb05_16.edf,904.0,908.0,0.5,0.175,80,0.48943288169382493,ok,0,10,8,0.0
chb05,chb05_16.edf,904.0,908.0,0.5,0.175,81,1.3487816138931745,ok,0,10,9,0.0
chb05,chb05_16.edf,904.0,908.0,0.5,0.35,62,0.5267056902960866,ok,0,12,10,0.0
chb05,chb05_16.edf,904.0,908.0,0.5,0.35,63,0.20805116380691183,ok,0,8,7,0.0
chb05,chb05_16.edf,904.0,908.0,0.5,0.35,64,0.19637001542360058,ok,0,9,8,0.0
chb05,chb05_16.edf,904.0,908.0,0.5,0.35,65,0.49020880607438994,ok,0,9,8,0.0
chb05,chb05_16.edf,904.0,908.0,0.5,0.35,66,0.47873267628337846,ok,0,11,8,0.0
chb05,chb05_16.edf,904.0,908.0,0.5,0.35,67,0.9472211018091694,ok,0,7,6,0.0
chb05,chb05_16.edf,904.0,908.0,0.5,0.35,68,1.2284347709786867,ok,0,12,11,0.0
chb05,chb05_16.edf,904.0,908.0,0.5,0.35,69,1.3010241517374228,ok,0,10,9,0.0
chb05,chb05_16.edf,904.0,908.0,0.5,0.35,70,0.509154547108042,ok,0,14,13,0.0
chb05,chb05_16.edf,904.0,908.0,0.5,0.35,71,1.908807808705042,ok,0,12,10,0.0
chb05,chb05_16.edf,904.0,908.0,0.5,0.35,72,0.18642507739616473,ok,0,6,5,0.0
chb05,chb05_16.edf,904.0,908.0,0.5,0.35,73,0.6397530983318324,ok,0,9,8,0.0
chb05,chb05_16.edf,904.0,908.0,0.5,0.35,74,0.6476197533905482,ok,0,9,7,0.0
chb05,chb05_16.edf,904.0,908.0,0.5,0.35,75,0.7763910430021226,ok,0,10,9,0.0
chb05,chb05_16.edf,904.0,908.0,0.5,0.35,76,0.27599152120261494,ok,0,10,9,0.0
chb05,chb05_16.edf,904.0,908.0,0.5,0.35,77,1.4397992123948258,ok,0,10,9,0.0
chb05,chb05_16.edf,904.0,908.0,0.5,0.35,78,0.8779494481411574,ok,0,10,9,0.0
chb05,chb05_16.edf,904.0,908.0,0.5,0.35,79,0.7580899903147936,ok,0,9,7,0.0
chb05,chb05_16.edf,904.0,908.0,0.5,0.35,80,0.5698123727559143,ok,0,10,8,0.0
chb05,chb05_16.edf,904.0,908.0,0.5,0.35,81,1.3949521781254495,ok,0,9,8,0.0
chb05,chb05_16.edf,904.0,908.0,0.5,0.7,62,0.46681326527638867,ok,0,12,9,0.0
chb05,chb05_16.edf,904.0,908.0,0.5,0.7,63,2.0343025634694656,ok,0,9,8,0.0
chb05,chb05_16.edf,904.0,908.0,0.5,0.7,64,0.21268923935238457,ok,0,9,7,0.0
chb05,chb05_16.edf,904.0,908.0,0.5,0.7,65,1.3486478000927613,ok,0,11,10,0.0
chb05,chb05_16.edf,904.0,908.0,0.5,0.7,66,0.47873267628337846,ok,0,11,8,0.0
chb05,chb05_16.edf,904.0,908.0,0.5,0.7,67,0.8769630515916536,ok,0,8,7,0.0
chb05,chb05_16.edf,904.0,908.0,0.5,0.7,68,1.2284347709786867,ok,0,12,11,0.0
chb05,chb05_16.edf,904.0,908.0,0.5,0.7,69,1.310965366677992,ok,0,10,9,0.0
chb05,chb05_16.edf,904.0,908.0,0.5,0.7,70,0.43287968291018847,ok,0,15,14,0.0
chb05,chb05_16.edf,904.0,908.0,0.5,0.7,71,1.7389924501718383,ok,0,9,8,0.0
chb05,chb05_16.edf,904.0,908.0,0.5,0.7,72,0.26769910093606086,ok,0,6,4,0.0
chb05,chb05_16.edf,904.0,908.0,0.5,0.7,73,0.6021455835932685,ok,0,10,9,0.0
chb05,chb05_16.edf,904.0,908.0,0.5,0.7,74,0.6500731078037879,ok,0,9,7,0.0
chb05,chb05_16.edf,904.0,908.0,0.5,0.7,75,0.7785750221205677,ok,0,10,9,0.0
chb05,chb05_16.edf,904.0,908.0,0.5,0.7,76,0.2904781347835556,ok,0,9,8,0.0
chb05,chb05_16.edf,904.0,908.0,0.5,0.7,77,0.4324898389803692,ok,0,9,7,0.0
chb05,chb05_16.edf,904.0,908.0,0.5,0.7,78,0.8781749698713434,ok,0,10,9,0.0
chb05,chb05_16.edf,904.0,908.0,0.5,0.7,79,0.7580899903147936,ok,0,9,7,0.0
chb05,chb05_16.edf,904.0,908.0,0.5,0.7,80,0.5002869379635629,ok,0,9,7,0.0
chb05,chb05_16.edf,904.0,908.0,0.5,0.7,81,1.342198171572065,ok,0,10,9,0.0
chb05,chb05_16.edf,904.0,908.0,1.0,0.0,62,0.7743914046997703,ok,0,11,10,0.0
chb05,chb05_16.edf,904.0,908.0,1.0,0.0,63,0.21488489744161204,ok,0,8,7,0.0
chb05,chb05_16.edf,904.0,908.0,1.0,0.0,64,0.17192047651837583,ok,0,10,9,0.0
chb05,chb05_16.edf,904.0,908.0,1.0,0.0,65,0.48620003231413916,ok,0,12,9,0.0
chb05,chb05_16.edf,904.0,908.0,1.0,0.0,66,1.3756822323974554,ok,0,13,11,0.0
chb05,chb05_16.edf,904.0,908.0,1.0,0.0,67,1.0067830609804835,ok,0,9,8,0.0
chb05,chb05_16.edf,904.0,908.0,1.0,0.0,68,1.5176810316646947,ok,0,13,11,0.0
chb05,chb05_16.edf,904.0,908.0,1.0,0.0,69,1.0610836315798138,ok,0,8,5,0.0
chb05,chb05_16.edf,904.0,908.0,1.0,0.0,70,0.981919803246944,ok,0,12,11,0.0
chb05,chb05_16.edf,904.0,908.0,1.0,0.0,71,1.7937447317653397,ok,0,10,8,0.0
chb05,chb05_16.edf,904.0,908.0,1.0,0.0,72,0.18642507739616473,ok,0,6,5,0.0
chb05,chb05_16.edf,904.0,908.0,1.0,0.0,73,0.5987516059102022,ok,0,9,8,0.0
chb05,chb05_16.edf,904.0,908.0,1.0,0.0,74,0.6443582292066723,ok,0,11,10,0.0
chb05,chb05_16.edf,904.0,908.0,1.0,0.0,75,1.65888681246551,ok,0,10,7,0.0
chb05,chb05_16.edf,904.0,908.0,1.0,0.0,76,0.22553402254439306,ok,0,12,11,0.0
chb05,chb05_16.edf,904.0,908.0,1.0,0.0,77,1.261454559020981,ok,0,10,9,0.0
chb05,chb05_16.edf,904.0,908.0,1.0,0.0,78,1.9856992051961986,ok,0,12,11,0.0
chb05,chb05_16.edf,904.0,908.0,1.0,0.0,79,0.1609368397508929,ok,0,7,6,0.0
chb05,chb05_16.edf,904.0,908.0,1.0,0.0,80,0.8375512923759941,ok,0,11,9,0.0
chb05,chb05_16.edf,904.0,908.0,1.0,0.0,81,1.3218647883394035,ok,0,10,8,0.0
chb05,chb05_16.edf,904.0,908.0,1.0,0.175,62,0.7235284167972417,ok,0,11,9,0.0
chb05,chb05_16.edf,904.0,908.0,1.0,0.175,63,0.16726057798219393,ok,0,8,7,0.0
chb05,chb05_16.edf,904.0,908.0,1.0,0.175,64,0.17192047651837583,ok,0,10,9,0.0
chb05,chb05_16.edf,904.0,908.0,1.0,0.175,65,0.49292157435773215,ok,0,12,10,0.0
chb05,chb05_16.edf,904.0,908.0,1.0,0.175,66,1.5167540848237777,ok,0,12,10,0.0
chb05,chb05_16.edf,904.0,908.0,1.0,0.175,67,1.0067830609804835,ok,0,9,8,0.0
chb05,chb05_16.edf,904.0,908.0,1.0,0.175,68,1.5176810316646947,ok,0,13,11,0.0
chb05,chb05_16.edf,904.0,908.0,1.0,0.175,69,1.062607072954729,ok,0,9,6,0.0
chb05,chb05_16.edf,904.0,908.0,1.0,0.175,70,0.981919803246944,ok,0,12,11,0.0
chb05,chb05_16.edf,904.0,908.0,1.0,0.175,71,1.7937447317653397,ok,0,10,8,0.0
chb05,chb05_16.edf,904.0,908.0,1.0,0.175,72,0.18642507739616473,ok,0,6,5,0.0
chb05,chb05_16.edf,904.0,908.0,1.0,0.175,73,0.5987516059102022,ok,0,9,8,0.0
chb05,chb05_16.edf,904.0,908.0,1.0,0.175,74,0.6443582292066723,ok,0,11,10,0.0
chb05,chb05_16.edf,904.0,908.0,1.0,0.175,75,1.65888681246551,ok,0,10,7,0.0
chb05,chb05_16.edf,904.0,908.0,1.0,0.175,76,0.22553402254439306,ok,0,12,11,0.0
chb05,chb05_16.edf,904.0,908.0,1.0,0.175,77,1.261454559020981,ok,0,10,9,0.0
chb05,chb05_16.edf,904.0,908.0,1.0,0.175,78,1.9400643789897283,ok,0,11,10,0.0
chb05,chb05_16.edf,904.0,908.0,1.0,0.175,79,0.1609368397508929,ok,0,7,6,0.0
chb05,chb05_16.edf,904.0,908.0,1.0,0.175,80,0.9244954663863411,ok,0,10,8,0.0
chb05,chb05_16.edf,904.0,908.0,1.0,0.175,81,1.3218647883394035,ok,0,10,8,0.0
chb05,chb05_16.edf,904.0,908.0,1.0,0.35,62,0.6951761120421585,ok,0,10,8,0.0
chb05,chb05_16.edf,904.0,908.0,1.0,0.35,63,0.16726057798219393,ok,0,8,7,0.0
chb05,chb05_16.edf,904.0,908.0,1.0,0.35,64,0.17192047651837583,ok,0,10,9,0.0
chb05,chb05_16.edf,904.0,908.0,1.0,0.35,65,0.4495805831064902,ok,0,11,10,0.0
chb05,chb05_16.edf,904.0,908.0,1.0,0.35,66,1.5877419055789626,ok,0,12,10,0.0
chb05,chb05_16.edf,904.0,908.0,1.0,0.35,67,1.0067830609804835,ok,0,9,8,0.0
chb05,chb05_16.edf,904.0,908.0,1.0,0.35,68,1.4912089150286119,ok,0,12,10,0.0
chb05,chb05_16.edf,904.0,908.0,1.0,0.35,69,1.0395113507931704,ok,0,8,6,0.0
chb05,chb05_16.edf,904.0,908.0,1.0,0.35,70,0.9299906530883366,ok,0,11,10,0.0
chb05,chb05_16.edf,904.0,908.0,1.0,0.35,71,1.7935765511005877,ok,0,10,8,0.0
chb05,chb05_16.edf,904.0,908.0,1.0,0.35,72,0.025983731852596812,ok,0,7,5,0.0
chb05,chb05_16.edf,904.0,908.0,1.0,0.35,73,0.6607166923201049,ok,0,10,9,0.0
chb05,chb05_16.edf,904.0,908.0,1.0,0.35,74,0.6459406006850896,ok,0,11,10,0.0
chb05,chb05_16.edf,904.0,908.0,1.0,0.35,75,1.6344462670983373,ok,0,11,8,0.0
chb05,chb05_16.edf,904.0,908.0,1.0,0.35,76,0.22553402254439306,ok,0,12,11,0.0
chb05,chb05_16.edf,904.0,908.0,1.0,0.35,77,1.261454559020981,ok,0,10,9,0.0
chb05,chb05_16.edf,904.0,908.0,1.0,0.35,78,1.9400643789897283,ok,0,11,10,0.0
chb05,chb05_16.edf,904.0,908.0,1.0,0.35,79,0.1609368397508929,ok,0,7,6,0.0
chb05,chb05_16.edf,904.0,908.0,1.0,0.35,80,0.9244954663863411,ok,0,10,8,0.0
chb05,chb05_16.edf,904.0,908.0,1.0,0.35,81,1.3218647883394035,ok,0,10,8,0.0
chb05,chb05_16.edf,904.0,908.0,1.0,0.7,62,1.1355631354301914,ok,0,9,7,0.0
chb05,chb05_16.edf,904.0,908.0,1.0,0.7,63,0.16726057798219393,ok,0,8,7,0.0
chb05,chb05_16.edf,904.0,908.0,1.0,0.7,64,0.31937919213630495,ok,0,9,8,0.0
chb05,chb05_16.edf,904.0,908.0,1.0,0.7,65,0.4495805831064902,ok,0,11,10,0.0
chb05,chb05_16.edf,904.0,908.0,1.0,0.7,66,1.6856971912545418,ok,0,13,11,0.0
chb05,chb05_16.edf,904.0,908.0,1.0,0.7,67,1.0276695755361174,ok,0,9,8,0.0
chb05,chb05_16.edf,904.0,908.0,1.0,0.7,68,1.4521565405354773,ok,0,13,11,0.0
chb05,chb05_16.edf,904.0,908.0,1.0,0.7,69,1.1114856859141002,ok,0,9,7,0.0
chb05,chb05_16.edf,904.0,908.0,1.0,0.7,70,0.833642271843352,ok,0,9,8,0.0
chb05,chb05_16.edf,904.0,908.0,1.0,0.7,71,1.6463737242568683,ok,0,9,7,0.0
chb05,chb05_16.edf,904.0,908.0,1.0,0.7,72,0.024810764252159563,ok,0,7,5,0.0
chb05,chb05_16.edf,904.0,908.0,1.0,0.7,73,0.6607166923201049,ok,0,10,9,0.0
chb05,chb05_16.edf,904.0,908.0,1.0,0.7,74,0.6388595466829557,ok,0,11,10,0.0
chb05,chb05_16.edf,904.0,908.0,1.0,0.7,75,1.6344462670983373,ok,0,11,8,0.0
chb05,chb05_16.edf,904.0,908.0,1.0,0.7,76,0.22553402254439306,ok,0,12,11,0.0
chb05,chb05_16.edf,904.0,908.0,1.0,0.7,77,1.261454559020981,ok,0,10,9,0.0
chb05,chb05_16.edf,904.0,908.0,1.0,0.7,78,1.9400643789897283,ok,0,11,10,0.0
chb05,chb05_16.edf,904.0,908.0,1.0,0.7,79,0.669320371720449,ok,0,8,7,0.0
chb05,chb05_16.edf,904.0,908.0,1.0,0.7,80,0.6462806672409313,ok,0,10,8,0.0
chb05,chb05_16.edf,904.0,908.0,1.0,0.7,81,1.3218647883394035,ok,0,10,8,0.0
chb05,chb05_16.edf,2700.0,2704.0,0.25,0.0,62,0.6171842911523988,ok,0,10,9,0.0
chb05,chb05_16.edf,2700.0,2704.0,0.25,0.0,63,2.043747370146671,ok,0,9,8,0.0
chb05,chb05_16.edf,2700.0,2704.0,0.25,0.0,64,0.8756532617719204,ok,0,9,8,0.0
chb05,chb05_16.edf,2700.0,2704.0,0.25,0.0,65,0.9667718123938864,ok,0,11,10,0.0
chb05,chb05_16.edf,2700.0,2704.0,0.25,0.0,66,0.3631787913269073,ok,0,11,9,0.0
chb05,chb05_16.edf,2700.0,2704.0,0.25,0.0,67,0.8092054221906116,ok,0,11,9,0.0
chb05,chb05_16.edf,2700.0,2704.0,0.25,0.0,68,0.9681035064574081,ok,0,9,8,0.0
chb05,chb05_16.edf,2700.0,2704.0,0.25,0.0,69,1.241548694349417,ok,0,10,8,0.0
chb05,chb05_16.edf,2700.0,2704.0,0.25,0.0,70,0.2793983295119334,ok,0,9,8,0.0
chb05,chb05_16.edf,2700.0,2704.0,0.25,0.0,71,1.5904417843670142,ok,0,12,11,0.0
chb05,chb05_16.edf,2700.0,2704.0,0.25,0.0,72,0.9990557900479503,ok,0,11,9,0.0
chb05,chb05_16.edf,2700.0,2704.0,0.25,0.0,73,0.4814093715175572,ok,0,8,7,0.0
chb05,chb05_16.edf,2700.0,2704.0,0.25,0.0,74,0.6162790697674418,ok,0,11,8,0.0
chb05,chb05_16.edf,2700.0,2704.0,0.25,0.0,75,0.35394981220923855,ok,0,12,11,0.0
chb05,chb05_16.edf,2700.0,2704.0,0.25,0.0,76,0.3909772130214703,ok,0,12,11,0.0
chb05,chb05_16.edf,2700.0,2704.0,0.25,0.0,77,0.9447730595988872,ok,0,6,4,0.0
chb05,chb05_16.edf,2700.0,2704.0,0.25,0.0,78,1.3483863463099397,ok,0,11,10,0.0
chb05,chb05_16.edf,2700.0,2704.0,0.25,0.0,79,0.1609368397508929,ok,0,7,6,0.0
chb05,chb05_16.edf,2700.0,2704.0,0.25,0.0,80,0.1797136108456547,ok,0,12,10,0.0
chb05,chb05_16.edf,2700.0,2704.0,0.25,0.0,81,1.4033891062507988,ok,0,10,7,0.0
chb05,chb05_16.edf,2700.0,2704.0,0.25,0.175,62,0.6656007741036556,ok,0,12,11,0.0
chb05,chb05_16.edf,2700.0,2704.0,0.25,0.175,63,2.043747370146671,ok,0,9,8,0.0
chb05,chb05_16.edf,2700.0,2704.0,0.25,0.175,64,0.8756532617719204,ok,0,9,8,0.0
chb05,chb05_16.edf,2700.0,2704.0,0.25,0.175,65,0.9667718123938864,ok,0,11,10,0.0
chb05,chb05_16.edf,2700.0,2704.0,0.25,0.175,66,0.3428004452807938,ok,0,11,9,0.0
chb05,chb05_16.edf,2700.0,2704.0,0.25,0.175,67,0.7747001074030236,ok,0,10,9,0.0
chb05,chb05_16.edf,2700.0,2704.0,0.25,0.175,68,1.0325289261124768,ok,0,10,9,0.0
chb05,chb05_16.edf,2700.0,2704.0,0.25,0.175,69,1.2744508647722061,ok,0,11,9,0.0
chb05,chb05_16.edf,2700.0,2704.0,0.25,0.175,70,0.2793983295119334,ok,0,9,8,0.0
chb05,chb05_16.edf,2700.0,2704.0,0.25,0.175,71,1.5904417843670142,ok,0,12,11,0.0
chb05,chb05_16.edf,2700.0,2704.0,0.25,0.175,72,1.036602579331663,ok,0,12,9,0.0
chb05,chb05_16.edf,2700.0,2704.0,0.25,0.175,73,0.5678172112973985,ok,0,6,5,0.0
chb05,chb05_16.edf,2700.0,2704.0,0.25,0.175,74,0.6162790697674418,ok,0,11,8,0.0
chb05,chb05_16.edf,2700.0,2704.0,0.25,0.175,75,0.5618456420532927,ok,0,10,9,0.0
chb05,chb05_16.edf,2700.0,2704.0,0.25,0.175,76,0.3909772130214703,ok,0,12,11,0.0
chb05,chb05_16.edf,2700.0,2704.0,0.25,0.175,77,0.8472260305815239,ok,0,6,5,0.0
chb05,chb05_16.edf,2700.0,2704.0,0.25,0.175,78,1.3513144017973209,ok,0,10,9,0.0
chb05,chb05_16.edf,2700.0,2704.0,0.25,0.175,79,0.1609368397508929,ok,0,7,6,0.0
chb05,chb05_16.edf,2700.0,2704.0,0.25,0.175,80,0.16139070270625072,ok,0,11,10,0.0
chb05,chb05_16.edf,2700.0,2704.0,0.25,0.175,81,1.3520115535179535,ok,0,10,6,0.0
chb05,chb05_16.edf,2700.0,2704.0,0.25,0.35,62,0.6673925205548019,ok,0,12,11,0.0
chb05,chb05_16.edf,2700.0,2704.0,0.25,0.35,63,2.043747370146671,ok,0,9,8,0.0
chb05,chb05_16.edf,2700.0,2704.0,0.25,0.35,64,0.9166431757425023,ok,0,10,9,0.0
chb05,chb05_16.edf,2700.0,2704.0,0.25,0.35,65,0.9652034326570162,ok,0,12,10,0.0
chb05,chb05_16.edf,2700.0,2704.0,0.25,0.35,66,0.3428004452807938,ok,0,11,9,0.0
chb05,chb05_16.edf,2700.0,2704.0,0.25,0.35,67,0.7747001074030236,ok,0,10,9,0.0
chb05,chb05_16.edf,2700.0,2704.0,0.25,0.35,68,1.0325289261124768,ok,0,10,9,0.0
chb05,chb05_16.edf,2700.0,2704.0,0.25,0.35,69,1.2745576138377068,ok,0,11,9,0.0
chb05,chb05_16.edf,2700.0,2704.0,0.25,0.35,70,0.230586543135161,ok,0,10,9,0.0
chb05,chb05_16.edf,2700.0,2704.0,0.25,0.35,71,1.5903213087760708,ok,0,12,11,0.0
chb05,chb05_16.edf,2700.0,2704.0,0.25,0.35,72,0.9995291818824235,ok,0,11,9,0.0
chb05,chb05_16.edf,2700.0,2704.0,0.25,0.35,73,0.4856550944110317,ok,0,7,6,0.0
chb05,chb05_16.edf,2700.0,2704.0,0.25,0.35,74,0.749596974289235,ok,0,10,8,0.0
chb05,chb05_16.edf,2700.0,2704.0,0.25,0.35,75,0.5618456420532927,ok,0,10,9,0.0
chb05,chb05_16.edf,2700.0,2704.0,0.25,0.35,76,0.3909772130214703,ok,0,12,11,0.0
chb05,chb05_16.edf,2700.0,2704.0,0.25,0.35,77,0.8472260305815239,ok,0,6,5,0.0
chb05,chb05_16.edf,2700.0,2704.0,0.25,0.35,78,1.2954396739846774,ok,0,10,8,0.0
chb05,chb05_16.edf,2700.0,2704.0,0.25,0.35,79,0.1609368397508929,ok,0,7,6,0.0
chb05,chb05_16.edf,2700.0,2704.0,0.25,0.35,80,0.16139070270625072,ok,0,11,10,0.0
chb05,chb05_16.edf,2700.0,2704.0,0.25,0.35,81,1.3564078638606267,ok,0,9,7,0.0
chb05,chb05_16.edf,2700.0,2704.0,0.25,0.7,62,0.7282971995976838,ok,0,11,10,0.0
chb05,chb05_16.edf,2700.0,2704.0,0.25,0.7,63,2.016076470406813,ok,0,9,8,0.0
chb05,chb05_16.edf,2700.0,2704.0,0.25,0.7,64,0.8389675056960124,ok,0,9,8,0.0
chb05,chb05_16.edf,2700.0,2704.0,0.25,0.7,65,0.9652034326570162,ok,0,12,10,0.0
chb05,chb05_16.edf,2700.0,2704.0,0.25,0.7,66,0.3428004452807938,ok,0,11,9,0.0
chb05,chb05_16.edf,2700.0,2704.0,0.25,0.7,67,0.5174448642386326,ok,0,11,9,0.0
chb05,chb05_16.edf,2700.0,2704.0,0.25,0.7,68,1.032450698532863,ok,0,10,9,0.0
chb05,chb05_16.edf,2700.0,2704.0,0.25,0.7,69,1.169581946504314,ok,0,8,6,0.0
chb05,chb05_16.edf,2700.0,2704.0,0.25,0.7,70,0.18542235721070632,ok,0,10,9,0.0
chb05,chb05_16.edf,2700.0,2704.0,0.25,0.7,71,1.201569309245348,ok,0,12,11,0.0
chb05,chb05_16.edf,2700.0,2704.0,0.25,0.7,72,0.9240289080573361,ok,0,11,9,0.0
chb05,chb05_16.edf,2700.0,2704.0,0.25,0.7,73,0.46421619474687414,ok,0,6,5,0.0
chb05,chb05_16.edf,2700.0,2704.0,0.25,0.7,74,0.4307146872399385,ok,0,11,10,0.0
chb05,chb05_16.edf,2700.0,2704.0,0.25,0.7,75,0.4897098151392358,ok,0,10,9,0.0
chb05,chb05_16.edf,2700.0,2704.0,0.25,0.7,76,0.45711187074448634,ok,0,11,10,0.0
chb05,chb05_16.edf,2700.0,2704.0,0.25,0.7,77,0.8472260305815239,ok,0,6,5,0.0
chb05,chb05_16.edf,2700.0,2704.0,0.25,0.7,78,1.2704407217670173,ok,0,10,8,0.0
chb05,chb05_16.edf,2700.0,2704.0,0.25,0.7,79,0.1609368397508929,ok,0,7,6,0.0
chb05,chb05_16.edf,2700.0,2704.0,0.25,0.7,80,0.18698950471127912,ok,0,10,9,0.0
chb05,chb05_16.edf,2700.0,2704.0,0.25,0.7,81,1.3191310109034695,ok,0,10,8,0.0
chb05,chb05_16.edf,2700.0,2704.0,0.5,0.0,62,0.5712931377579745,ok,0,12,11,0.0
chb05,chb05_16.edf,2700.0,2704.0,0.5,0.0,63,0.16726057798219393,ok,0,8,7,0.0
chb05,chb05_16.edf,2700.0,2704.0,0.5,0.0,64,0.19637001542360058,ok,0,9,8,0.0
chb05,chb05_16.edf,2700.0,2704.0,0.5,0.0,65,0.546024803519956,ok,0,10,8,0.0
chb05,chb05_16.edf,2700.0,2704.0,0.5,0.0,66,0.3428004452807938,ok,0,11,9,0.0
chb05,chb05_16.edf,2700.0,2704.0,0.5,0.0,67,0.9454773281444654,ok,0,7,6,0.0
chb05,chb05_16.edf,2700.0,2704.0,0.5,0.0,68,1.2291207868644798,ok,0,12,11,0.0
chb05,chb05_16.edf,2700.0,2704.0,0.5,0.0,69,1.1682562182790923,ok,0,9,7,0.0
chb05,chb05_16.edf,2700.0,2704.0,0.5,0.0,70,0.5111811702061327,ok,0,14,13,0.0
chb05,chb05_16.edf,2700.0,2704.0,0.5,0.0,71,1.8179982256514546,ok,0,11,9,0.0
chb05,chb05_16.edf,2700.0,2704.0,0.5,0.0,72,0.18642507739616473,ok,0,6,5,0.0
chb05,chb05_16.edf,2700.0,2704.0,0.5,0.0,73,0.6286253346157429,ok,0,10,9,0.0
chb05,chb05_16.edf,2700.0,2704.0,0.5,0.0,74,0.6476197533905482,ok,0,9,7,0.0
chb05,chb05_16.edf,2700.0,2704.0,0.5,0.0,75,0.9626906857352386,ok,0,12,10,0.0
chb05,chb05_16.edf,2700.0,2704.0,0.5,0.0,76,0.48840569686484475,ok,0,10,9,0.0
chb05,chb05_16.edf,2700.0,2704.0,0.5,0.0,77,1.4397992123948258,ok,0,10,9,0.0
chb05,chb05_16.edf,2700.0,2704.0,0.5,0.0,78,0.8783739115481473,ok,0,10,9,0.0
chb05,chb05_16.edf,2700.0,2704.0,0.5,0.0,79,0.6660998123404629,ok,0,8,7,0.0
chb05,chb05_16.edf,2700.0,2704.0,0.5,0.0,80,0.48943288169382493,ok,0,10,8,0.0
chb05,chb05_16.edf,2700.0,2704.0,0.5,0.0,81,1.3487816138931745,ok,0,10,9,0.0
chb05,chb05_16.edf,2700.0,2704.0,0.5,0.175,62,0.5712931377579745,ok,0,12,11,0.0
chb05,chb05_16.edf,2700.0,2704.0,0.5,0.175,63,0.16726057798219393,ok,0,8,7,0.0
chb05,chb05_16.edf,2700.0,2704.0,0.5,0.175,64,0.19637001542360058,ok,0,9,8,0.0
chb05,chb05_16.edf,2700.0,2704.0,0.5,0.175,65,0.546024803519956,ok,0,10,8,0.0
chb05,chb05_16.edf,2700.0,2704.0,0.5,0.175,66,0.3428004452807938,ok,0,11,9,0.0
chb05,chb05_16.edf,2700.0,2704.0,0.5,0.175,67,0.9454773281444654,ok,0,7,6,0.0
chb05,chb05_16.edf,2700.0,2704.0,0.5,0.175,68,1.2291207868644798,ok,0,12,11,0.0
chb05,chb05_16.edf,2700.0,2704.0,0.5,0.175,69,1.1682562182790923,ok,0,9,7,0.0
chb05,chb05_16.edf,2700.0,2704.0,0.5,0.175,70,0.5111811702061327,ok,0,14,13,0.0
chb05,chb05_16.edf,2700.0,2704.0,0.5,0.175,71,1.8814282450408817,ok,0,11,10,0.0
chb05,chb05_16.edf,2700.0,2704.0,0.5,0.175,72,0.18642507739616473,ok,0,6,5,0.0
chb05,chb05_16.edf,2700.0,2704.0,0.5,0.175,73,0.5748110033473974,ok,0,8,7,0.0
chb05,chb05_16.edf,2700.0,2704.0,0.5,0.175,74,0.655280757217913,ok,0,10,8,0.0
chb05,chb05_16.edf,2700.0,2704.0,0.5,0.175,75,0.9283151324022845,ok,0,11,10,0.0
chb05,chb05_16.edf,2700.0,2704.0,0.5,0.175,76,0.3297550339148682,ok,0,11,10,0.0
chb05,chb05_16.edf,2700.0,2704.0,0.5,0.175,77,1.4397992123948258,ok,0,10,9,0.0
chb05,chb05_16.edf,2700.0,2704.0,0.5,0.175,78,0.8783739115481473,ok,0,10,9,0.0
chb05,chb05_16.edf,2700.0,2704.0,0.5,0.175,79,0.6660998123404629,ok,0,8,7,0.0
chb05,chb05_16.edf,2700.0,2704.0,0.5,0.175,80,0.5323112117185054,ok,0,9,7,0.0
chb05,chb05_16.edf,2700.0,2704.0,0.5,0.175,81,1.3487816138931745,ok,0,10,9,0.0
chb05,chb05_16.edf,2700.0,2704.0,0.5,0.35,62,0.5712931377579745,ok,0,12,11,0.0
chb05,chb05_16.edf,2700.0,2704.0,0.5,0.35,63,0.16726057798219393,ok,0,8,7,0.0
chb05,chb05_16.edf,2700.0,2704.0,0.5,0.35,64,0.19637001542360058,ok,0,9,8,0.0
chb05,chb05_16.edf,2700.0,2704.0,0.5,0.35,65,0.546024803519956,ok,0,10,8,0.0
chb05,chb05_16.edf,2700.0,2704.0,0.5,0.35,66,0.3428004452807938,ok,0,11,9,0.0
chb05,chb05_16.edf,2700.0,2704.0,0.5,0.35,67,0.9690278498225029,ok,0,7,6,0.0
chb05,chb05_16.edf,2700.0,2704.0,0.5,0.35,68,1.2291207868644798,ok,0,12,11,0.0
chb05,chb05_16.edf,2700.0,2704.0,0.5,0.35,69,1.299237221724796,ok,0,10,9,0.0
chb05,chb05_16.edf,2700.0,2704.0,0.5,0.35,70,0.5007056837946776,ok,0,14,13,0.0
chb05,chb05_16.edf,2700.0,2704.0,0.5,0.35,71,1.8812699685084886,ok,0,11,10,0.0
chb05,chb05_16.edf,2700.0,2704.0,0.5,0.35,72,1.113586324673465,ok,0,7,6,0.0
chb05,chb05_16.edf,2700.0,2704.0,0.5,0.35,73,0.5748110033473974,ok,0,8,7,0.0
chb05,chb05_16.edf,2700.0,2704.0,0.5,0.35,74,0.6438873094192759,ok,0,10,8,0.0
chb05,chb05_16.edf,2700.0,2704.0,0.5,0.35,75,0.930969045411788,ok,0,11,10,0.0
chb05,chb05_16.edf,2700.0,2704.0,0.5,0.35,76,0.3297550339148682,ok,0,11,10,0.0
chb05,chb05_16.edf,2700.0,2704.0,0.5,0.35,77,1.4397992123948258,ok,0,10,9,0.0
chb05,chb05_16.edf,2700.0,2704.0,0.5,0.35,78,0.5496293602183737,ok,0,11,10,0.0
chb05,chb05_16.edf,2700.0,2704.0,0.5,0.35,79,0.6660998123404629,ok,0,8,7,0.0
chb05,chb05_16.edf,2700.0,2704.0,0.5,0.35,80,0.5323112117185054,ok,0,9,7,0.0
chb05,chb05_16.edf,2700.0,2704.0,0.5,0.35,81,1.2719747685324416,ok,0,11,10,0.0
chb05,chb05_16.edf,2700.0,2704.0,0.5,0.7,62,0.582424927865604,ok,0,11,9,0.0
chb05,chb05_16.edf,2700.0,2704.0,0.5,0.7,63,0.16726057798219393,ok,0,8,7,0.0
chb05,chb05_16.edf,2700.0,2704.0,0.5,0.7,64,0.18451550430711333,ok,0,8,7,0.0
chb05,chb05_16.edf,2700.0,2704.0,0.5,0.7,65,0.44073582824262,ok,0,10,8,0.0
chb05,chb05_16.edf,2700.0,2704.0,0.5,0.7,66,0.3428004452807938,ok,0,11,9,0.0
chb05,chb05_16.edf,2700.0,2704.0,0.5,0.7,67,0.9776433976502675,ok,0,7,6,0.0
chb05,chb05_16.edf,2700.0,2704.0,0.5,0.7,68,1.2996170429100988,ok,0,11,10,0.0
chb05,chb05_16.edf,2700.0,2704.0,0.5,0.7,69,1.2855708134635322,ok,0,8,7,0.0
chb05,chb05_16.edf,2700.0,2704.0,0.5,0.7,70,0.5345316286393772,ok,0,14,13,0.0
chb05,chb05_16.edf,2700.0,2704.0,0.5,0.7,71,1.902236455226499,ok,0,11,10,0.0
chb05,chb05_16.edf,2700.0,2704.0,0.5,0.7,72,1.2152640557442895,ok,0,8,6,0.0
chb05,chb05_16.edf,2700.0,2704.0,0.5,0.7,73,0.5484123822229364,ok,0,9,8,0.0
chb05,chb05_16.edf,2700.0,2704.0,0.5,0.7,74,0.7503781180153476,ok,0,9,8,0.0
chb05,chb05_16.edf,2700.0,2704.0,0.5,0.7,75,0.8911802337146351,ok,0,9,8,0.0
chb05,chb05_16.edf,2700.0,2704.0,0.5,0.7,76,0.3166150534821953,ok,0,11,10,0.0
chb05,chb05_16.edf,2700.0,2704.0,0.5,0.7,77,1.4401479657920553,ok,0,10,9,0.0
chb05,chb05_16.edf,2700.0,2704.0,0.5,0.7,78,0.4907782228462912,ok,0,11,9,0.0
chb05,chb05_16.edf,2700.0,2704.0,0.5,0.7,79,0.6660998123404629,ok,0,8,7,0.0
chb05,chb05_16.edf,2700.0,2704.0,0.5,0.7,80,0.5241297105318377,ok,0,9,7,0.0
chb05,chb05_16.edf,2700.0,2704.0,0.5,0.7,81,1.2719747685324416,ok,0,11,10,0.0
chb05,chb05_16.edf,2700.0,2704.0,1.0,0.0,62,0.7743914046997703,ok,0,11,10,0.0
chb05,chb05_16.edf,2700.0,2704.0,1.0,0.0,63,0.21488489744161204,ok,0,8,7,0.0
chb05,chb05_16.edf,2700.0,2704.0,1.0,0.0,64,0.17192047651837583,ok,0,10,9,0.0
chb05,chb05_16.edf,2700.0,2704.0,1.0,0.0,65,0.48620003231413916,ok,0,12,9,0.0
chb05,chb05_16.edf,2700.0,2704.0,1.0,0.0,66,1.3756822323974554,ok,0,13,11,0.0
chb05,chb05_16.edf,2700.0,2704.0,1.0,0.0,67,1.0067830609804835,ok,0,9,8,0.0
chb05,chb05_16.edf,2700.0,2704.0,1.0,0.0,68,1.5176810316646947,ok,0,13,11,0.0
chb05,chb05_16.edf,2700.0,2704.0,1.0,0.0,69,1.0610836315798138,ok,0,8,5,0.0
chb05,chb05_16.edf,2700.0,2704.0,1.0,0.0,70,0.981919803246944,ok,0,12,11,0.0
chb05,chb05_16.edf,2700.0,2704.0,1.0,0.0,71,1.7937447317653397,ok,0,10,8,0.0
chb05,chb05_16.edf,2700.0,2704.0,1.0,0.0,72,0.18642507739616473,ok,0,6,5,0.0
chb05,chb05_16.edf,2700.0,2704.0,1.0,0.0,73,0.5987516059102022,ok,0,9,8,0.0
chb05,chb05_16.edf,2700.0,2704.0,1.0,0.0,74,0.6443582292066723,ok,0,11,10,0.0
chb05,chb05_16.edf,2700.0,2704.0,1.0,0.0,75,1.65888681246551,ok,0,10,7,0.0
chb05,chb05_16.edf,2700.0,2704.0,1.0,0.0,76,0.22553402254439306,ok,0,12,11,0.0
chb05,chb05_16.edf,2700.0,2704.0,1.0,0.0,77,1.261454559020981,ok,0,10,9,0.0
chb05,chb05_16.edf,2700.0,2704.0,1.0,0.0,78,1.9856992051961986,ok,0,12,11,0.0
chb05,chb05_16.edf,2700.0,2704.0,1.0,0.0,79,0.1609368397508929,ok,0,7,6,0.0
chb05,chb05_16.edf,2700.0,2704.0,1.0,0.0,80,0.8375512923759941,ok,0,11,9,0.0
chb05,chb05_16.edf,2700.0,2704.0,1.0,0.0,81,1.3218647883394035,ok,0,10,8,0.0
chb05,chb05_16.edf,2700.0,2704.0,1.0,0.175,62,0.8207228509784782,ok,0,12,11,0.0
chb05,chb05_16.edf,2700.0,2704.0,1.0,0.175,63,0.16726057798219393,ok,0,8,7,0.0
chb05,chb05_16.edf,2700.0,2704.0,1.0,0.175,64,0.17192047651837583,ok,0,10,9,0.0
chb05,chb05_16.edf,2700.0,2704.0,1.0,0.175,65,0.48620003231413916,ok,0,12,9,0.0
chb05,chb05_16.edf,2700.0,2704.0,1.0,0.175,66,1.5167540848237777,ok,0,12,10,0.0
chb05,chb05_16.edf,2700.0,2704.0,1.0,0.175,67,1.0067830609804835,ok,0,9,8,0.0
chb05,chb05_16.edf,2700.0,2704.0,1.0,0.175,68,1.4921200874339864,ok,0,13,11,0.0
chb05,chb05_16.edf,2700.0,2704.0,1.0,0.175,69,1.0610836315798138,ok,0,8,5,0.0
chb05,chb05_16.edf,2700.0,2704.0,1.0,0.175,70,1.0713161689866328,ok,0,12,9,0.0
chb05,chb05_16.edf,2700.0,2704.0,1.0,0.175,71,1.7937447317653397,ok,0,10,8,0.0
chb05,chb05_16.edf,2700.0,2704.0,1.0,0.175,72,0.18642507739616473,ok,0,6,5,0.0
chb05,chb05_16.edf,2700.0,2704.0,1.0,0.175,73,0.5987516059102022,ok,0,9,8,0.0
chb05,chb05_16.edf,2700.0,2704.0,1.0,0.175,74,0.6443582292066723,ok,0,11,10,0.0
chb05,chb05_16.edf,2700.0,2704.0,1.0,0.175,75,1.65888681246551,ok,0,10,7,0.0
chb05,chb05_16.edf,2700.0,2704.0,1.0,0.175,76,0.22553402254439306,ok,0,12,11,0.0
chb05,chb05_16.edf,2700.0,2704.0,1.0,0.175,77,1.261454559020981,ok,0,10,9,0.0
chb05,chb05_16.edf,2700.0,2704.0,1.0,0.175,78,1.9858068615153706,ok,0,12,11,0.0
chb05,chb05_16.edf,2700.0,2704.0,1.0,0.175,79,0.1609368397508929,ok,0,7,6,0.0
chb05,chb05_16.edf,2700.0,2704.0,1.0,0.175,80,0.9244954663863411,ok,0,10,8,0.0
chb05,chb05_16.edf,2700.0,2704.0,1.0,0.175,81,1.3218647883394035,ok,0,10,8,0.0
chb05,chb05_16.edf,2700.0,2704.0,1.0,0.35,62,0.7769150614130934,ok,0,12,10,0.0
chb05,chb05_16.edf,2700.0,2704.0,1.0,0.35,63,0.16726057798219393,ok,0,8,7,0.0
chb05,chb05_16.edf,2700.0,2704.0,1.0,0.35,64,0.17192047651837583,ok,0,10,9,0.0
chb05,chb05_16.edf,2700.0,2704.0,1.0,0.35,65,0.48620003231413916,ok,0,12,9,0.0
chb05,chb05_16.edf,2700.0,2704.0,1.0,0.35,66,1.5167540848237777,ok,0,12,10,0.0
chb05,chb05_16.edf,2700.0,2704.0,1.0,0.35,67,1.0067830609804835,ok,0,9,8,0.0
chb05,chb05_16.edf,2700.0,2704.0,1.0,0.35,68,1.4921200874339864,ok,0,13,11,0.0
chb05,chb05_16.edf,2700.0,2704.0,1.0,0.35,69,1.0610836315798138,ok,0,8,5,0.0
chb05,chb05_16.edf,2700.0,2704.0,1.0,0.35,70,1.0098916964073523,ok,0,11,8,0.0
chb05,chb05_16.edf,2700.0,2704.0,1.0,0.35,71,1.8713182836167332,ok,0,10,9,0.0
chb05,chb05_16.edf,2700.0,2704.0,1.0,0.35,72,0.18642507739616473,ok,0,6,5,0.0
chb05,chb05_16.edf,2700.0,2704.0,1.0,0.35,73,0.6191720810400293,ok,0,9,8,0.0
chb05,chb05_16.edf,2700.0,2704.0,1.0,0.35,74,0.6373761215671587,ok,0,11,10,0.0
chb05,chb05_16.edf,2700.0,2704.0,1.0,0.35,75,1.65888681246551,ok,0,9,7,0.0
chb05,chb05_16.edf,2700.0,2704.0,1.0,0.35,76,0.22553402254439306,ok,0,12,11,0.0
chb05,chb05_16.edf,2700.0,2704.0,1.0,0.35,77,1.261454559020981,ok,0,10,9,0.0
chb05,chb05_16.edf,2700.0,2704.0,1.0,0.35,78,1.9858068615153706,ok,0,12,11,0.0
chb05,chb05_16.edf,2700.0,2704.0,1.0,0.35,79,0.1609368397508929,ok,0,7,6,0.0
chb05,chb05_16.edf,2700.0,2704.0,1.0,0.35,80,0.9226330389069755,ok,0,10,8,0.0
chb05,chb05_16.edf,2700.0,2704.0,1.0,0.35,81,1.3218647883394035,ok,0,10,8,0.0
chb05,chb05_16.edf,2700.0,2704.0,1.0,0.7,62,0.7410904524280956,ok,0,12,10,0.0
chb05,chb05_16.edf,2700.0,2704.0,1.0,0.7,63,0.16726057798219393,ok,0,8,7,0.0
chb05,chb05_16.edf,2700.0,2704.0,1.0,0.7,64,0.17192047651837583,ok,0,10,9,0.0
chb05,chb05_16.edf,2700.0,2704.0,1.0,0.7,65,0.34639907752180144,ok,0,11,9,0.0
chb05,chb05_16.edf,2700.0,2704.0,1.0,0.7,66,1.5167540848237777,ok,0,12,10,0.0
chb05,chb05_16.edf,2700.0,2704.0,1.0,0.7,67,1.0162300239210387,ok,0,9,8,0.0
chb05,chb05_16.edf,2700.0,2704.0,1.0,0.7,68,1.4921200874339864,ok,0,13,11,0.0
chb05,chb05_16.edf,2700.0,2704.0,1.0,0.7,69,1.174500866722712,ok,0,9,6,0.0
chb05,chb05_16.edf,2700.0,2704.0,1.0,0.7,70,0.8822327063224058,ok,0,10,7,0.0
chb05,chb05_16.edf,2700.0,2704.0,1.0,0.7,71,1.8713182836167332,ok,0,10,9,0.0
chb05,chb05_16.edf,2700.0,2704.0,1.0,0.7,72,1.2152640557442895,ok,0,8,6,0.0
chb05,chb05_16.edf,2700.0,2704.0,1.0,0.7,73,0.6569468445176717,ok,0,8,7,0.0
chb05,chb05_16.edf,2700.0,2704.0,1.0,0.7,74,0.6374499047614289,ok,0,11,10,0.0
chb05,chb05_16.edf,2700.0,2704.0,1.0,0.7,75,1.65888681246551,ok,0,9,7,0.0
chb05,chb05_16.edf,2700.0,2704.0,1.0,0.7,76,0.2375808003147575,ok,0,11,10,0.0
chb05,chb05_16.edf,2700.0,2704.0,1.0,0.7,77,1.261454559020981,ok,0,10,9,0.0
chb05,chb05_16.edf,2700.0,2704.0,1.0,0.7,78,1.9858068615153706,ok,0,12,11,0.0
chb05,chb05_16.edf,2700.0,2704.0,1.0,0.7,79,0.1609368397508929,ok,0,7,6,0.0
chb05,chb05_16.edf,2700.0,2704.0,1.0,0.7,80,0.9226330389069755,ok,0,10,8,0.0
chb05,chb05_16.edf,2700.0,2704.0,1.0,0.7,81,1.3218647883394035,ok,0,10,8,0.0
chb05,chb05_17.edf,904.0,908.0,0.25,0.0,62,0.6171842911523988,ok,0,10,9,0.0
chb05,chb05_17.edf,904.0,908.0,0.25,0.0,63,2.043747370146671,ok,0,9,8,0.0
chb05,chb05_17.edf,904.0,908.0,0.25,0.0,64,0.8756532617719204,ok,0,9,8,0.0
chb05,chb05_17.edf,904.0,908.0,0.25,0.0,65,0.9667718123938864,ok,0,11,10,0.0
chb05,chb05_17.edf,904.0,908.0,0.25,0.0,66,0.3631787913269073,ok,0,11,9,0.0
chb05,chb05_17.edf,904.0,908.0,0.25,0.0,67,0.8092054221906116,ok,0,11,9,0.0
chb05,chb05_17.edf,904.0,908.0,0.25,0.0,68,0.9681035064574081,ok,0,9,8,0.0
chb05,chb05_17.edf,904.0,908.0,0.25,0.0,69,1.241548694349417,ok,0,10,8,0.0
chb05,chb05_17.edf,904.0,908.0,0.25,0.0,70,0.2793983295119334,ok,0,9,8,0.0
chb05,chb05_17.edf,904.0,908.0,0.25,0.0,71,1.5904417843670142,ok,0,12,11,0.0
chb05,chb05_17.edf,904.0,908.0,0.25,0.0,72,0.9990557900479503,ok,0,11,9,0.0
chb05,chb05_17.edf,904.0,908.0,0.25,0.0,73,0.4814093715175572,ok,0,8,7,0.0
chb05,chb05_17.edf,904.0,908.0,0.25,0.0,74,0.6162790697674418,ok,0,11,8,0.0
chb05,chb05_17.edf,904.0,908.0,0.25,0.0,75,0.35394981220923855,ok,0,12,11,0.0
chb05,chb05_17.edf,904.0,908.0,0.25,0.0,76,0.3909772130214703,ok,0,12,11,0.0
chb05,chb05_17.edf,904.0,908.0,0.25,0.0,77,0.9447730595988872,ok,0,6,4,0.0
chb05,chb05_17.edf,904.0,908.0,0.25,0.0,78,1.3483863463099397,ok,0,11,10,0.0
chb05,chb05_17.edf,904.0,908.0,0.25,0.0,79,0.1609368397508929,ok,0,7,6,0.0
chb05,chb05_17.edf,904.0,908.0,0.25,0.0,80,0.1797136108456547,ok,0,12,10,0.0
chb05,chb05_17.edf,904.0,908.0,0.25,0.0,81,1.4033891062507988,ok,0,10,7,0.0
chb05,chb05_17.edf,904.0,908.0,0.25,0.175,62,0.8211910094940809,ok,0,12,11,0.0
chb05,chb05_17.edf,904.0,908.0,0.25,0.175,63,2.043813729291342,ok,0,9,8,0.0
chb05,chb05_17.edf,904.0,908.0,0.25,0.175,64,0.8756532617719204,ok,0,9,8,0.0
chb05,chb05_17.edf,904.0,908.0,0.25,0.175,65,0.9667718123938864,ok,0,11,10,0.0
chb05,chb05_17.edf,904.0,908.0,0.25,0.175,66,0.36581014159579417,ok,0,11,9,0.0
chb05,chb05_17.edf,904.0,908.0,0.25,0.175,67,0.818340372717771,ok,0,11,9,0.0
chb05,chb05_17.edf,904.0,908.0,0.25,0.175,68,1.046349240967186,ok,0,10,9,0.0
chb05,chb05_17.edf,904.0,908.0,0.25,0.175,69,1.3681975462867721,ok,0,10,8,0.0
chb05,chb05_17.edf,904.0,908.0,0.25,0.175,70,0.2793983295119334,ok,0,9,8,0.0
chb05,chb05_17.edf,904.0,908.0,0.25,0.175,71,1.529316310105233,ok,0,12,10,0.0
chb05,chb05_17.edf,904.0,908.0,0.25,0.175,72,0.9990557900479503,ok,0,11,9,0.0
chb05,chb05_17.edf,904.0,908.0,0.25,0.175,73,0.5678172112973985,ok,0,6,5,0.0
chb05,chb05_17.edf,904.0,908.0,0.25,0.175,74,0.6110738935736391,ok,0,11,8,0.0
chb05,chb05_17.edf,904.0,908.0,0.25,0.175,75,0.35394981220923855,ok,0,12,11,0.0
chb05,chb05_17.edf,904.0,908.0,0.25,0.175,76,0.6458582493463446,ok,0,11,10,0.0
chb05,chb05_17.edf,904.0,908.0,0.25,0.175,77,0.9447730595988872,ok,0,6,4,0.0
chb05,chb05_17.edf,904.0,908.0,0.25,0.175,78,1.336986764213377,ok,0,11,10,0.0
chb05,chb05_17.edf,904.0,908.0,0.25,0.175,79,0.1609368397508929,ok,0,7,6,0.0
chb05,chb05_17.edf,904.0,908.0,0.25,0.175,80,0.18317349230170574,ok,0,11,9,0.0
chb05,chb05_17.edf,904.0,908.0,0.25,0.175,81,1.3529940374376748,ok,0,9,8,0.0
chb05,chb05_17.edf,904.0,908.0,0.25,0.35,62,0.8185792880914701,ok,0,12,11,0.0
chb05,chb05_17.edf,904.0,908.0,0.25,0.35,63,1.8975503893753731,ok,0,9,7,0.0
chb05,chb05_17.edf,904.0,908.0,0.25,0.35,64,0.8937228094733785,ok,0,9,8,0.0
chb05,chb05_17.edf,904.0,908.0,0.25,0.35,65,0.9667718123938864,ok,0,11,10,0.0
chb05,chb05_17.edf,904.0,908.0,0.25,0.35,66,0.36581014159579417,ok,0,11,9,0.0
chb05,chb05_17.edf,904.0,908.0,0.25,0.35,67,0.818340372717771,ok,0,11,9,0.0
chb05,chb05_17.edf,904.0,908.0,0.25,0.35,68,1.1499463971964876,ok,0,11,10,0.0
chb05,chb05_17.edf,904.0,908.0,0.25,0.35,69,1.3681975462867721,ok,0,10,8,0.0
chb05,chb05_17.edf,904.0,908.0,0.25,0.35,70,0.2793983295119334,ok,0,9,8,0.0
chb05,chb05_17.edf,904.0,908.0,0.25,0.35,71,1.5450415179488939,ok,0,12,10,0.0
chb05,chb05_17.edf,904.0,908.0,0.25,0.35,72,0.9564843379530831,ok,0,12,10,0.0
chb05,chb05_17.edf,904.0,908.0,0.25,0.35,73,0.5678172112973985,ok,0,6,5,0.0
chb05,chb05_17.edf,904.0,908.0,0.25,0.35,74,0.6110738935736391,ok,0,11,8,0.0
chb05,chb05_17.edf,904.0,908.0,0.25,0.35,75,0.3055050906807313,ok,0,12,11,0.0
chb05,chb05_17.edf,904.0,908.0,0.25,0.35,76,0.8616713197367994,ok,0,10,9,0.0
chb05,chb05_17.edf,904.0,908.0,0.25,0.35,77,0.9447730595988872,ok,0,6,4,0.0
chb05,chb05_17.edf,904.0,908.0,0.25,0.35,78,1.3346420231553129,ok,0,11,10,0.0
chb05,chb05_17.edf,904.0,908.0,0.25,0.35,79,0.1609368397508929,ok,0,7,6,0.0
chb05,chb05_17.edf,904.0,908.0,0.25,0.35,80,0.09743871156398681,ok,0,12,11,0.0
chb05,chb05_17.edf,904.0,908.0,0.25,0.35,81,1.3173781419490558,ok,0,8,7,0.0
chb05,chb05_17.edf,904.0,908.0,0.25,0.7,62,0.790115291558999,ok,0,13,12,0.0
chb05,chb05_17.edf,904.0,908.0,0.25,0.7,63,0.1925140932272358,ok,0,8,6,0.0
chb05,chb05_17.edf,904.0,908.0,0.25,0.7,64,0.8937228094733785,ok,0,9,8,0.0
chb05,chb05_17.edf,904.0,908.0,0.25,0.7,65,1.494551462957852,ok,0,11,10,0.0
chb05,chb05_17.edf,904.0,908.0,0.25,0.7,66,0.36581014159579417,ok,0,11,9,0.0
chb05,chb05_17.edf,904.0,908.0,0.25,0.7,67,0.818340372717771,ok,0,10,9,0.0
chb05,chb05_17.edf,904.0,908.0,0.25,0.7,68,1.1695936833721468,ok,0,12,11,0.0
chb05,chb05_17.edf,904.0,908.0,0.25,0.7,69,1.2676533602114852,ok,0,9,7,0.0
chb05,chb05_17.edf,904.0,908.0,0.25,0.7,70,0.2793983295119334,ok,0,9,8,0.0
chb05,chb05_17.edf,904.0,908.0,0.25,0.7,71,1.5450415179488939,ok,0,12,10,0.0
chb05,chb05_17.edf,904.0,908.0,0.25,0.7,72,0.9322023277473203,ok,0,11,10,0.0
chb05,chb05_17.edf,904.0,908.0,0.25,0.7,73,0.5671776270718033,ok,0,6,5,0.0
chb05,chb05_17.edf,904.0,908.0,0.25,0.7,74,0.749596974289235,ok,0,10,8,0.0
chb05,chb05_17.edf,904.0,908.0,0.25,0.7,75,0.3298944073172328,ok,0,11,10,0.0
chb05,chb05_17.edf,904.0,908.0,0.25,0.7,76,0.9195566556048209,ok,0,11,10,0.0
chb05,chb05_17.edf,904.0,908.0,0.25,0.7,77,0.6526571392687176,ok,0,7,5,0.0
chb05,chb05_17.edf,904.0,908.0,0.25,0.7,78,1.1591496683260538,ok,0,10,8,0.0
chb05,chb05_17.edf,904.0,908.0,0.25,0.7,79,0.6660998123404629,ok,0,8,7,0.0
chb05,chb05_17.edf,904.0,908.0,0.25,0.7,80,0.09971653829666775,ok,0,12,11,0.0
chb05,chb05_17.edf,904.0,908.0,0.25,0.7,81,1.3173781419490558,ok,0,8,7,0.0
chb05,chb05_17.edf,904.0,908.0,0.5,0.0,62,0.5712931377579745,ok,0,12,11,0.0
chb05,chb05_17.edf,904.0,908.0,0.5,0.0,63,0.16726057798219393,ok,0,8,7,0.0
chb05,chb05_17.edf,904.0,908.0,0.5,0.0,64,0.19637001542360058,ok,0,9,8,0.0
chb05,chb05_17.edf,904.0,908.0,0.5,0.0,65,0.546024803519956,ok,0,10,8,0.0
chb05,chb05_17.edf,904.0,908.0,0.5,0.0,66,0.3428004452807938,ok,0,11,9,0.0
chb05,chb05_17.edf,904.0,908.0,0.5,0.0,67,0.9454773281444654,ok,0,7,6,0.0
chb05,chb05_17.edf,904.0,908.0,0.5,0.0,68,1.2291207868644798,ok,0,12,11,0.0
chb05,chb05_17.edf,904.0,908.0,0.5,0.0,69,1.1682562182790923,ok,0,9,7,0.0
chb05,chb05_17.edf,904.0,908.0,0.5,0.0,70,0.5111811702061327,ok,0,14,13,0.0
chb05,chb05_17.edf,904.0,908.0,0.5,0.0,71,1.8179982256514546,ok,0,11,9,0.0
chb05,chb05_17.edf,904.0,908.0,0.5,0.0,72,0.18642507739616473,ok,0,6,5,0.0
chb05,chb05_17.edf,904.0,908.0,0.5,0.0,73,0.6286253346157429,ok,0,10,9,0.0
chb05,chb05_17.edf,904.0,908.0,0.5,0.0,74,0.6476197533905482,ok,0,9,7,0.0
chb05,chb05_17.edf,904.0,908.0,0.5,0.0,75,0.9626906857352386,ok,0,12,10,0.0
chb05,chb05_17.edf,904.0,908.0,0.5,0.0,76,0.48840569686484475,ok,0,10,9,0.0
chb05,chb05_17.edf,904.0,908.0,0.5,0.0,77,1.4397992123948258,ok,0,10,9,0.0
chb05,chb05_17.edf,904.0,908.0,0.5,0.0,78,0.8783739115481473,ok,0,10,9,0.0
chb05,chb05_17.edf,904.0,908.0,0.5,0.0,79,0.6660998123404629,ok,0,8,7,0.0
chb05,chb05_17.edf,904.0,908.0,0.5,0.0,80,0.48943288169382493,ok,0,10,8,0.0
chb05,chb05_17.edf,904.0,908.0,0.5,0.0,81,1.3487816138931745,ok,0,10,9,0.0
chb05,chb05_17.edf,904.0,908.0,0.5,0.175,62,0.6247625205808374,ok,0,13,12,0.0
chb05,chb05_17.edf,904.0,908.0,0.5,0.175,63,0.16726057798219393,ok,0,8,7,0.0
chb05,chb05_17.edf,904.0,908.0,0.5,0.175,64,0.19637001542360058,ok,0,9,8,0.0
chb05,chb05_17.edf,904.0,908.0,0.5,0.175,65,0.5518250131061467,ok,0,10,8,0.0
chb05,chb05_17.edf,904.0,908.0,0.5,0.175,66,0.3455869941264749,ok,0,11,9,0.0
chb05,chb05_17.edf,904.0,908.0,0.5,0.175,67,0.9454773281444654,ok,0,7,6,0.0
chb05,chb05_17.edf,904.0,908.0,0.5,0.175,68,1.2280564920118564,ok,0,12,11,0.0
chb05,chb05_17.edf,904.0,908.0,0.5,0.175,69,1.3194313037814962,ok,0,8,7,0.0
chb05,chb05_17.edf,904.0,908.0,0.5,0.175,70,0.5111811702061327,ok,0,14,13,0.0
chb05,chb05_17.edf,904.0,908.0,0.5,0.175,71,1.8179982256514546,ok,0,11,9,0.0
chb05,chb05_17.edf,904.0,908.0,0.5,0.175,72,0.1586900018443984,ok,0,6,5,0.0
chb05,chb05_17.edf,904.0,908.0,0.5,0.175,73,0.6276119505020267,ok,0,9,8,0.0
chb05,chb05_17.edf,904.0,908.0,0.5,0.175,74,0.6476197533905482,ok,0,9,7,0.0
chb05,chb05_17.edf,904.0,908.0,0.5,0.175,75,0.9304566943784026,ok,0,11,10,0.0
chb05,chb05_17.edf,904.0,908.0,0.5,0.175,76,0.48840569686484475,ok,0,10,9,0.0
chb05,chb05_17.edf,904.0,908.0,0.5,0.175,77,1.4397992123948258,ok,0,10,9,0.0
chb05,chb05_17.edf,904.0,908.0,0.5,0.175,78,0.8764622074007292,ok,0,10,9,0.0
chb05,chb05_17.edf,904.0,908.0,0.5,0.175,79,0.6660998123404629,ok,0,8,7,0.0
chb05,chb05_17.edf,904.0,908.0,0.5,0.175,80,0.48943288169382493,ok,0,10,8,0.0
chb05,chb05_17.edf,904.0,908.0,0.5,0.175,81,1.3487816138931745,ok,0,10,9,0.0
chb05,chb05_17.edf,904.0,908.0,0.5,0.35,62,0.6336207577952017,ok,0,12,11,0.0
chb05,chb05_17.edf,904.0,908.0,0.5,0.35,63,0.2156184166272027,ok,0,9,8,0.0
chb05,chb05_17.edf,904.0,908.0,0.5,0.35,64,0.1886549942911231,ok,0,8,7,0.0
chb05,chb05_17.edf,904.0,908.0,0.5,0.35,65,0.4957202534842805,ok,0,9,8,0.0
chb05,chb05_17.edf,904.0,908.0,0.5,0.35,66,0.3455869941264749,ok,0,11,9,0.0
chb05,chb05_17.edf,904.0,908.0,0.5,0.35,67,0.9454773281444654,ok,0,7,6,0.0
chb05,chb05_17.edf,904.0,908.0,0.5,0.35,68,1.2280564920118564,ok,0,12,11,0.0
chb05,chb05_17.edf,904.0,908.0,0.5,0.35,69,1.387439117071008,ok,0,9,8,0.0
chb05,chb05_17.edf,904.0,908.0,0.5,0.35,70,0.5111811702061327,ok,0,14,13,0.0
chb05,chb05_17.edf,904.0,908.0,0.5,0.35,71,1.8386018855277186,ok,0,11,9,0.0
chb05,chb05_17.edf,904.0,908.0,0.5,0.35,72,0.1411264794352152,ok,0,6,5,0.0
chb05,chb05_17.edf,904.0,908.0,0.5,0.35,73,0.605783100866081,ok,0,10,9,0.0
chb05,chb05_17.edf,904.0,908.0,0.5,0.35,74,0.643765204137692,ok,0,10,8,0.0
chb05,chb05_17.edf,904.0,908.0,0.5,0.35,75,0.9304566943784026,ok,0,11,10,0.0
chb05,chb05_17.edf,904.0,908.0,0.5,0.35,76,0.3297550339148682,ok,0,11,10,0.0
chb05,chb05_17.edf,904.0,908.0,0.5,0.35,77,1.4396079246619893,ok,0,10,9,0.0
chb05,chb05_17.edf,904.0,908.0,0.5,0.35,78,0.876475497501451,ok,0,10,9,0.0
chb05,chb05_17.edf,904.0,908.0,0.5,0.35,79,0.6660998123404629,ok,0,8,7,0.0
chb05,chb05_17.edf,904.0,908.0,0.5,0.35,80,0.5881380384128505,ok,0,9,7,0.0
chb05,chb05_17.edf,904.0,908.0,0.5,0.35,81,1.3487816138931745,ok,0,10,9,0.0
chb05,chb05_17.edf,904.0,908.0,0.5,0.7,62,0.6775309354406418,ok,0,11,10,0.0
chb05,chb05_17.edf,904.0,908.0,0.5,0.7,63,0.2156184166272027,ok,0,9,8,0.0
chb05,chb05_17.edf,904.0,908.0,0.5,0.7,64,0.1789047803028888,ok,0,8,7,0.0
chb05,chb05_17.edf,904.0,908.0,0.5,0.7,65,0.4957202534842805,ok,0,9,8,0.0
chb05,chb05_17.edf,904.0,908.0,0.5,0.7,66,0.3455869941264749,ok,0,11,9,0.0
chb05,chb05_17.edf,904.0,908.0,0.5,0.7,67,0.8845041679719219,ok,0,8,7,0.0
chb05,chb05_17.edf,904.0,908.0,0.5,0.7,68,1.255262029386308,ok,0,11,10,0.0
chb05,chb05_17.edf,904.0,908.0,0.5,0.7,69,1.387439117071008,ok,0,9,8,0.0
chb05,chb05_17.edf,904.0,908.0,0.5,0.7,70,0.4930630572660489,ok,0,13,12,0.0
chb05,chb05_17.edf,904.0,908.0,0.5,0.7,71,1.8386018855277186,ok,0,11,9,0.0
chb05,chb05_17.edf,904.0,908.0,0.5,0.7,72,1.5332916020460619,ok,0,9,7,0.0
chb05,chb05_17.edf,904.0,908.0,0.5,0.7,73,0.6043573205638095,ok,0,10,9,0.0
chb05,chb05_17.edf,904.0,908.0,0.5,0.7,74,0.6375195807049157,ok,0,10,8,0.0
chb05,chb05_17.edf,904.0,908.0,0.5,0.7,75,0.9964493081092337,ok,0,10,9,0.0
chb05,chb05_17.edf,904.0,908.0,0.5,0.7,76,0.36286397755079597,ok,0,11,10,0.0
chb05,chb05_17.edf,904.0,908.0,0.5,0.7,77,1.4312753691994529,ok,0,10,9,0.0
chb05,chb05_17.edf,904.0,908.0,0.5,0.7,78,0.8779494481411574,ok,0,10,9,0.0
chb05,chb05_17.edf,904.0,908.0,0.5,0.7,79,0.6660998123404629,ok,0,8,7,0.0
chb05,chb05_17.edf,904.0,908.0,0.5,0.7,80,0.30083001877064064,ok,0,8,6,0.0
chb05,chb05_17.edf,904.0,908.0,0.5,0.7,81,1.3127833950091912,ok,0,9,7,0.0
chb05,chb05_17.edf,904.0,908.0,1.0,0.0,62,0.7743914046997703,ok,0,11,10,0.0
chb05,chb05_17.edf,904.0,908.0,1.0,0.0,63,0.21488489744161204,ok,0,8,7,0.0
chb05,chb05_17.edf,904.0,908.0,1.0,0.0,64,0.17192047651837583,ok,0,10,9,0.0
chb05,chb05_17.edf,904.0,908.0,1.0,0.0,65,0.48620003231413916,ok,0,12,9,0.0
chb05,chb05_17.edf,904.0,908.0,1.0,0.0,66,1.3756822323974554,ok,0,13,11,0.0
chb05,chb05_17.edf,904.0,908.0,1.0,0.0,67,1.0067830609804835,ok,0,9,8,0.0
chb05,chb05_17.edf,904.0,908.0,1.0,0.0,68,1.5176810316646947,ok,0,13,11,0.0
chb05,chb05_17.edf,904.0,908.0,1.0,0.0,69,1.0610836315798138,ok,0,8,5,0.0
chb05,chb05_17.edf,904.0,908.0,1.0,0.0,70,0.981919803246944,ok,0,12,11,0.0
chb05,chb05_17.edf,904.0,908.0,1.0,0.0,71,1.7937447317653397,ok,0,10,8,0.0
chb05,chb05_17.edf,904.0,908.0,1.0,0.0,72,0.18642507739616473,ok,0,6,5,0.0
chb05,chb05_17.edf,904.0,908.0,1.0,0.0,73,0.5987516059102022,ok,0,9,8,0.0
chb05,chb05_17.edf,904.0,908.0,1.0,0.0,74,0.6443582292066723,ok,0,11,10,0.0
chb05,chb05_17.edf,904.0,908.0,1.0,0.0,75,1.65888681246551,ok,0,10,7,0.0
chb05,chb05_17.edf,904.0,908.0,1.0,0.0,76,0.22553402254439306,ok,0,12,11,0.0
chb05,chb05_17.edf,904.0,908.0,1.0,0.0,77,1.261454559020981,ok,0,10,9,0.0
chb05,chb05_17.edf,904.0,908.0,1.0,0.0,78,1.9856992051961986,ok,0,12,11,0.0
chb05,chb05_17.edf,904.0,908.0,1.0,0.0,79,0.1609368397508929,ok,0,7,6,0.0
chb05,chb05_17.edf,904.0,908.0,1.0,0.0,80,0.8375512923759941,ok,0,11,9,0.0
chb05,chb05_17.edf,904.0,908.0,1.0,0.0,81,1.3218647883394035,ok,0,10,8,0.0
chb05,chb05_17.edf,904.0,908.0,1.0,0.175,62,0.8181096350347377,ok,0,12,11,0.0
chb05,chb05_17.edf,904.0,908.0,1.0,0.175,63,0.21488489744161204,ok,0,8,7,0.0
chb05,chb05_17.edf,904.0,908.0,1.0,0.175,64,0.17192047651837583,ok,0,10,9,0.0
chb05,chb05_17.edf,904.0,908.0,1.0,0.175,65,0.48620003231413916,ok,0,12,9,0.0
chb05,chb05_17.edf,904.0,908.0,1.0,0.175,66,1.5167540848237777,ok,0,12,10,0.0
chb05,chb05_17.edf,904.0,908.0,1.0,0.175,67,1.0067830609804835,ok,0,9,8,0.0
chb05,chb05_17.edf,904.0,908.0,1.0,0.175,68,0.2073097915140307,ok,0,12,10,0.0
chb05,chb05_17.edf,904.0,908.0,1.0,0.175,69,1.0610836315798138,ok,0,8,5,0.0
chb05,chb05_17.edf,904.0,908.0,1.0,0.175,70,1.0713161689866328,ok,0,12,9,0.0
chb05,chb05_17.edf,904.0,908.0,1.0,0.175,71,1.7937447317653397,ok,0,10,8,0.0
chb05,chb05_17.edf,904.0,908.0,1.0,0.175,72,0.1692486635019696,ok,0,6,5,0.0
chb05,chb05_17.edf,904.0,908.0,1.0,0.175,73,0.6549312758509431,ok,0,10,9,0.0
chb05,chb05_17.edf,904.0,908.0,1.0,0.175,74,0.6443582292066723,ok,0,11,10,0.0
chb05,chb05_17.edf,904.0,908.0,1.0,0.175,75,1.65888681246551,ok,0,10,7,0.0
chb05,chb05_17.edf,904.0,908.0,1.0,0.175,76,0.22553402254439306,ok,0,12,11,0.0
chb05,chb05_17.edf,904.0,908.0,1.0,0.175,77,1.261454559020981,ok,0,10,9,0.0
chb05,chb05_17.edf,904.0,908.0,1.0,0.175,78,2.0008167178077203,ok,0,11,10,0.0
chb05,chb05_17.edf,904.0,908.0,1.0,0.175,79,0.1609368397508929,ok,0,7,6,0.0
chb05,chb05_17.edf,904.0,908.0,1.0,0.175,80,0.847592558041268,ok,0,12,10,0.0
chb05,chb05_17.edf,904.0,908.0,1.0,0.175,81,1.3218647883394035,ok,0,10,8,0.0
chb05,chb05_17.edf,904.0,908.0,1.0,0.35,62,0.8083621919356772,ok,0,12,11,0.0
chb05,chb05_17.edf,904.0,908.0,1.0,0.35,63,0.2156184166272027,ok,0,9,8,0.0
chb05,chb05_17.edf,904.0,908.0,1.0,0.35,64,0.17599259780918877,ok,0,10,8,0.0
chb05,chb05_17.edf,904.0,908.0,1.0,0.35,65,0.4495805831064902,ok,0,11,10,0.0
chb05,chb05_17.edf,904.0,908.0,1.0,0.35,66,1.5167540848237777,ok,0,12,10,0.0
chb05,chb05_17.edf,904.0,908.0,1.0,0.35,67,1.0162300239210387,ok,0,9,8,0.0
chb05,chb05_17.edf,904.0,908.0,1.0,0.35,68,0.24501539562955854,ok,0,12,10,0.0
chb05,chb05_17.edf,904.0,908.0,1.0,0.35,69,1.0610836315798138,ok,0,8,5,0.0
chb05,chb05_17.edf,904.0,908.0,1.0,0.35,70,1.0713161689866328,ok,0,12,9,0.0
chb05,chb05_17.edf,904.0,908.0,1.0,0.35,71,1.7937447317653397,ok,0,10,8,0.0
chb05,chb05_17.edf,904.0,908.0,1.0,0.35,72,0.1411264794352152,ok,0,6,5,0.0
chb05,chb05_17.edf,904.0,908.0,1.0,0.35,73,0.6969497848327798,ok,0,11,10,0.0
chb05,chb05_17.edf,904.0,908.0,1.0,0.35,74,0.6373761215671587,ok,0,11,10,0.0
chb05,chb05_17.edf,904.0,908.0,1.0,0.35,75,1.65888681246551,ok,0,10,7,0.0
chb05,chb05_17.edf,904.0,908.0,1.0,0.35,76,0.2499525155781146,ok,0,12,11,0.0
chb05,chb05_17.edf,904.0,908.0,1.0,0.35,77,1.1158722845684699,ok,0,8,7,0.0
chb05,chb05_17.edf,904.0,908.0,1.0,0.35,78,1.9621095041670824,ok,0,11,9,0.0
chb05,chb05_17.edf,904.0,908.0,1.0,0.35,79,0.1609368397508929,ok,0,7,6,0.0
chb05,chb05_17.edf,904.0,908.0,1.0,0.35,80,0.8460001481744026,ok,0,12,10,0.0
chb05,chb05_17.edf,904.0,908.0,1.0,0.35,81,1.3218647883394035,ok,0,10,8,0.0
chb05,chb05_17.edf,904.0,908.0,1.0,0.7,62,0.8083621919356772,ok,0,12,11,0.0
chb05,chb05_17.edf,904.0,908.0,1.0,0.7,63,0.2156184166272027,ok,0,9,8,0.0
chb05,chb05_17.edf,904.0,908.0,1.0,0.7,64,0.1673109679854309,ok,0,10,8,0.0
chb05,chb05_17.edf,904.0,908.0,1.0,0.7,65,0.4495805831064902,ok,0,11,10,0.0
chb05,chb05_17.edf,904.0,908.0,1.0,0.7,66,1.4228765045277283,ok,0,11,9,0.0
chb05,chb05_17.edf,904.0,908.0,1.0,0.7,67,1.0369262684125167,ok,0,9,8,0.0
chb05,chb05_17.edf,904.0,908.0,1.0,0.7,68,0.24501539562955854,ok,0,12,10,0.0
chb05,chb05_17.edf,904.0,908.0,1.0,0.7,69,1.289920196944506,ok,0,9,7,0.0
chb05,chb05_17.edf,904.0,908.0,1.0,0.7,70,0.628721738587982,ok,0,12,9,0.0
chb05,chb05_17.edf,904.0,908.0,1.0,0.7,71,1.7937447317653397,ok,0,10,8,0.0
chb05,chb05_17.edf,904.0,908.0,1.0,0.7,72,0.8532584224506963,ok,0,7,6,0.0
chb05,chb05_17.edf,904.0,908.0,1.0,0.7,73,0.7087179825465191,ok,0,10,9,0.0
chb05,chb05_17.edf,904.0,908.0,1.0,0.7,74,0.6279886886452494,ok,0,11,10,0.0
chb05,chb05_17.edf,904.0,908.0,1.0,0.7,75,1.65888681246551,ok,0,10,7,0.0
chb05,chb05_17.edf,904.0,908.0,1.0,0.7,76,0.24746034645529869,ok,0,13,12,0.0
chb05,chb05_17.edf,904.0,908.0,1.0,0.7,77,1.1158722845684699,ok,0,8,7,0.0
chb05,chb05_17.edf,904.0,908.0,1.0,0.7,78,1.823757104528842,ok,0,10,8,0.0
chb05,chb05_17.edf,904.0,908.0,1.0,0.7,79,0.1609368397508929,ok,0,7,6,0.0
chb05,chb05_17.edf,904.0,908.0,1.0,0.7,80,1.0204982973506247,ok,0,12,10,0.0
chb05,chb05_17.edf,904.0,908.0,1.0,0.7,81,1.215686175817603,ok,0,9,7,0.0
chb05,chb05_17.edf,2700.0,2704.0,0.25,0.0,62,0.6171842911523988,ok,0,10,9,0.0
chb05,chb05_17.edf,2700.0,2704.0,0.25,0.0,63,2.043747370146671,ok,0,9,8,0.0
chb05,chb05_17.edf,2700.0,2704.0,0.25,0.0,64,0.8756532617719204,ok,0,9,8,0.0
chb05,chb05_17.edf,2700.0,2704.0,0.25,0.0,65,0.9667718123938864,ok,0,11,10,0.0
chb05,chb05_17.edf,2700.0,2704.0,0.25,0.0,66,0.3631787913269073,ok,0,11,9,0.0
chb05,chb05_17.edf,2700.0,2704.0,0.25,0.0,67,0.8092054221906116,ok,0,11,9,0.0
chb05,chb05_17.edf,2700.0,2704.0,0.25,0.0,68,0.9681035064574081,ok,0,9,8,0.0
chb05,chb05_17.edf,2700.0,2704.0,0.25,0.0,69,1.241548694349417,ok,0,10,8,0.0
chb05,chb05_17.edf,2700.0,2704.0,0.25,0.0,70,0.2793983295119334,ok,0,9,8,0.0
chb05,chb05_17.edf,2700.0,2704.0,0.25,0.0,71,1.5904417843670142,ok,0,12,11,0.0
chb05,chb05_17.edf,2700.0,2704.0,0.25,0.0,72,0.9990557900479503,ok,0,11,9,0.0
chb05,chb05_17.edf,2700.0,2704.0,0.25,0.0,73,0.4814093715175572,ok,0,8,7,0.0
chb05,chb05_17.edf,2700.0,2704.0,0.25,0.0,74,0.6162790697674418,ok,0,11,8,0.0
chb05,chb05_17.edf,2700.0,2704.0,0.25,0.0,75,0.35394981220923855,ok,0,12,11,0.0
chb05,chb05_17.edf,2700.0,2704.0,0.25,0.0,76,0.3909772130214703,ok,0,12,11,0.0
chb05,chb05_17.edf,2700.0,2704.0,0.25,0.0,77,0.9447730595988872,ok,0,6,4,0.0
chb05,chb05_17.edf,2700.0,2704.0,0.25,0.0,78,1.3483863463099397,ok,0,11,10,0.0
chb05,chb05_17.edf,2700.0,2704.0,0.25,0.0,79,0.1609368397508929,ok,0,7,6,0.0
chb05,chb05_17.edf,2700.0,2704.0,0.25,0.0,80,0.1797136108456547,ok,0,12,10,0.0
chb05,chb05_17.edf,2700.0,2704.0,0.25,0.0,81,1.4033891062507988,ok,0,10,7,0.0
chb05,chb05_17.edf,2700.0,2704.0,0.25,0.175,62,1.007088176139553,ok,0,9,8,0.0
chb05,chb05_17.edf,2700.0,2704.0,0.25,0.175,63,2.0342364192287428,ok,0,9,8,0.0
chb05,chb05_17.edf,2700.0,2704.0,0.25,0.175,64,0.8188259878606116,ok,0,8,7,0.0
chb05,chb05_17.edf,2700.0,2704.0,0.25,0.175,65,0.9298094740999439,ok,0,10,9,0.0
chb05,chb05_17.edf,2700.0,2704.0,0.25,0.175,66,0.3428004452807938,ok,0,11,9,0.0
chb05,chb05_17.edf,2700.0,2704.0,0.25,0.175,67,0.7843957830452922,ok,0,11,9,0.0
chb05,chb05_17.edf,2700.0,2704.0,0.25,0.175,68,0.9848613212110338,ok,0,9,8,0.0
chb05,chb05_17.edf,2700.0,2704.0,0.25,0.175,69,1.1764082802397795,ok,0,9,7,0.0
chb05,chb05_17.edf,2700.0,2704.0,0.25,0.175,70,0.2793983295119334,ok,0,9,8,0.0
chb05,chb05_17.edf,2700.0,2704.0,0.25,0.175,71,1.5904417843670142,ok,0,12,11,0.0
chb05,chb05_17.edf,2700.0,2704.0,0.25,0.175,72,1.0189295409461563,ok,0,10,8,0.0
chb05,chb05_17.edf,2700.0,2704.0,0.25,0.175,73,0.4464793167437837,ok,0,8,7,0.0
chb05,chb05_17.edf,2700.0,2704.0,0.25,0.175,74,0.6162790697674418,ok,0,11,8,0.0
chb05,chb05_17.edf,2700.0,2704.0,0.25,0.175,75,0.3681796083237525,ok,0,11,10,0.0
chb05,chb05_17.edf,2700.0,2704.0,0.25,0.175,76,0.3884791477511718,ok,0,13,12,0.0
chb05,chb05_17.edf,2700.0,2704.0,0.25,0.175,77,0.9447730595988872,ok,0,6,4,0.0
chb05,chb05_17.edf,2700.0,2704.0,0.25,0.175,78,1.2344227243529233,ok,0,11,10,0.0
chb05,chb05_17.edf,2700.0,2704.0,0.25,0.175,79,0.1609368397508929,ok,0,7,6,0.0
chb05,chb05_17.edf,2700.0,2704.0,0.25,0.175,80,0.21406832300309636,ok,0,11,8,0.0
chb05,chb05_17.edf,2700.0,2704.0,0.25,0.175,81,1.3558611738243374,ok,0,10,9,0.0
chb05,chb05_17.edf,2700.0,2704.0,0.25,0.35,62,0.7868158256121197,ok,0,8,7,0.0
chb05,chb05_17.edf,2700.0,2704.0,0.25,0.35,63,2.0342364192287428,ok,0,9,8,0.0
chb05,chb05_17.edf,2700.0,2704.0,0.25,0.35,64,0.8188259878606116,ok,0,8,7,0.0
chb05,chb05_17.edf,2700.0,2704.0,0.25,0.35,65,0.828355762540936,ok,0,11,10,0.0
chb05,chb05_17.edf,2700.0,2704.0,0.25,0.35,66,0.3428004452807938,ok,0,11,9,0.0
chb05,chb05_17.edf,2700.0,2704.0,0.25,0.35,67,0.6398172370811034,ok,0,11,10,0.0
chb05,chb05_17.edf,2700.0,2704.0,0.25,0.35,68,0.992857419793938,ok,0,8,7,0.0
chb05,chb05_17.edf,2700.0,2704.0,0.25,0.35,69,1.134655194870082,ok,0,11,9,0.0
chb05,chb05_17.edf,2700.0,2704.0,0.25,0.35,70,0.22757873597035821,ok,0,9,8,0.0
chb05,chb05_17.edf,2700.0,2704.0,0.25,0.35,71,1.3552604522763128,ok,0,12,11,0.0
chb05,chb05_17.edf,2700.0,2704.0,0.25,0.35,72,1.0235903287490538,ok,0,9,8,0.0
chb05,chb05_17.edf,2700.0,2704.0,0.25,0.35,73,0.38999127448056664,ok,0,9,8,0.0
chb05,chb05_17.edf,2700.0,2704.0,0.25,0.35,74,0.6005730410553338,ok,0,11,7,0.0
chb05,chb05_17.edf,2700.0,2704.0,0.25,0.35,75,0.3827805009313499,ok,0,10,9,0.0
chb05,chb05_17.edf,2700.0,2704.0,0.25,0.35,76,0.39758748378578546,ok,0,13,12,0.0
chb05,chb05_17.edf,2700.0,2704.0,0.25,0.35,77,0.9447730595988872,ok,0,6,4,0.0
chb05,chb05_17.edf,2700.0,2704.0,0.25,0.35,78,1.1754006325129311,ok,0,11,9,0.0
chb05,chb05_17.edf,2700.0,2704.0,0.25,0.35,79,0.1609368397508929,ok,0,7,6,0.0
chb05,chb05_17.edf,2700.0,2704.0,0.25,0.35,80,0.2129444026470889,ok,0,11,9,0.0
chb05,chb05_17.edf,2700.0,2704.0,0.25,0.35,81,1.3558611738243374,ok,0,10,9,0.0
chb05,chb05_17.edf,2700.0,2704.0,0.25,0.7,62,0.7873014216596345,ok,0,8,7,0.0
chb05,chb05_17.edf,2700.0,2704.0,0.25,0.7,63,1.4006431632198924,ok,0,10,9,0.0
chb05,chb05_17.edf,2700.0,2704.0,0.25,0.7,64,0.8983976308647997,ok,0,9,8,0.0
chb05,chb05_17.edf,2700.0,2704.0,0.25,0.7,65,0.6905306611106466,ok,0,10,8,0.0
chb05,chb05_17.edf,2700.0,2704.0,0.25,0.7,66,0.3479320219460957,ok,0,11,9,0.0
chb05,chb05_17.edf,2700.0,2704.0,0.25,0.7,67,0.6888863703799056,ok,0,10,9,0.0
chb05,chb05_17.edf,2700.0,2704.0,0.25,0.7,68,0.9927668418291004,ok,0,8,7,0.0
chb05,chb05_17.edf,2700.0,2704.0,0.25,0.7,69,1.0841248015136489,ok,0,9,8,0.0
chb05,chb05_17.edf,2700.0,2704.0,0.25,0.7,70,0.2150912767569194,ok,0,9,8,0.0
chb05,chb05_17.edf,2700.0,2704.0,0.25,0.7,71,1.3263601804895382,ok,0,14,12,0.0
chb05,chb05_17.edf,2700.0,2704.0,0.25,0.7,72,1.0041672387077405,ok,0,9,8,0.0
chb05,chb05_17.edf,2700.0,2704.0,0.25,0.7,73,0.47345614417375476,ok,0,10,9,0.0
chb05,chb05_17.edf,2700.0,2704.0,0.25,0.7,74,0.5721104421127344,ok,0,10,6,0.0
chb05,chb05_17.edf,2700.0,2704.0,0.25,0.7,75,0.5734615752778498,ok,0,11,10,0.0
chb05,chb05_17.edf,2700.0,2704.0,0.25,0.7,76,0.4950895026259832,ok,0,13,12,0.0
chb05,chb05_17.edf,2700.0,2704.0,0.25,0.7,77,0.6404187737553277,ok,0,6,4,0.0
chb05,chb05_17.edf,2700.0,2704.0,0.25,0.7,78,1.0697612762083564,ok,0,10,8,0.0
chb05,chb05_17.edf,2700.0,2704.0,0.25,0.7,79,0.2272301539919122,ok,0,7,5,0.0
chb05,chb05_17.edf,2700.0,2704.0,0.25,0.7,80,0.23232483283036257,ok,0,11,9,0.0
chb05,chb05_17.edf,2700.0,2704.0,0.25,0.7,81,1.2959117286951407,ok,0,11,10,0.0
chb05,chb05_17.edf,2700.0,2704.0,0.5,0.0,62,0.5712931377579745,ok,0,12,11,0.0
chb05,chb05_17.edf,2700.0,2704.0,0.5,0.0,63,0.16726057798219393,ok,0,8,7,0.0
chb05,chb05_17.edf,2700.0,2704.0,0.5,0.0,64,0.19637001542360058,ok,0,9,8,0.0
chb05,chb05_17.edf,2700.0,2704.0,0.5,0.0,65,0.546024803519956,ok,0,10,8,0.0
chb05,chb05_17.edf,2700.0,2704.0,0.5,0.0,66,0.3428004452807938,ok,0,11,9,0.0
chb05,chb05_17.edf,2700.0,2704.0,0.5,0.0,67,0.9454773281444654,ok,0,7,6,0.0
chb05,chb05_17.edf,2700.0,2704.0,0.5,0.0,68,1.2291207868644798,ok,0,12,11,0.0
chb05,chb05_17.edf,2700.0,2704.0,0.5,0.0,69,1.1682562182790923,ok,0,9,7,0.0
chb05,chb05_17.edf,2700.0,2704.0,0.5,0.0,70,0.5111811702061327,ok,0,14,13,0.0
chb05,chb05_17.edf,2700.0,2704.0,0.5,0.0,71,1.8179982256514546,ok,0,11,9,0.0
chb05,chb05_17.edf,2700.0,2704.0,0.5,0.0,72,0.18642507739616473,ok,0,6,5,0.0
chb05,chb05_17.edf,2700.0,2704.0,0.5,0.0,73,0.6286253346157429,ok,0,10,9,0.0
chb05,chb05_17.edf,2700.0,2704.0,0.5,0.0,74,0.6476197533905482,ok,0,9,7,0.0
chb05,chb05_17.edf,2700.0,2704.0,0.5,0.0,75,0.9626906857352386,ok,0,12,10,0.0
chb05,chb05_17.edf,2700.0,2704.0,0.5,0.0,76,0.48840569686484475,ok,0,10,9,0.0
chb05,chb05_17.edf,2700.0,2704.0,0.5,0.0,77,1.4397992123948258,ok,0,10,9,0.0
chb05,chb05_17.edf,2700.0,2704.0,0.5,0.0,78,0.8783739115481473,ok,0,10,9,0.0
chb05,chb05_17.edf,2700.0,2704.0,0.5,0.0,79,0.6660998123404629,ok,0,8,7,0.0
chb05,chb05_17.edf,2700.0,2704.0,0.5,0.0,80,0.48943288169382493,ok,0,10,8,0.0
chb05,chb05_17.edf,2700.0,2704.0,0.5,0.0,81,1.3487816138931745,ok,0,10,9,0.0
chb05,chb05_17.edf,2700.0,2704.0,0.5,0.175,62,0.5712931377579745,ok,0,12,11,0.0
chb05,chb05_17.edf,2700.0,2704.0,0.5,0.175,63,0.18960006561314807,ok,0,8,7,0.0
chb05,chb05_17.edf,2700.0,2704.0,0.5,0.175,64,0.19637001542360058,ok,0,9,8,0.0
chb05,chb05_17.edf,2700.0,2704.0,0.5,0.175,65,0.5518250131061467,ok,0,10,8,0.0
chb05,chb05_17.edf,2700.0,2704.0,0.5,0.175,66,0.3428004452807938,ok,0,11,9,0.0
chb05,chb05_17.edf,2700.0,2704.0,0.5,0.175,67,0.9454773281444654,ok,0,7,6,0.0
chb05,chb05_17.edf,2700.0,2704.0,0.5,0.175,68,1.341276321721398,ok,0,11,10,0.0
chb05,chb05_17.edf,2700.0,2704.0,0.5,0.175,69,1.2636524125816837,ok,0,9,8,0.0
chb05,chb05_17.edf,2700.0,2704.0,0.5,0.175,70,0.5007056837946776,ok,0,14,13,0.0
chb05,chb05_17.edf,2700.0,2704.0,0.5,0.175,71,1.5475911032956122,ok,0,12,10,0.0
chb05,chb05_17.edf,2700.0,2704.0,0.5,0.175,72,1.669875967966309,ok,0,7,6,0.0
chb05,chb05_17.edf,2700.0,2704.0,0.5,0.175,73,0.660765095154047,ok,0,10,9,0.0
chb05,chb05_17.edf,2700.0,2704.0,0.5,0.175,74,0.655280757217913,ok,0,10,8,0.0
chb05,chb05_17.edf,2700.0,2704.0,0.5,0.175,75,0.9626906857352386,ok,0,12,10,0.0
chb05,chb05_17.edf,2700.0,2704.0,0.5,0.175,76,0.41481810651347145,ok,0,11,10,0.0
chb05,chb05_17.edf,2700.0,2704.0,0.5,0.175,77,0.14113296980235743,ok,0,9,8,0.0
chb05,chb05_17.edf,2700.0,2704.0,0.5,0.175,78,0.8783739115481473,ok,0,10,9,0.0
chb05,chb05_17.edf,2700.0,2704.0,0.5,0.175,79,0.6660998123404629,ok,0,8,7,0.0
chb05,chb05_17.edf,2700.0,2704.0,0.5,0.175,80,0.48943288169382493,ok,0,10,8,0.0
chb05,chb05_17.edf,2700.0,2704.0,0.5,0.175,81,1.3487816138931745,ok,0,10,9,0.0
chb05,chb05_17.edf,2700.0,2704.0,0.5,0.35,62,0.5707725586448292,ok,0,12,11,0.0
chb05,chb05_17.edf,2700.0,2704.0,0.5,0.35,63,0.19141100042806877,ok,0,8,7,0.0
chb05,chb05_17.edf,2700.0,2704.0,0.5,0.35,64,0.19637001542360058,ok,0,9,8,0.0
chb05,chb05_17.edf,2700.0,2704.0,0.5,0.35,65,0.5518250131061467,ok,0,10,8,0.0
chb05,chb05_17.edf,2700.0,2704.0,0.5,0.35,66,0.3428004452807938,ok,0,11,9,0.0
chb05,chb05_17.edf,2700.0,2704.0,0.5,0.35,67,0.9454773281444654,ok,0,7,6,0.0
chb05,chb05_17.edf,2700.0,2704.0,0.5,0.35,68,1.3290633537439611,ok,0,12,11,0.0
chb05,chb05_17.edf,2700.0,2704.0,0.5,0.35,69,1.1572266652288867,ok,0,10,9,0.0
chb05,chb05_17.edf,2700.0,2704.0,0.5,0.35,70,0.5007056837946776,ok,0,14,13,0.0
chb05,chb05_17.edf,2700.0,2704.0,0.5,0.35,71,1.5108212398460805,ok,0,11,9,0.0
chb05,chb05_17.edf,2700.0,2704.0,0.5,0.35,72,1.669875967966309,ok,0,7,6,0.0
chb05,chb05_17.edf,2700.0,2704.0,0.5,0.35,73,0.5520314322387321,ok,0,11,10,0.0
chb05,chb05_17.edf,2700.0,2704.0,0.5,0.35,74,0.655280757217913,ok,0,10,8,0.0
chb05,chb05_17.edf,2700.0,2704.0,0.5,0.35,75,0.8802517874691086,ok,0,11,9,0.0
chb05,chb05_17.edf,2700.0,2704.0,0.5,0.35,76,0.19699438296969954,ok,0,10,9,0.0
chb05,chb05_17.edf,2700.0,2704.0,0.5,0.35,77,0.14113296980235743,ok,0,9,8,0.0
chb05,chb05_17.edf,2700.0,2704.0,0.5,0.35,78,0.8729002070148495,ok,0,10,8,0.0
chb05,chb05_17.edf,2700.0,2704.0,0.5,0.35,79,0.6660998123404629,ok,0,8,7,0.0
chb05,chb05_17.edf,2700.0,2704.0,0.5,0.35,80,0.5120702405008243,ok,0,11,9,0.0
chb05,chb05_17.edf,2700.0,2704.0,0.5,0.35,81,1.3529940374376748,ok,0,9,8,0.0
chb05,chb05_17.edf,2700.0,2704.0,0.5,0.7,62,0.5707725586448292,ok,0,12,11,0.0
chb05,chb05_17.edf,2700.0,2704.0,0.5,0.7,63,2.0341659854968963,ok,0,9,8,0.0
chb05,chb05_17.edf,2700.0,2704.0,0.5,0.7,64,0.19269613344196232,ok,0,9,8,0.0
chb05,chb05_17.edf,2700.0,2704.0,0.5,0.7,65,0.9111975447573508,ok,0,10,8,0.0
chb05,chb05_17.edf,2700.0,2704.0,0.5,0.7,66,0.3428004452807938,ok,0,11,9,0.0
chb05,chb05_17.edf,2700.0,2704.0,0.5,0.7,67,0.8741212059482408,ok,0,8,7,0.0
chb05,chb05_17.edf,2700.0,2704.0,0.5,0.7,68,1.2699898582272222,ok,0,10,9,0.0
chb05,chb05_17.edf,2700.0,2704.0,0.5,0.7,69,1.1778332488855623,ok,0,10,9,0.0
chb05,chb05_17.edf,2700.0,2704.0,0.5,0.7,70,0.5659537726066469,ok,0,12,11,0.0
chb05,chb05_17.edf,2700.0,2704.0,0.5,0.7,71,1.5080443569851207,ok,0,13,11,0.0
chb05,chb05_17.edf,2700.0,2704.0,0.5,0.7,72,1.6452873158340349,ok,0,7,6,0.0
chb05,chb05_17.edf,2700.0,2704.0,0.5,0.7,73,0.6019167252950525,ok,0,11,10,0.0
chb05,chb05_17.edf,2700.0,2704.0,0.5,0.7,74,0.549805768150175,ok,0,12,8,0.0
chb05,chb05_17.edf,2700.0,2704.0,0.5,0.7,75,0.8043448341752745,ok,0,11,9,0.0
chb05,chb05_17.edf,2700.0,2704.0,0.5,0.7,76,0.18551995490601705,ok,0,8,7,0.0
chb05,chb05_17.edf,2700.0,2704.0,0.5,0.7,77,0.1403159073603611,ok,0,10,8,0.0
chb05,chb05_17.edf,2700.0,2704.0,0.5,0.7,78,0.8609171855260785,ok,0,9,7,0.0
chb05,chb05_17.edf,2700.0,2704.0,0.5,0.7,79,0.6660998123404629,ok,0,8,7,0.0
chb05,chb05_17.edf,2700.0,2704.0,0.5,0.7,80,0.6585942838994101,ok,0,12,10,0.0
chb05,chb05_17.edf,2700.0,2704.0,0.5,0.7,81,1.3461778380352838,ok,0,9,8,0.0
chb05,chb05_17.edf,2700.0,2704.0,1.0,0.0,62,0.7743914046997703,ok,0,11,10,0.0
chb05,chb05_17.edf,2700.0,2704.0,1.0,0.0,63,0.21488489744161204,ok,0,8,7,0.0
chb05,chb05_17.edf,2700.0,2704.0,1.0,0.0,64,0.17192047651837583,ok,0,10,9,0.0
chb05,chb05_17.edf,2700.0,2704.0,1.0,0.0,65,0.48620003231413916,ok,0,12,9,0.0
chb05,chb05_17.edf,2700.0,2704.0,1.0,0.0,66,1.3756822323974554,ok,0,13,11,0.0
chb05,chb05_17.edf,2700.0,2704.0,1.0,0.0,67,1.0067830609804835,ok,0,9,8,0.0
chb05,chb05_17.edf,2700.0,2704.0,1.0,0.0,68,1.5176810316646947,ok,0,13,11,0.0
chb05,chb05_17.edf,2700.0,2704.0,1.0,0.0,69,1.0610836315798138,ok,0,8,5,0.0
chb05,chb05_17.edf,2700.0,2704.0,1.0,0.0,70,0.981919803246944,ok,0,12,11,0.0
chb05,chb05_17.edf,2700.0,2704.0,1.0,0.0,71,1.7937447317653397,ok,0,10,8,0.0
chb05,chb05_17.edf,2700.0,2704.0,1.0,0.0,72,0.18642507739616473,ok,0,6,5,0.0
chb05,chb05_17.edf,2700.0,2704.0,1.0,0.0,73,0.5987516059102022,ok,0,9,8,0.0
chb05,chb05_17.edf,2700.0,2704.0,1.0,0.0,74,0.6443582292066723,ok,0,11,10,0.0
chb05,chb05_17.edf,2700.0,2704.0,1.0,0.0,75,1.65888681246551,ok,0,10,7,0.0
chb05,chb05_17.edf,2700.0,2704.0,1.0,0.0,76,0.22553402254439306,ok,0,12,11,0.0
chb05,chb05_17.edf,2700.0,2704.0,1.0,0.0,77,1.261454559020981,ok,0,10,9,0.0
chb05,chb05_17.edf,2700.0,2704.0,1.0,0.0,78,1.9856992051961986,ok,0,12,11,0.0
chb05,chb05_17.edf,2700.0,2704.0,1.0,0.0,79,0.1609368397508929,ok,0,7,6,0.0
chb05,chb05_17.edf,2700.0,2704.0,1.0,0.0,80,0.8375512923759941,ok,0,11,9,0.0
chb05,chb05_17.edf,2700.0,2704.0,1.0,0.0,81,1.3218647883394035,ok,0,10,8,0.0
chb05,chb05_17.edf,2700.0,2704.0,1.0,0.175,62,0.8207228509784782,ok,0,12,11,0.0
chb05,chb05_17.edf,2700.0,2704.0,1.0,0.175,63,0.15845733372292342,ok,0,8,7,0.0
chb05,chb05_17.edf,2700.0,2704.0,1.0,0.175,64,0.17599259780918877,ok,0,10,8,0.0
chb05,chb05_17.edf,2700.0,2704.0,1.0,0.175,65,0.48620003231413916,ok,0,12,9,0.0
chb05,chb05_17.edf,2700.0,2704.0,1.0,0.175,66,1.3756822323974554,ok,0,13,11,0.0
chb05,chb05_17.edf,2700.0,2704.0,1.0,0.175,67,1.0067830609804835,ok,0,9,8,0.0
chb05,chb05_17.edf,2700.0,2704.0,1.0,0.175,68,1.4403478634378917,ok,0,12,10,0.0
chb05,chb05_17.edf,2700.0,2704.0,1.0,0.175,69,1.0610836315798138,ok,0,8,5,0.0
chb05,chb05_17.edf,2700.0,2704.0,1.0,0.175,70,0.981919803246944,ok,0,12,11,0.0
chb05,chb05_17.edf,2700.0,2704.0,1.0,0.175,71,1.7937447317653397,ok,0,10,8,0.0
chb05,chb05_17.edf,2700.0,2704.0,1.0,0.175,72,0.1692486635019696,ok,0,6,5,0.0
chb05,chb05_17.edf,2700.0,2704.0,1.0,0.175,73,0.633210528326421,ok,0,10,9,0.0
chb05,chb05_17.edf,2700.0,2704.0,1.0,0.175,74,0.6459406006850896,ok,0,11,10,0.0
chb05,chb05_17.edf,2700.0,2704.0,1.0,0.175,75,1.5723762842569506,ok,0,9,7,0.0
chb05,chb05_17.edf,2700.0,2704.0,1.0,0.175,76,0.22553402254439306,ok,0,12,11,0.0
chb05,chb05_17.edf,2700.0,2704.0,1.0,0.175,77,1.2528142679486385,ok,0,10,9,0.0
chb05,chb05_17.edf,2700.0,2704.0,1.0,0.175,78,2.0008167178077203,ok,0,11,10,0.0
chb05,chb05_17.edf,2700.0,2704.0,1.0,0.175,79,0.1609368397508929,ok,0,7,6,0.0
chb05,chb05_17.edf,2700.0,2704.0,1.0,0.175,80,0.7001723173641382,ok,0,11,9,0.0
chb05,chb05_17.edf,2700.0,2704.0,1.0,0.175,81,1.3218647883394035,ok,0,10,8,0.0
chb05,chb05_17.edf,2700.0,2704.0,1.0,0.35,62,0.8207228509784782,ok,0,12,11,0.0
chb05,chb05_17.edf,2700.0,2704.0,1.0,0.35,63,0.14655956456718455,ok,0,8,7,0.0
chb05,chb05_17.edf,2700.0,2704.0,1.0,0.35,64,0.17599259780918877,ok,0,10,8,0.0
chb05,chb05_17.edf,2700.0,2704.0,1.0,0.35,65,0.48620003231413916,ok,0,12,9,0.0
chb05,chb05_17.edf,2700.0,2704.0,1.0,0.35,66,1.3756822323974554,ok,0,13,11,0.0
chb05,chb05_17.edf,2700.0,2704.0,1.0,0.35,67,1.0067830609804835,ok,0,9,8,0.0
chb05,chb05_17.edf,2700.0,2704.0,1.0,0.35,68,1.4038442313024748,ok,0,11,9,0.0
chb05,chb05_17.edf,2700.0,2704.0,1.0,0.35,69,1.0395113507931704,ok,0,8,6,0.0
chb05,chb05_17.edf,2700.0,2704.0,1.0,0.35,70,0.981919803246944,ok,0,12,11,0.0
chb05,chb05_17.edf,2700.0,2704.0,1.0,0.35,71,1.5044352721547924,ok,0,13,11,0.0
chb05,chb05_17.edf,2700.0,2704.0,1.0,0.35,72,0.1692486635019696,ok,0,6,5,0.0
chb05,chb05_17.edf,2700.0,2704.0,1.0,0.35,73,0.6459001231076539,ok,0,9,8,0.0
chb05,chb05_17.edf,2700.0,2704.0,1.0,0.35,74,0.6459406006850896,ok,0,11,10,0.0
chb05,chb05_17.edf,2700.0,2704.0,1.0,0.35,75,1.577872887193188,ok,0,10,8,0.0
chb05,chb05_17.edf,2700.0,2704.0,1.0,0.35,76,0.22553402254439306,ok,0,12,11,0.0
chb05,chb05_17.edf,2700.0,2704.0,1.0,0.35,77,1.2528142679486385,ok,0,10,9,0.0
chb05,chb05_17.edf,2700.0,2704.0,1.0,0.35,78,2.0009138479953363,ok,0,11,10,0.0
chb05,chb05_17.edf,2700.0,2704.0,1.0,0.35,79,0.1609368397508929,ok,0,7,6,0.0
chb05,chb05_17.edf,2700.0,2704.0,1.0,0.35,80,0.7001723173641382,ok,0,11,9,0.0
chb05,chb05_17.edf,2700.0,2704.0,1.0,0.35,81,1.3218647883394035,ok,0,10,8,0.0
chb05,chb05_17.edf,2700.0,2704.0,1.0,0.7,62,0.8989156717592871,ok,0,12,11,0.0
chb05,chb05_17.edf,2700.0,2704.0,1.0,0.7,63,0.19141100042806877,ok,0,8,7,0.0
chb05,chb05_17.edf,2700.0,2704.0,1.0,0.7,64,0.3241389292311979,ok,0,9,8,0.0
chb05,chb05_17.edf,2700.0,2704.0,1.0,0.7,65,0.48620003231413916,ok,0,12,9,0.0
chb05,chb05_17.edf,2700.0,2704.0,1.0,0.7,66,1.4564189571559032,ok,0,14,12,0.0
chb05,chb05_17.edf,2700.0,2704.0,1.0,0.7,67,1.0099012953064177,ok,0,9,8,0.0
chb05,chb05_17.edf,2700.0,2704.0,1.0,0.7,68,1.4038442313024748,ok,0,11,9,0.0
chb05,chb05_17.edf,2700.0,2704.0,1.0,0.7,69,1.074383694305936,ok,0,9,8,0.0
chb05,chb05_17.edf,2700.0,2704.0,1.0,0.7,70,0.9779540002225692,ok,0,12,11,0.0
chb05,chb05_17.edf,2700.0,2704.0,1.0,0.7,71,1.5044352721547924,ok,0,13,11,0.0
chb05,chb05_17.edf,2700.0,2704.0,1.0,0.7,72,1.6452873158340349,ok,0,7,6,0.0
chb05,chb05_17.edf,2700.0,2704.0,1.0,0.7,73,0.6789278425369483,ok,0,9,8,0.0
chb05,chb05_17.edf,2700.0,2704.0,1.0,0.7,74,0.5991077633995908,ok,0,11,9,0.0
chb05,chb05_17.edf,2700.0,2704.0,1.0,0.7,75,1.5788340725348726,ok,0,10,8,0.0
chb05,chb05_17.edf,2700.0,2704.0,1.0,0.7,76,0.2323028630630817,ok,0,10,9,0.0
chb05,chb05_17.edf,2700.0,2704.0,1.0,0.7,77,1.2528142679486385,ok,0,10,9,0.0
chb05,chb05_17.edf,2700.0,2704.0,1.0,0.7,78,1.9437086658613263,ok,0,10,9,0.0
chb05,chb05_17.edf,2700.0,2704.0,1.0,0.7,79,0.6660998123404629,ok,0,8,7,0.0
chb05,chb05_17.edf,2700.0,2704.0,1.0,0.7,80,0.6865578344552838,ok,0,10,8,0.0
chb05,chb05_17.edf,2700.0,2704.0,1.0,0.7,81,1.172313238099287,ok,0,9,7,0.0
chb05,chb05_22.edf,904.0,908.0,0.25,0.0,62,0.6171842911523988,ok,0,10,9,0.0
chb05,chb05_22.edf,904.0,908.0,0.25,0.0,63,2.043747370146671,ok,0,9,8,0.0
chb05,chb05_22.edf,904.0,908.0,0.25,0.0,64,0.8756532617719204,ok,0,9,8,0.0
chb05,chb05_22.edf,904.0,908.0,0.25,0.0,65,0.9667718123938864,ok,0,11,10,0.0
chb05,chb05_22.edf,904.0,908.0,0.25,0.0,66,0.3631787913269073,ok,0,11,9,0.0
chb05,chb05_22.edf,904.0,908.0,0.25,0.0,67,0.8092054221906116,ok,0,11,9,0.0
chb05,chb05_22.edf,904.0,908.0,0.25,0.0,68,0.9681035064574081,ok,0,9,8,0.0
chb05,chb05_22.edf,904.0,908.0,0.25,0.0,69,1.241548694349417,ok,0,10,8,0.0
chb05,chb05_22.edf,904.0,908.0,0.25,0.0,70,0.2793983295119334,ok,0,9,8,0.0
chb05,chb05_22.edf,904.0,908.0,0.25,0.0,71,1.5904417843670142,ok,0,12,11,0.0
chb05,chb05_22.edf,904.0,908.0,0.25,0.0,72,0.9990557900479503,ok,0,11,9,0.0
chb05,chb05_22.edf,904.0,908.0,0.25,0.0,73,0.4814093715175572,ok,0,8,7,0.0
chb05,chb05_22.edf,904.0,908.0,0.25,0.0,74,0.6162790697674418,ok,0,11,8,0.0
chb05,chb05_22.edf,904.0,908.0,0.25,0.0,75,0.35394981220923855,ok,0,12,11,0.0
chb05,chb05_22.edf,904.0,908.0,0.25,0.0,76,0.3909772130214703,ok,0,12,11,0.0
chb05,chb05_22.edf,904.0,908.0,0.25,0.0,77,0.9447730595988872,ok,0,6,4,0.0
chb05,chb05_22.edf,904.0,908.0,0.25,0.0,78,1.3483863463099397,ok,0,11,10,0.0
chb05,chb05_22.edf,904.0,908.0,0.25,0.0,79,0.1609368397508929,ok,0,7,6,0.0
chb05,chb05_22.edf,904.0,908.0,0.25,0.0,80,0.1797136108456547,ok,0,12,10,0.0
chb05,chb05_22.edf,904.0,908.0,0.25,0.0,81,1.4033891062507988,ok,0,10,7,0.0
chb05,chb05_22.edf,904.0,908.0,0.25,0.175,62,0.7728096094960322,ok,0,9,8,0.0
chb05,chb05_22.edf,904.0,908.0,0.25,0.175,63,2.043813729291342,ok,0,9,8,0.0
chb05,chb05_22.edf,904.0,908.0,0.25,0.175,64,0.8756532617719204,ok,0,9,8,0.0
chb05,chb05_22.edf,904.0,908.0,0.25,0.175,65,0.9667718123938864,ok,0,11,10,0.0
chb05,chb05_22.edf,904.0,908.0,0.25,0.175,66,0.3455869941264749,ok,0,11,9,0.0
chb05,chb05_22.edf,904.0,908.0,0.25,0.175,67,0.7837496720494512,ok,0,11,9,0.0
chb05,chb05_22.edf,904.0,908.0,0.25,0.175,68,1.0405659570829988,ok,0,10,9,0.0
chb05,chb05_22.edf,904.0,908.0,0.25,0.175,69,1.1764082802397795,ok,0,9,7,0.0
chb05,chb05_22.edf,904.0,908.0,0.25,0.175,70,0.2793983295119334,ok,0,9,8,0.0
chb05,chb05_22.edf,904.0,908.0,0.25,0.175,71,1.529316310105233,ok,0,12,10,0.0
chb05,chb05_22.edf,904.0,908.0,0.25,0.175,72,1.0189295409461563,ok,0,10,8,0.0
chb05,chb05_22.edf,904.0,908.0,0.25,0.175,73,0.46067732290996943,ok,0,9,8,0.0
chb05,chb05_22.edf,904.0,908.0,0.25,0.175,74,0.360793174048842,ok,0,12,9,0.0
chb05,chb05_22.edf,904.0,908.0,0.25,0.175,75,0.35394981220923855,ok,0,12,11,0.0
chb05,chb05_22.edf,904.0,908.0,0.25,0.175,76,0.3909772130214703,ok,0,12,11,0.0
chb05,chb05_22.edf,904.0,908.0,0.25,0.175,77,0.9447730595988872,ok,0,6,4,0.0
chb05,chb05_22.edf,904.0,908.0,0.25,0.175,78,1.3375994849949673,ok,0,11,10,0.0
chb05,chb05_22.edf,904.0,908.0,0.25,0.175,79,0.1609368397508929,ok,0,7,6,0.0
chb05,chb05_22.edf,904.0,908.0,0.25,0.175,80,0.07514341600848125,ok,0,13,11,0.0
chb05,chb05_22.edf,904.0,908.0,0.25,0.175,81,1.3951320693161031,ok,0,9,8,0.0
chb05,chb05_22.edf,904.0,908.0,0.25,0.35,62,0.8722829118014276,ok,0,10,9,0.0
chb05,chb05_22.edf,904.0,908.0,0.25,0.35,63,2.0343025634694656,ok,0,9,8,0.0
chb05,chb05_22.edf,904.0,908.0,0.25,0.35,64,0.8389675056960124,ok,0,9,8,0.0
chb05,chb05_22.edf,904.0,908.0,0.25,0.35,65,0.9667718123938864,ok,0,11,10,0.0
chb05,chb05_22.edf,904.0,908.0,0.25,0.35,66,0.3514498886738604,ok,0,11,9,0.0
chb05,chb05_22.edf,904.0,908.0,0.25,0.35,67,0.7843957830452922,ok,0,11,9,0.0
chb05,chb05_22.edf,904.0,908.0,0.25,0.35,68,0.9689869528539452,ok,0,9,8,0.0
chb05,chb05_22.edf,904.0,908.0,0.25,0.35,69,1.062607072954729,ok,0,9,6,0.0
chb05,chb05_22.edf,904.0,908.0,0.25,0.35,70,0.2793983295119334,ok,0,9,8,0.0
chb05,chb05_22.edf,904.0,908.0,0.25,0.35,71,1.529316310105233,ok,0,12,10,0.0
chb05,chb05_22.edf,904.0,908.0,0.25,0.35,72,1.0654068987355023,ok,0,11,10,0.0
chb05,chb05_22.edf,904.0,908.0,0.25,0.35,73,0.49469908800957313,ok,0,9,8,0.0
chb05,chb05_22.edf,904.0,908.0,0.25,0.35,74,0.3537684401529372,ok,0,12,9,0.0
chb05,chb05_22.edf,904.0,908.0,0.25,0.35,75,0.3236750588236209,ok,0,11,10,0.0
chb05,chb05_22.edf,904.0,908.0,0.25,0.35,76,0.40233982480049485,ok,0,12,11,0.0
chb05,chb05_22.edf,904.0,908.0,0.25,0.35,77,0.9447730595988872,ok,0,6,4,0.0
chb05,chb05_22.edf,904.0,908.0,0.25,0.35,78,1.3346420231553129,ok,0,11,10,0.0
chb05,chb05_22.edf,904.0,908.0,0.25,0.35,79,0.1609368397508929,ok,0,7,6,0.0
chb05,chb05_22.edf,904.0,908.0,0.25,0.35,80,0.07514341600848125,ok,0,13,11,0.0
chb05,chb05_22.edf,904.0,908.0,0.25,0.35,81,1.3951320693161031,ok,0,9,8,0.0
chb05,chb05_22.edf,904.0,908.0,0.25,0.7,62,0.9259522543721844,ok,0,7,6,0.0
chb05,chb05_22.edf,904.0,908.0,0.25,0.7,63,1.9960762181869232,ok,0,10,9,0.0
chb05,chb05_22.edf,904.0,908.0,0.25,0.7,64,0.8764081234365304,ok,0,11,10,0.0
chb05,chb05_22.edf,904.0,908.0,0.25,0.7,65,0.7258402808966261,ok,0,10,9,0.0
chb05,chb05_22.edf,904.0,908.0,0.25,0.7,66,0.3514498886738604,ok,0,11,9,0.0
chb05,chb05_22.edf,904.0,908.0,0.25,0.7,67,0.46932387470237563,ok,0,11,10,0.0
chb05,chb05_22.edf,904.0,908.0,0.25,0.7,68,1.0023563517703757,ok,0,9,8,0.0
chb05,chb05_22.edf,904.0,908.0,0.25,0.7,69,1.1409701947525248,ok,0,10,7,0.0
chb05,chb05_22.edf,904.0,908.0,0.25,0.7,70,0.21550866743222294,ok,0,9,8,0.0
chb05,chb05_22.edf,904.0,908.0,0.25,0.7,71,1.2375988352063478,ok,0,12,10,0.0
chb05,chb05_22.edf,904.0,908.0,0.25,0.7,72,0.8446351128708501,ok,0,11,10,0.0
chb05,chb05_22.edf,904.0,908.0,0.25,0.7,73,0.4919683028265136,ok,0,9,8,0.0
chb05,chb05_22.edf,904.0,908.0,0.25,0.7,74,0.4682902132667517,ok,0,11,9,0.0
chb05,chb05_22.edf,904.0,908.0,0.25,0.7,75,0.38270974636830485,ok,0,10,9,0.0
chb05,chb05_22.edf,904.0,908.0,0.25,0.7,76,0.5153696628736276,ok,0,13,12,0.0
chb05,chb05_22.edf,904.0,908.0,0.25,0.7,77,0.5586580039989572,ok,0,7,5,0.0
chb05,chb05_22.edf,904.0,908.0,0.25,0.7,78,1.0972547458779973,ok,0,11,8,0.0
chb05,chb05_22.edf,904.0,908.0,0.25,0.7,79,0.1878077787684282,ok,0,7,6,0.0
chb05,chb05_22.edf,904.0,908.0,0.25,0.7,80,0.07833282205711414,ok,0,13,11,0.0
chb05,chb05_22.edf,904.0,908.0,0.25,0.7,81,1.2922217133765161,ok,0,11,10,0.0
chb05,chb05_22.edf,904.0,908.0,0.5,0.0,62,0.5712931377579745,ok,0,12,11,0.0
chb05,chb05_22.edf,904.0,908.0,0.5,0.0,63,0.16726057798219393,ok,0,8,7,0.0
chb05,chb05_22.edf,904.0,908.0,0.5,0.0,64,0.19637001542360058,ok,0,9,8,0.0
chb05,chb05_22.edf,904.0,908.0,0.5,0.0,65,0.546024803519956,ok,0,10,8,0.0
chb05,chb05_22.edf,904.0,908.0,0.5,0.0,66,0.3428004452807938,ok,0,11,9,0.0
chb05,chb05_22.edf,904.0,908.0,0.5,0.0,67,0.9454773281444654,ok,0,7,6,0.0
chb05,chb05_22.edf,904.0,908.0,0.5,0.0,68,1.2291207868644798,ok,0,12,11,0.0
chb05,chb05_22.edf,904.0,908.0,0.5,0.0,69,1.1682562182790923,ok,0,9,7,0.0
chb05,chb05_22.edf,904.0,908.0,0.5,0.0,70,0.5111811702061327,ok,0,14,13,0.0
chb05,chb05_22.edf,904.0,908.0,0.5,0.0,71,1.8179982256514546,ok,0,11,9,0.0
chb05,chb05_22.edf,904.0,908.0,0.5,0.0,72,0.18642507739616473,ok,0,6,5,0.0
chb05,chb05_22.edf,904.0,908.0,0.5,0.0,73,0.6286253346157429,ok,0,10,9,0.0
chb05,chb05_22.edf,904.0,908.0,0.5,0.0,74,0.6476197533905482,ok,0,9,7,0.0
chb05,chb05_22.edf,904.0,908.0,0.5,0.0,75,0.9626906857352386,ok,0,12,10,0.0
chb05,chb05_22.edf,904.0,908.0,0.5,0.0,76,0.48840569686484475,ok,0,10,9,0.0
chb05,chb05_22.edf,904.0,908.0,0.5,0.0,77,1.4397992123948258,ok,0,10,9,0.0
chb05,chb05_22.edf,904.0,908.0,0.5,0.0,78,0.8783739115481473,ok,0,10,9,0.0
chb05,chb05_22.edf,904.0,908.0,0.5,0.0,79,0.6660998123404629,ok,0,8,7,0.0
chb05,chb05_22.edf,904.0,908.0,0.5,0.0,80,0.48943288169382493,ok,0,10,8,0.0
chb05,chb05_22.edf,904.0,908.0,0.5,0.0,81,1.3487816138931745,ok,0,10,9,0.0
chb05,chb05_22.edf,904.0,908.0,0.5,0.175,62,0.6247625205808374,ok,0,13,12,0.0
chb05,chb05_22.edf,904.0,908.0,0.5,0.175,63,0.16726057798219393,ok,0,8,7,0.0
chb05,chb05_22.edf,904.0,908.0,0.5,0.175,64,0.19637001542360058,ok,0,9,8,0.0
chb05,chb05_22.edf,904.0,908.0,0.5,0.175,65,0.5518250131061467,ok,0,10,8,0.0
chb05,chb05_22.edf,904.0,908.0,0.5,0.175,66,0.3455869941264749,ok,0,11,9,0.0
chb05,chb05_22.edf,904.0,908.0,0.5,0.175,67,0.9454773281444654,ok,0,7,6,0.0
chb05,chb05_22.edf,904.0,908.0,0.5,0.175,68,1.2291207868644798,ok,0,12,11,0.0
chb05,chb05_22.edf,904.0,908.0,0.5,0.175,69,1.1682562182790923,ok,0,9,7,0.0
chb05,chb05_22.edf,904.0,908.0,0.5,0.175,70,0.509154547108042,ok,0,14,13,0.0
chb05,chb05_22.edf,904.0,908.0,0.5,0.175,71,1.8179982256514546,ok,0,11,9,0.0
chb05,chb05_22.edf,904.0,908.0,0.5,0.175,72,0.18642507739616473,ok,0,6,5,0.0
chb05,chb05_22.edf,904.0,908.0,0.5,0.175,73,0.6286253346157429,ok,0,10,9,0.0
chb05,chb05_22.edf,904.0,908.0,0.5,0.175,74,0.655280757217913,ok,0,10,8,0.0
chb05,chb05_22.edf,904.0,908.0,0.5,0.175,75,0.9626906857352386,ok,0,12,10,0.0
chb05,chb05_22.edf,904.0,908.0,0.5,0.175,76,0.3297550339148682,ok,0,11,10,0.0
chb05,chb05_22.edf,904.0,908.0,0.5,0.175,77,1.4397992123948258,ok,0,10,9,0.0
chb05,chb05_22.edf,904.0,908.0,0.5,0.175,78,0.8764622074007292,ok,0,10,9,0.0
chb05,chb05_22.edf,904.0,908.0,0.5,0.175,79,0.6660998123404629,ok,0,8,7,0.0
chb05,chb05_22.edf,904.0,908.0,0.5,0.175,80,0.48943288169382493,ok,0,10,8,0.0
chb05,chb05_22.edf,904.0,908.0,0.5,0.175,81,1.3487816138931745,ok,0,10,9,0.0
chb05,chb05_22.edf,904.0,908.0,0.5,0.35,62,0.6243861421869571,ok,0,13,12,0.0
chb05,chb05_22.edf,904.0,908.0,0.5,0.35,63,0.20805116380691183,ok,0,8,7,0.0
chb05,chb05_22.edf,904.0,908.0,0.5,0.35,64,0.19637001542360058,ok,0,9,8,0.0
chb05,chb05_22.edf,904.0,908.0,0.5,0.35,65,0.5518250131061467,ok,0,10,8,0.0
chb05,chb05_22.edf,904.0,908.0,0.5,0.35,66,0.3455869941264749,ok,0,11,9,0.0
chb05,chb05_22.edf,904.0,908.0,0.5,0.35,67,0.8328027541345915,ok,0,6,5,0.0
chb05,chb05_22.edf,904.0,908.0,0.5,0.35,68,1.2291207868644798,ok,0,12,11,0.0
chb05,chb05_22.edf,904.0,908.0,0.5,0.35,69,1.1682562182790923,ok,0,9,7,0.0
chb05,chb05_22.edf,904.0,908.0,0.5,0.35,70,0.509154547108042,ok,0,14,13,0.0
chb05,chb05_22.edf,904.0,908.0,0.5,0.35,71,1.7937447317653397,ok,0,10,8,0.0
chb05,chb05_22.edf,904.0,908.0,0.5,0.35,72,0.18642507739616473,ok,0,6,5,0.0
chb05,chb05_22.edf,904.0,908.0,0.5,0.35,73,0.660765095154047,ok,0,10,9,0.0
chb05,chb05_22.edf,904.0,908.0,0.5,0.35,74,0.6465851609355767,ok,0,10,8,0.0
chb05,chb05_22.edf,904.0,908.0,0.5,0.35,75,0.9109122904933337,ok,0,11,10,0.0
chb05,chb05_22.edf,904.0,908.0,0.5,0.35,76,0.33053599871445877,ok,0,11,10,0.0
chb05,chb05_22.edf,904.0,908.0,0.5,0.35,77,1.4411112863013182,ok,0,10,9,0.0
chb05,chb05_22.edf,904.0,908.0,0.5,0.35,78,0.5488517291551781,ok,0,11,10,0.0
chb05,chb05_22.edf,904.0,908.0,0.5,0.35,79,0.669320371720449,ok,0,8,7,0.0
chb05,chb05_22.edf,904.0,908.0,0.5,0.35,80,0.48943288169382493,ok,0,10,8,0.0
chb05,chb05_22.edf,904.0,908.0,0.5,0.35,81,1.3485722789127093,ok,0,10,9,0.0
chb05,chb05_22.edf,904.0,908.0,0.5,0.7,62,0.6243861421869571,ok,0,13,12,0.0
chb05,chb05_22.edf,904.0,908.0,0.5,0.7,63,0.23192694194360075,ok,0,9,8,0.0
chb05,chb05_22.edf,904.0,908.0,0.5,0.7,64,0.19637001542360058,ok,0,9,8,0.0
chb05,chb05_22.edf,904.0,908.0,0.5,0.7,65,0.641793348640847,ok,0,9,7,0.0
chb05,chb05_22.edf,904.0,908.0,0.5,0.7,66,0.3455869941264749,ok,0,11,9,0.0
chb05,chb05_22.edf,904.0,908.0,0.5,0.7,67,0.8635900820828792,ok,0,7,6,0.0
chb05,chb05_22.edf,904.0,908.0,0.5,0.7,68,1.2786026648680127,ok,0,13,12,0.0
chb05,chb05_22.edf,904.0,908.0,0.5,0.7,69,1.2854123832109607,ok,0,10,8,0.0
chb05,chb05_22.edf,904.0,908.0,0.5,0.7,70,0.49651175040105844,ok,0,14,13,0.0
chb05,chb05_22.edf,904.0,908.0,0.5,0.7,71,1.7937447317653397,ok,0,10,8,0.0
chb05,chb05_22.edf,904.0,908.0,0.5,0.7,72,0.9296422663357976,ok,0,8,7,0.0
chb05,chb05_22.edf,904.0,908.0,0.5,0.7,73,0.660765095154047,ok,0,10,9,0.0
chb05,chb05_22.edf,904.0,908.0,0.5,0.7,74,0.6433463815154445,ok,0,10,8,0.0
chb05,chb05_22.edf,904.0,908.0,0.5,0.7,75,0.7195446601445866,ok,0,11,10,0.0
chb05,chb05_22.edf,904.0,908.0,0.5,0.7,76,0.1990400969414694,ok,0,11,10,0.0
chb05,chb05_22.edf,904.0,908.0,0.5,0.7,77,0.19247394885516125,ok,0,9,8,0.0
chb05,chb05_22.edf,904.0,908.0,0.5,0.7,78,0.5148495555804253,ok,0,10,9,0.0
chb05,chb05_22.edf,904.0,908.0,0.5,0.7,79,0.1878077787684282,ok,0,7,6,0.0
chb05,chb05_22.edf,904.0,908.0,0.5,0.7,80,0.5698123727559143,ok,0,10,8,0.0
chb05,chb05_22.edf,904.0,908.0,0.5,0.7,81,1.2717281243691743,ok,0,11,10,0.0
chb05,chb05_22.edf,904.0,908.0,1.0,0.0,62,0.7743914046997703,ok,0,11,10,0.0
chb05,chb05_22.edf,904.0,908.0,1.0,0.0,63,0.21488489744161204,ok,0,8,7,0.0
chb05,chb05_22.edf,904.0,908.0,1.0,0.0,64,0.17192047651837583,ok,0,10,9,0.0
chb05,chb05_22.edf,904.0,908.0,1.0,0.0,65,0.48620003231413916,ok,0,12,9,0.0
chb05,chb05_22.edf,904.0,908.0,1.0,0.0,66,1.3756822323974554,ok,0,13,11,0.0
chb05,chb05_22.edf,904.0,908.0,1.0,0.0,67,1.0067830609804835,ok,0,9,8,0.0
chb05,chb05_22.edf,904.0,908.0,1.0,0.0,68,1.5176810316646947,ok,0,13,11,0.0
chb05,chb05_22.edf,904.0,908.0,1.0,0.0,69,1.0610836315798138,ok,0,8,5,0.0
chb05,chb05_22.edf,904.0,908.0,1.0,0.0,70,0.981919803246944,ok,0,12,11,0.0
chb05,chb05_22.edf,904.0,908.0,1.0,0.0,71,1.7937447317653397,ok,0,10,8,0.0
chb05,chb05_22.edf,904.0,908.0,1.0,0.0,72,0.18642507739616473,ok,0,6,5,0.0
chb05,chb05_22.edf,904.0,908.0,1.0,0.0,73,0.5987516059102022,ok,0,9,8,0.0
chb05,chb05_22.edf,904.0,908.0,1.0,0.0,74,0.6443582292066723,ok,0,11,10,0.0
chb05,chb05_22.edf,904.0,908.0,1.0,0.0,75,1.65888681246551,ok,0,10,7,0.0
chb05,chb05_22.edf,904.0,908.0,1.0,0.0,76,0.22553402254439306,ok,0,12,11,0.0
chb05,chb05_22.edf,904.0,908.0,1.0,0.0,77,1.261454559020981,ok,0,10,9,0.0
chb05,chb05_22.edf,904.0,908.0,1.0,0.0,78,1.9856992051961986,ok,0,12,11,0.0
chb05,chb05_22.edf,904.0,908.0,1.0,0.0,79,0.1609368397508929,ok,0,7,6,0.0
chb05,chb05_22.edf,904.0,908.0,1.0,0.0,80,0.8375512923759941,ok,0,11,9,0.0
chb05,chb05_22.edf,904.0,908.0,1.0,0.0,81,1.3218647883394035,ok,0,10,8,0.0
chb05,chb05_22.edf,904.0,908.0,1.0,0.175,62,0.7718735348950996,ok,0,11,10,0.0
chb05,chb05_22.edf,904.0,908.0,1.0,0.175,63,0.21488489744161204,ok,0,8,7,0.0
chb05,chb05_22.edf,904.0,908.0,1.0,0.175,64,0.17192047651837583,ok,0,10,9,0.0
chb05,chb05_22.edf,904.0,908.0,1.0,0.175,65,0.48620003231413916,ok,0,12,9,0.0
chb05,chb05_22.edf,904.0,908.0,1.0,0.175,66,1.3756822323974554,ok,0,13,11,0.0
chb05,chb05_22.edf,904.0,908.0,1.0,0.175,67,1.0067830609804835,ok,0,9,8,0.0
chb05,chb05_22.edf,904.0,908.0,1.0,0.175,68,1.5176810316646947,ok,0,13,11,0.0
chb05,chb05_22.edf,904.0,908.0,1.0,0.175,69,1.0610836315798138,ok,0,8,5,0.0
chb05,chb05_22.edf,904.0,908.0,1.0,0.175,70,0.981919803246944,ok,0,12,11,0.0
chb05,chb05_22.edf,904.0,908.0,1.0,0.175,71,1.7937447317653397,ok,0,10,8,0.0
chb05,chb05_22.edf,904.0,908.0,1.0,0.175,72,0.18642507739616473,ok,0,6,5,0.0
chb05,chb05_22.edf,904.0,908.0,1.0,0.175,73,0.633210528326421,ok,0,10,9,0.0
chb05,chb05_22.edf,904.0,908.0,1.0,0.175,74,0.6443582292066723,ok,0,11,10,0.0
chb05,chb05_22.edf,904.0,908.0,1.0,0.175,75,1.65888681246551,ok,0,10,7,0.0
chb05,chb05_22.edf,904.0,908.0,1.0,0.175,76,0.22553402254439306,ok,0,12,11,0.0
chb05,chb05_22.edf,904.0,908.0,1.0,0.175,77,1.1993834364071327,ok,0,9,8,0.0
chb05,chb05_22.edf,904.0,908.0,1.0,0.175,78,1.9856992051961986,ok,0,12,11,0.0
chb05,chb05_22.edf,904.0,908.0,1.0,0.175,79,0.1609368397508929,ok,0,7,6,0.0
chb05,chb05_22.edf,904.0,908.0,1.0,0.175,80,0.9244954663863411,ok,0,10,8,0.0
chb05,chb05_22.edf,904.0,908.0,1.0,0.175,81,1.3218647883394035,ok,0,10,8,0.0
chb05,chb05_22.edf,904.0,908.0,1.0,0.35,62,0.7718735348950996,ok,0,11,10,0.0
chb05,chb05_22.edf,904.0,908.0,1.0,0.35,63,0.21488489744161204,ok,0,8,7,0.0
chb05,chb05_22.edf,904.0,908.0,1.0,0.35,64,0.17192047651837583,ok,0,10,9,0.0
chb05,chb05_22.edf,904.0,908.0,1.0,0.35,65,0.48620003231413916,ok,0,12,9,0.0
chb05,chb05_22.edf,904.0,908.0,1.0,0.35,66,1.3756822323974554,ok,0,13,11,0.0
chb05,chb05_22.edf,904.0,908.0,1.0,0.35,67,1.0067830609804835,ok,0,9,8,0.0
chb05,chb05_22.edf,904.0,908.0,1.0,0.35,68,1.5176810316646947,ok,0,13,11,0.0
chb05,chb05_22.edf,904.0,908.0,1.0,0.35,69,1.062607072954729,ok,0,9,6,0.0
chb05,chb05_22.edf,904.0,908.0,1.0,0.35,70,0.981919803246944,ok,0,12,11,0.0
chb05,chb05_22.edf,904.0,908.0,1.0,0.35,71,1.7937447317653397,ok,0,10,8,0.0
chb05,chb05_22.edf,904.0,908.0,1.0,0.35,72,0.1692486635019696,ok,0,6,5,0.0
chb05,chb05_22.edf,904.0,908.0,1.0,0.35,73,0.6742779672577288,ok,0,11,10,0.0
chb05,chb05_22.edf,904.0,908.0,1.0,0.35,74,0.557180491989915,ok,0,12,10,0.0
chb05,chb05_22.edf,904.0,908.0,1.0,0.35,75,1.65888681246551,ok,0,10,7,0.0
chb05,chb05_22.edf,904.0,908.0,1.0,0.35,76,0.22553402254439306,ok,0,12,11,0.0
chb05,chb05_22.edf,904.0,908.0,1.0,0.35,77,1.1993834364071327,ok,0,9,8,0.0
chb05,chb05_22.edf,904.0,908.0,1.0,0.35,78,1.8022055661311263,ok,0,11,9,0.0
chb05,chb05_22.edf,904.0,908.0,1.0,0.35,79,0.1609368397508929,ok,0,7,6,0.0
chb05,chb05_22.edf,904.0,908.0,1.0,0.35,80,0.9244954663863411,ok,0,10,8,0.0
chb05,chb05_22.edf,904.0,908.0,1.0,0.35,81,1.3218647883394035,ok,0,10,8,0.0
chb05,chb05_22.edf,904.0,908.0,1.0,0.7,62,0.7718735348950996,ok,0,11,10,0.0
chb05,chb05_22.edf,904.0,908.0,1.0,0.7,63,0.21488489744161204,ok,0,8,7,0.0
chb05,chb05_22.edf,904.0,908.0,1.0,0.7,64,0.17192047651837583,ok,0,10,9,0.0
chb05,chb05_22.edf,904.0,908.0,1.0,0.7,65,0.4351303559822154,ok,0,11,9,0.0
chb05,chb05_22.edf,904.0,908.0,1.0,0.7,66,1.3756822323974554,ok,0,13,11,0.0
chb05,chb05_22.edf,904.0,908.0,1.0,0.7,67,1.0574790141311938,ok,0,10,9,0.0
chb05,chb05_22.edf,904.0,908.0,1.0,0.7,68,0.2073097915140307,ok,0,12,10,0.0
chb05,chb05_22.edf,904.0,908.0,1.0,0.7,69,1.062607072954729,ok,0,9,6,0.0
chb05,chb05_22.edf,904.0,908.0,1.0,0.7,70,0.5813807245015071,ok,0,13,12,0.0
chb05,chb05_22.edf,904.0,908.0,1.0,0.7,71,1.8006805731534377,ok,0,11,8,0.0
chb05,chb05_22.edf,904.0,908.0,1.0,0.7,72,0.8548957417956148,ok,0,7,6,0.0
chb05,chb05_22.edf,904.0,908.0,1.0,0.7,73,0.7089185188667039,ok,0,10,9,0.0
chb05,chb05_22.edf,904.0,908.0,1.0,0.7,74,0.5547323128906745,ok,0,12,10,0.0
chb05,chb05_22.edf,904.0,908.0,1.0,0.7,75,1.65888681246551,ok,0,9,7,0.0
chb05,chb05_22.edf,904.0,908.0,1.0,0.7,76,0.23249506462695024,ok,0,12,11,0.0
chb05,chb05_22.edf,904.0,908.0,1.0,0.7,77,1.191306170729188,ok,0,9,8,0.0
chb05,chb05_22.edf,904.0,908.0,1.0,0.7,78,1.8024333655932927,ok,0,11,9,0.0
chb05,chb05_22.edf,904.0,908.0,1.0,0.7,79,0.1878077787684282,ok,0,7,6,0.0
chb05,chb05_22.edf,904.0,908.0,1.0,0.7,80,1.023914834173508,ok,0,8,7,0.0
chb05,chb05_22.edf,904.0,908.0,1.0,0.7,81,1.3218647883394035,ok,0,10,8,0.0
chb05,chb05_22.edf,2700.0,2704.0,0.25,0.0,62,0.6171842911523988,ok,0,10,9,0.0
chb05,chb05_22.edf,2700.0,2704.0,0.25,0.0,63,2.043747370146671,ok,0,9,8,0.0
chb05,chb05_22.edf,2700.0,2704.0,0.25,0.0,64,0.8756532617719204,ok,0,9,8,0.0
chb05,chb05_22.edf,2700.0,2704.0,0.25,0.0,65,0.9667718123938864,ok,0,11,10,0.0
chb05,chb05_22.edf,2700.0,2704.0,0.25,0.0,66,0.3631787913269073,ok,0,11,9,0.0
chb05,chb05_22.edf,2700.0,2704.0,0.25,0.0,67,0.8092054221906116,ok,0,11,9,0.0
chb05,chb05_22.edf,2700.0,2704.0,0.25,0.0,68,0.9681035064574081,ok,0,9,8,0.0
chb05,chb05_22.edf,2700.0,2704.0,0.25,0.0,69,1.241548694349417,ok,0,10,8,0.0
chb05,chb05_22.edf,2700.0,2704.0,0.25,0.0,70,0.2793983295119334,ok,0,9,8,0.0
chb05,chb05_22.edf,2700.0,2704.0,0.25,0.0,71,1.5904417843670142,ok,0,12,11,0.0
chb05,chb05_22.edf,2700.0,2704.0,0.25,0.0,72,0.9990557900479503,ok,0,11,9,0.0
chb05,chb05_22.edf,2700.0,2704.0,0.25,0.0,73,0.4814093715175572,ok,0,8,7,0.0
chb05,chb05_22.edf,2700.0,2704.0,0.25,0.0,74,0.6162790697674418,ok,0,11,8,0.0
chb05,chb05_22.edf,2700.0,2704.0,0.25,0.0,75,0.35394981220923855,ok,0,12,11,0.0
chb05,chb05_22.edf,2700.0,2704.0,0.25,0.0,76,0.3909772130214703,ok,0,12,11,0.0
chb05,chb05_22.edf,2700.0,2704.0,0.25,0.0,77,0.9447730595988872,ok,0,6,4,0.0
chb05,chb05_22.edf,2700.0,2704.0,0.25,0.0,78,1.3483863463099397,ok,0,11,10,0.0
chb05,chb05_22.edf,2700.0,2704.0,0.25,0.0,79,0.1609368397508929,ok,0,7,6,0.0
chb05,chb05_22.edf,2700.0,2704.0,0.25,0.0,80,0.1797136108456547,ok,0,12,10,0.0
chb05,chb05_22.edf,2700.0,2704.0,0.25,0.0,81,1.4033891062507988,ok,0,10,7,0.0
chb05,chb05_22.edf,2700.0,2704.0,0.25,0.175,62,0.5312253998074805,ok,0,9,8,0.0
chb05,chb05_22.edf,2700.0,2704.0,0.25,0.175,63,2.043813729291342,ok,0,9,8,0.0
chb05,chb05_22.edf,2700.0,2704.0,0.25,0.175,64,0.8756532617719204,ok,0,9,8,0.0
chb05,chb05_22.edf,2700.0,2704.0,0.25,0.175,65,0.9667718123938864,ok,0,11,10,0.0
chb05,chb05_22.edf,2700.0,2704.0,0.25,0.175,66,0.3631787913269073,ok,0,11,9,0.0
chb05,chb05_22.edf,2700.0,2704.0,0.25,0.175,67,0.3032497609255295,ok,0,10,8,0.0
chb05,chb05_22.edf,2700.0,2704.0,0.25,0.175,68,0.9548224725295615,ok,0,9,8,0.0
chb05,chb05_22.edf,2700.0,2704.0,0.25,0.175,69,1.241548694349417,ok,0,10,8,0.0
chb05,chb05_22.edf,2700.0,2704.0,0.25,0.175,70,0.2793983295119334,ok,0,9,8,0.0
chb05,chb05_22.edf,2700.0,2704.0,0.25,0.175,71,1.5904417843670142,ok,0,12,11,0.0
chb05,chb05_22.edf,2700.0,2704.0,0.25,0.175,72,0.9990557900479503,ok,0,11,9,0.0
chb05,chb05_22.edf,2700.0,2704.0,0.25,0.175,73,0.46618135884896883,ok,0,9,8,0.0
chb05,chb05_22.edf,2700.0,2704.0,0.25,0.175,74,0.6162790697674418,ok,0,11,8,0.0
chb05,chb05_22.edf,2700.0,2704.0,0.25,0.175,75,0.35394981220923855,ok,0,12,11,0.0
chb05,chb05_22.edf,2700.0,2704.0,0.25,0.175,76,0.41685710561811734,ok,0,13,12,0.0
chb05,chb05_22.edf,2700.0,2704.0,0.25,0.175,77,0.9447730595988872,ok,0,6,4,0.0
chb05,chb05_22.edf,2700.0,2704.0,0.25,0.175,78,1.3483863463099397,ok,0,11,10,0.0
chb05,chb05_22.edf,2700.0,2704.0,0.25,0.175,79,0.1609368397508929,ok,0,7,6,0.0
chb05,chb05_22.edf,2700.0,2704.0,0.25,0.175,80,0.1797136108456547,ok,0,12,10,0.0
chb05,chb05_22.edf,2700.0,2704.0,0.25,0.175,81,1.3951320693161031,ok,0,9,8,0.0
chb05,chb05_22.edf,2700.0,2704.0,0.25,0.35,62,0.7663522187687828,ok,0,9,8,0.0
chb05,chb05_22.edf,2700.0,2704.0,0.25,0.35,63,2.0437246354997236,ok,0,9,8,0.0
chb05,chb05_22.edf,2700.0,2704.0,0.25,0.35,64,0.8756532617719204,ok,0,9,8,0.0
chb05,chb05_22.edf,2700.0,2704.0,0.25,0.35,65,0.9298094740999439,ok,0,10,9,0.0
chb05,chb05_22.edf,2700.0,2704.0,0.25,0.35,66,0.3631787913269073,ok,0,11,9,0.0
chb05,chb05_22.edf,2700.0,2704.0,0.25,0.35,67,0.284518002162493,ok,0,10,8,0.0
chb05,chb05_22.edf,2700.0,2704.0,0.25,0.35,68,0.9449318613013435,ok,0,9,8,0.0
chb05,chb05_22.edf,2700.0,2704.0,0.25,0.35,69,1.2226475253499225,ok,0,12,10,0.0
chb05,chb05_22.edf,2700.0,2704.0,0.25,0.35,70,0.2793983295119334,ok,0,9,8,0.0
chb05,chb05_22.edf,2700.0,2704.0,0.25,0.35,71,1.5904417843670142,ok,0,12,11,0.0
chb05,chb05_22.edf,2700.0,2704.0,0.25,0.35,72,0.9990557900479503,ok,0,11,9,0.0
chb05,chb05_22.edf,2700.0,2704.0,0.25,0.35,73,0.46618135884896883,ok,0,9,8,0.0
chb05,chb05_22.edf,2700.0,2704.0,0.25,0.35,74,0.5913448545192702,ok,0,11,8,0.0
chb05,chb05_22.edf,2700.0,2704.0,0.25,0.35,75,0.39215394067812964,ok,0,12,11,0.0
chb05,chb05_22.edf,2700.0,2704.0,0.25,0.35,76,0.4180133753040541,ok,0,13,12,0.0
chb05,chb05_22.edf,2700.0,2704.0,0.25,0.35,77,0.9447730595988872,ok,0,6,4,0.0
chb05,chb05_22.edf,2700.0,2704.0,0.25,0.35,78,1.731553258897058,ok,0,10,8,0.0
chb05,chb05_22.edf,2700.0,2704.0,0.25,0.35,79,0.1609368397508929,ok,0,7,6,0.0
chb05,chb05_22.edf,2700.0,2704.0,0.25,0.35,80,0.1837942037258171,ok,0,12,10,0.0
chb05,chb05_22.edf,2700.0,2704.0,0.25,0.35,81,1.3951320693161031,ok,0,9,8,0.0
chb05,chb05_22.edf,2700.0,2704.0,0.25,0.7,62,0.7896691546936849,ok,0,10,9,0.0
chb05,chb05_22.edf,2700.0,2704.0,0.25,0.7,63,2.0342137582071995,ok,0,9,8,0.0
chb05,chb05_22.edf,2700.0,2704.0,0.25,0.7,64,0.8806920558518212,ok,0,10,9,0.0
chb05,chb05_22.edf,2700.0,2704.0,0.25,0.7,65,0.8155041292701585,ok,0,11,10,0.0
chb05,chb05_22.edf,2700.0,2704.0,0.25,0.7,66,0.3631787913269073,ok,0,11,9,0.0
chb05,chb05_22.edf,2700.0,2704.0,0.25,0.7,67,0.238230263824482,ok,0,9,8,0.0
chb05,chb05_22.edf,2700.0,2704.0,0.25,0.7,68,1.0338458802164416,ok,0,8,7,0.0
chb05,chb05_22.edf,2700.0,2704.0,0.25,0.7,69,1.157245488782686,ok,0,12,9,0.0
chb05,chb05_22.edf,2700.0,2704.0,0.25,0.7,70,0.2793983295119334,ok,0,9,8,0.0
chb05,chb05_22.edf,2700.0,2704.0,0.25,0.7,71,1.5047277796735108,ok,0,12,10,0.0
chb05,chb05_22.edf,2700.0,2704.0,0.25,0.7,72,1.3406097676158106,ok,0,10,8,0.0
chb05,chb05_22.edf,2700.0,2704.0,0.25,0.7,73,0.43412582038709563,ok,0,9,8,0.0
chb05,chb05_22.edf,2700.0,2704.0,0.25,0.7,74,0.5297109443228076,ok,0,10,7,0.0
chb05,chb05_22.edf,2700.0,2704.0,0.25,0.7,75,0.39713903940976264,ok,0,12,11,0.0
chb05,chb05_22.edf,2700.0,2704.0,0.25,0.7,76,0.40203665583723436,ok,0,12,11,0.0
chb05,chb05_22.edf,2700.0,2704.0,0.25,0.7,77,0.8852927255301171,ok,0,6,4,0.0
chb05,chb05_22.edf,2700.0,2704.0,0.25,0.7,78,1.7319234582427936,ok,0,10,8,0.0
chb05,chb05_22.edf,2700.0,2704.0,0.25,0.7,79,0.2272301539919122,ok,0,7,5,0.0
chb05,chb05_22.edf,2700.0,2704.0,0.25,0.7,80,0.20222421968942184,ok,0,11,10,0.0
chb05,chb05_22.edf,2700.0,2704.0,0.25,0.7,81,1.3620700935944885,ok,0,8,7,0.0
chb05,chb05_22.edf,2700.0,2704.0,0.5,0.0,62,0.5712931377579745,ok,0,12,11,0.0
chb05,chb05_22.edf,2700.0,2704.0,0.5,0.0,63,0.16726057798219393,ok,0,8,7,0.0
chb05,chb05_22.edf,2700.0,2704.0,0.5,0.0,64,0.19637001542360058,ok,0,9,8,0.0
chb05,chb05_22.edf,2700.0,2704.0,0.5,0.0,65,0.546024803519956,ok,0,10,8,0.0
chb05,chb05_22.edf,2700.0,2704.0,0.5,0.0,66,0.3428004452807938,ok,0,11,9,0.0
chb05,chb05_22.edf,2700.0,2704.0,0.5,0.0,67,0.9454773281444654,ok,0,7,6,0.0
chb05,chb05_22.edf,2700.0,2704.0,0.5,0.0,68,1.2291207868644798,ok,0,12,11,0.0
chb05,chb05_22.edf,2700.0,2704.0,0.5,0.0,69,1.1682562182790923,ok,0,9,7,0.0
chb05,chb05_22.edf,2700.0,2704.0,0.5,0.0,70,0.5111811702061327,ok,0,14,13,0.0
chb05,chb05_22.edf,2700.0,2704.0,0.5,0.0,71,1.8179982256514546,ok,0,11,9,0.0
chb05,chb05_22.edf,2700.0,2704.0,0.5,0.0,72,0.18642507739616473,ok,0,6,5,0.0
chb05,chb05_22.edf,2700.0,2704.0,0.5,0.0,73,0.6286253346157429,ok,0,10,9,0.0
chb05,chb05_22.edf,2700.0,2704.0,0.5,0.0,74,0.6476197533905482,ok,0,9,7,0.0
chb05,chb05_22.edf,2700.0,2704.0,0.5,0.0,75,0.9626906857352386,ok,0,12,10,0.0
chb05,chb05_22.edf,2700.0,2704.0,0.5,0.0,76,0.48840569686484475,ok,0,10,9,0.0
chb05,chb05_22.edf,2700.0,2704.0,0.5,0.0,77,1.4397992123948258,ok,0,10,9,0.0
chb05,chb05_22.edf,2700.0,2704.0,0.5,0.0,78,0.8783739115481473,ok,0,10,9,0.0
chb05,chb05_22.edf,2700.0,2704.0,0.5,0.0,79,0.6660998123404629,ok,0,8,7,0.0
chb05,chb05_22.edf,2700.0,2704.0,0.5,0.0,80,0.48943288169382493,ok,0,10,8,0.0
chb05,chb05_22.edf,2700.0,2704.0,0.5,0.0,81,1.3487816138931745,ok,0,10,9,0.0
chb05,chb05_22.edf,2700.0,2704.0,0.5,0.175,62,0.5712931377579745,ok,0,12,11,0.0
chb05,chb05_22.edf,2700.0,2704.0,0.5,0.175,63,0.14655956456718455,ok,0,8,7,0.0
chb05,chb05_22.edf,2700.0,2704.0,0.5,0.175,64,0.33066737835270793,ok,0,10,9,0.0
chb05,chb05_22.edf,2700.0,2704.0,0.5,0.175,65,0.5518250131061467,ok,0,10,8,0.0
chb05,chb05_22.edf,2700.0,2704.0,0.5,0.175,66,0.3428004452807938,ok,0,11,9,0.0
chb05,chb05_22.edf,2700.0,2704.0,0.5,0.175,67,0.8103743068270468,ok,0,6,5,0.0
chb05,chb05_22.edf,2700.0,2704.0,0.5,0.175,68,1.2291207868644798,ok,0,12,11,0.0
chb05,chb05_22.edf,2700.0,2704.0,0.5,0.175,69,1.1682562182790923,ok,0,9,7,0.0
chb05,chb05_22.edf,2700.0,2704.0,0.5,0.175,70,0.509154547108042,ok,0,14,13,0.0
chb05,chb05_22.edf,2700.0,2704.0,0.5,0.175,71,1.8179982256514546,ok,0,11,9,0.0
chb05,chb05_22.edf,2700.0,2704.0,0.5,0.175,72,0.1586900018443984,ok,0,6,5,0.0
chb05,chb05_22.edf,2700.0,2704.0,0.5,0.175,73,0.6055742018279381,ok,0,9,8,0.0
chb05,chb05_22.edf,2700.0,2704.0,0.5,0.175,74,0.655280757217913,ok,0,10,8,0.0
chb05,chb05_22.edf,2700.0,2704.0,0.5,0.175,75,0.9304566943784026,ok,0,11,10,0.0
chb05,chb05_22.edf,2700.0,2704.0,0.5,0.175,76,0.49210873425856594,ok,0,10,9,0.0
chb05,chb05_22.edf,2700.0,2704.0,0.5,0.175,77,1.4397992123948258,ok,0,10,9,0.0
chb05,chb05_22.edf,2700.0,2704.0,0.5,0.175,78,0.842869542983464,ok,0,10,9,0.0
chb05,chb05_22.edf,2700.0,2704.0,0.5,0.175,79,0.6660998123404629,ok,0,8,7,0.0
chb05,chb05_22.edf,2700.0,2704.0,0.5,0.175,80,0.7001723173641382,ok,0,11,9,0.0
chb05,chb05_22.edf,2700.0,2704.0,0.5,0.175,81,1.3487816138931745,ok,0,10,9,0.0
chb05,chb05_22.edf,2700.0,2704.0,0.5,0.35,62,0.5688992462639272,ok,0,12,11,0.0
chb05,chb05_22.edf,2700.0,2704.0,0.5,0.35,63,0.14655956456718455,ok,0,8,7,0.0
chb05,chb05_22.edf,2700.0,2704.0,0.5,0.35,64,0.33066737835270793,ok,0,10,9,0.0
chb05,chb05_22.edf,2700.0,2704.0,0.5,0.35,65,0.5518250131061467,ok,0,10,8,0.0
chb05,chb05_22.edf,2700.0,2704.0,0.5,0.35,66,0.3428004452807938,ok,0,11,9,0.0
chb05,chb05_22.edf,2700.0,2704.0,0.5,0.35,67,0.8103743068270468,ok,0,6,5,0.0
chb05,chb05_22.edf,2700.0,2704.0,0.5,0.35,68,1.2291207868644798,ok,0,12,11,0.0
chb05,chb05_22.edf,2700.0,2704.0,0.5,0.35,69,1.2192157557534467,ok,0,10,8,0.0
chb05,chb05_22.edf,2700.0,2704.0,0.5,0.35,70,0.509154547108042,ok,0,14,13,0.0
chb05,chb05_22.edf,2700.0,2704.0,0.5,0.35,71,1.8179982256514546,ok,0,11,9,0.0
chb05,chb05_22.edf,2700.0,2704.0,0.5,0.35,72,0.15927485905071012,ok,0,6,5,0.0
chb05,chb05_22.edf,2700.0,2704.0,0.5,0.35,73,0.6055742018279381,ok,0,9,8,0.0
chb05,chb05_22.edf,2700.0,2704.0,0.5,0.35,74,0.655280757217913,ok,0,10,8,0.0
chb05,chb05_22.edf,2700.0,2704.0,0.5,0.35,75,0.8020740007320464,ok,0,12,11,0.0
chb05,chb05_22.edf,2700.0,2704.0,0.5,0.35,76,0.49210873425856594,ok,0,10,9,0.0
chb05,chb05_22.edf,2700.0,2704.0,0.5,0.35,77,1.4397992123948258,ok,0,10,9,0.0
chb05,chb05_22.edf,2700.0,2704.0,0.5,0.35,78,0.8443186321178225,ok,0,10,9,0.0
chb05,chb05_22.edf,2700.0,2704.0,0.5,0.35,79,0.6660998123404629,ok,0,8,7,0.0
chb05,chb05_22.edf,2700.0,2704.0,0.5,0.35,80,0.7001723173641382,ok,0,11,9,0.0
chb05,chb05_22.edf,2700.0,2704.0,0.5,0.35,81,1.3487816138931745,ok,0,10,9,0.0
chb05,chb05_22.edf,2700.0,2704.0,0.5,0.7,62,0.538025812469983,ok,0,12,11,0.0
chb05,chb05_22.edf,2700.0,2704.0,0.5,0.7,63,0.14655956456718455,ok,0,8,7,0.0
chb05,chb05_22.edf,2700.0,2704.0,0.5,0.7,64,0.40504306452668937,ok,0,10,8,0.0
chb05,chb05_22.edf,2700.0,2704.0,0.5,0.7,65,0.5518250131061467,ok,0,10,8,0.0
chb05,chb05_22.edf,2700.0,2704.0,0.5,0.7,66,0.3428004452807938,ok,0,11,9,0.0
chb05,chb05_22.edf,2700.0,2704.0,0.5,0.7,67,0.7572982608750388,ok,0,6,5,0.0
chb05,chb05_22.edf,2700.0,2704.0,0.5,0.7,68,1.2583243203853842,ok,0,11,10,0.0
chb05,chb05_22.edf,2700.0,2704.0,0.5,0.7,69,1.1846056288716902,ok,0,11,9,0.0
chb05,chb05_22.edf,2700.0,2704.0,0.5,0.7,70,0.6286453149703699,ok,0,13,12,0.0
chb05,chb05_22.edf,2700.0,2704.0,0.5,0.7,71,1.7857376180233748,ok,0,11,9,0.0
chb05,chb05_22.edf,2700.0,2704.0,0.5,0.7,72,0.1507022488234781,ok,0,6,5,0.0
chb05,chb05_22.edf,2700.0,2704.0,0.5,0.7,73,0.6069407903161805,ok,0,9,8,0.0
chb05,chb05_22.edf,2700.0,2704.0,0.5,0.7,74,0.6295473150461438,ok,0,10,8,0.0
chb05,chb05_22.edf,2700.0,2704.0,0.5,0.7,75,0.756428090803587,ok,0,13,11,0.0
chb05,chb05_22.edf,2700.0,2704.0,0.5,0.7,76,0.31533070217021064,ok,0,11,9,0.0
chb05,chb05_22.edf,2700.0,2704.0,0.5,0.7,77,1.4397992123948258,ok,0,10,9,0.0
chb05,chb05_22.edf,2700.0,2704.0,0.5,0.7,78,0.8443186321178225,ok,0,10,9,0.0
chb05,chb05_22.edf,2700.0,2704.0,0.5,0.7,79,0.6660998123404629,ok,0,8,7,0.0
chb05,chb05_22.edf,2700.0,2704.0,0.5,0.7,80,0.7001723173641382,ok,0,11,9,0.0
chb05,chb05_22.edf,2700.0,2704.0,0.5,0.7,81,1.3487816138931745,ok,0,10,9,0.0
chb05,chb05_22.edf,2700.0,2704.0,1.0,0.0,62,0.7743914046997703,ok,0,11,10,0.0
chb05,chb05_22.edf,2700.0,2704.0,1.0,0.0,63,0.21488489744161204,ok,0,8,7,0.0
chb05,chb05_22.edf,2700.0,2704.0,1.0,0.0,64,0.17192047651837583,ok,0,10,9,0.0
chb05,chb05_22.edf,2700.0,2704.0,1.0,0.0,65,0.48620003231413916,ok,0,12,9,0.0
chb05,chb05_22.edf,2700.0,2704.0,1.0,0.0,66,1.3756822323974554,ok,0,13,11,0.0
chb05,chb05_22.edf,2700.0,2704.0,1.0,0.0,67,1.0067830609804835,ok,0,9,8,0.0
chb05,chb05_22.edf,2700.0,2704.0,1.0,0.0,68,1.5176810316646947,ok,0,13,11,0.0
chb05,chb05_22.edf,2700.0,2704.0,1.0,0.0,69,1.0610836315798138,ok,0,8,5,0.0
chb05,chb05_22.edf,2700.0,2704.0,1.0,0.0,70,0.981919803246944,ok,0,12,11,0.0
chb05,chb05_22.edf,2700.0,2704.0,1.0,0.0,71,1.7937447317653397,ok,0,10,8,0.0
chb05,chb05_22.edf,2700.0,2704.0,1.0,0.0,72,0.18642507739616473,ok,0,6,5,0.0
chb05,chb05_22.edf,2700.0,2704.0,1.0,0.0,73,0.5987516059102022,ok,0,9,8,0.0
chb05,chb05_22.edf,2700.0,2704.0,1.0,0.0,74,0.6443582292066723,ok,0,11,10,0.0
chb05,chb05_22.edf,2700.0,2704.0,1.0,0.0,75,1.65888681246551,ok,0,10,7,0.0
chb05,chb05_22.edf,2700.0,2704.0,1.0,0.0,76,0.22553402254439306,ok,0,12,11,0.0
chb05,chb05_22.edf,2700.0,2704.0,1.0,0.0,77,1.261454559020981,ok,0,10,9,0.0
chb05,chb05_22.edf,2700.0,2704.0,1.0,0.0,78,1.9856992051961986,ok,0,12,11,0.0
chb05,chb05_22.edf,2700.0,2704.0,1.0,0.0,79,0.1609368397508929,ok,0,7,6,0.0
chb05,chb05_22.edf,2700.0,2704.0,1.0,0.0,80,0.8375512923759941,ok,0,11,9,0.0
chb05,chb05_22.edf,2700.0,2704.0,1.0,0.0,81,1.3218647883394035,ok,0,10,8,0.0
chb05,chb05_22.edf,2700.0,2704.0,1.0,0.175,62,0.7743914046997703,ok,0,11,10,0.0
chb05,chb05_22.edf,2700.0,2704.0,1.0,0.175,63,0.20696925512259617,ok,0,8,7,0.0
chb05,chb05_22.edf,2700.0,2704.0,1.0,0.175,64,0.17192047651837583,ok,0,10,9,0.0
chb05,chb05_22.edf,2700.0,2704.0,1.0,0.175,65,0.48620003231413916,ok,0,12,9,0.0
chb05,chb05_22.edf,2700.0,2704.0,1.0,0.175,66,1.3756822323974554,ok,0,13,11,0.0
chb05,chb05_22.edf,2700.0,2704.0,1.0,0.175,67,1.0067830609804835,ok,0,9,8,0.0
chb05,chb05_22.edf,2700.0,2704.0,1.0,0.175,68,1.5176810316646947,ok,0,13,11,0.0
chb05,chb05_22.edf,2700.0,2704.0,1.0,0.175,69,1.0610836315798138,ok,0,8,5,0.0
chb05,chb05_22.edf,2700.0,2704.0,1.0,0.175,70,0.981919803246944,ok,0,12,11,0.0
chb05,chb05_22.edf,2700.0,2704.0,1.0,0.175,71,1.7937447317653397,ok,0,10,8,0.0
chb05,chb05_22.edf,2700.0,2704.0,1.0,0.175,72,0.1586900018443984,ok,0,6,5,0.0
chb05,chb05_22.edf,2700.0,2704.0,1.0,0.175,73,0.6191720810400293,ok,0,9,8,0.0
chb05,chb05_22.edf,2700.0,2704.0,1.0,0.175,74,0.6459406006850896,ok,0,11,10,0.0
chb05,chb05_22.edf,2700.0,2704.0,1.0,0.175,75,1.590513747280279,ok,0,9,7,0.0
chb05,chb05_22.edf,2700.0,2704.0,1.0,0.175,76,0.22553402254439306,ok,0,12,11,0.0
chb05,chb05_22.edf,2700.0,2704.0,1.0,0.175,77,1.261454559020981,ok,0,10,9,0.0
chb05,chb05_22.edf,2700.0,2704.0,1.0,0.175,78,1.9856992051961986,ok,0,12,11,0.0
chb05,chb05_22.edf,2700.0,2704.0,1.0,0.175,79,0.1609368397508929,ok,0,7,6,0.0
chb05,chb05_22.edf,2700.0,2704.0,1.0,0.175,80,0.8375512923759941,ok,0,11,9,0.0
chb05,chb05_22.edf,2700.0,2704.0,1.0,0.175,81,1.3218647883394035,ok,0,10,8,0.0
chb05,chb05_22.edf,2700.0,2704.0,1.0,0.35,62,0.7743914046997703,ok,0,11,10,0.0
chb05,chb05_22.edf,2700.0,2704.0,1.0,0.35,63,0.14655956456718455,ok,0,8,7,0.0
chb05,chb05_22.edf,2700.0,2704.0,1.0,0.35,64,0.17192047651837583,ok,0,10,9,0.0
chb05,chb05_22.edf,2700.0,2704.0,1.0,0.35,65,0.48620003231413916,ok,0,12,9,0.0
chb05,chb05_22.edf,2700.0,2704.0,1.0,0.35,66,1.3756822323974554,ok,0,13,11,0.0
chb05,chb05_22.edf,2700.0,2704.0,1.0,0.35,67,0.9503842872559872,ok,0,8,7,0.0
chb05,chb05_22.edf,2700.0,2704.0,1.0,0.35,68,0.2073097915140307,ok,0,12,10,0.0
chb05,chb05_22.edf,2700.0,2704.0,1.0,0.35,69,1.0610836315798138,ok,0,8,5,0.0
chb05,chb05_22.edf,2700.0,2704.0,1.0,0.35,70,0.981919803246944,ok,0,12,11,0.0
chb05,chb05_22.edf,2700.0,2704.0,1.0,0.35,71,1.7937447317653397,ok,0,10,8,0.0
chb05,chb05_22.edf,2700.0,2704.0,1.0,0.35,72,0.15927485905071012,ok,0,6,5,0.0
chb05,chb05_22.edf,2700.0,2704.0,1.0,0.35,73,0.6191720810400293,ok,0,9,8,0.0
chb05,chb05_22.edf,2700.0,2704.0,1.0,0.35,74,0.6459406006850896,ok,0,11,10,0.0
chb05,chb05_22.edf,2700.0,2704.0,1.0,0.35,75,1.5948385453898242,ok,0,8,6,0.0
chb05,chb05_22.edf,2700.0,2704.0,1.0,0.35,76,0.22652733919178974,ok,0,12,11,0.0
chb05,chb05_22.edf,2700.0,2704.0,1.0,0.35,77,1.261454559020981,ok,0,10,9,0.0
chb05,chb05_22.edf,2700.0,2704.0,1.0,0.35,78,1.9856992051961986,ok,0,12,11,0.0
chb05,chb05_22.edf,2700.0,2704.0,1.0,0.35,79,0.1609368397508929,ok,0,7,6,0.0
chb05,chb05_22.edf,2700.0,2704.0,1.0,0.35,80,0.6520713223433988,ok,0,12,10,0.0
chb05,chb05_22.edf,2700.0,2704.0,1.0,0.35,81,1.3218647883394035,ok,0,10,8,0.0
chb05,chb05_22.edf,2700.0,2704.0,1.0,0.7,62,0.757027312498635,ok,0,11,10,0.0
chb05,chb05_22.edf,2700.0,2704.0,1.0,0.7,63,0.14655956456718455,ok,0,8,7,0.0
chb05,chb05_22.edf,2700.0,2704.0,1.0,0.7,64,0.17599259780918877,ok,0,10,8,0.0
chb05,chb05_22.edf,2700.0,2704.0,1.0,0.7,65,0.48620003231413916,ok,0,12,9,0.0
chb05,chb05_22.edf,2700.0,2704.0,1.0,0.7,66,1.5167540848237777,ok,0,12,10,0.0
chb05,chb05_22.edf,2700.0,2704.0,1.0,0.7,67,0.9316795599229433,ok,0,9,7,0.0
chb05,chb05_22.edf,2700.0,2704.0,1.0,0.7,68,1.376351350365905,ok,0,12,10,0.0
chb05,chb05_22.edf,2700.0,2704.0,1.0,0.7,69,1.1132199533073812,ok,0,11,8,0.0
chb05,chb05_22.edf,2700.0,2704.0,1.0,0.7,70,1.0898187725783466,ok,0,12,10,0.0
chb05,chb05_22.edf,2700.0,2704.0,1.0,0.7,71,1.7937447317653397,ok,0,10,8,0.0
chb05,chb05_22.edf,2700.0,2704.0,1.0,0.7,72,0.1507022488234781,ok,0,6,5,0.0
chb05,chb05_22.edf,2700.0,2704.0,1.0,0.7,73,0.6200558699868741,ok,0,9,8,0.0
chb05,chb05_22.edf,2700.0,2704.0,1.0,0.7,74,0.6388595466829557,ok,0,11,10,0.0
chb05,chb05_22.edf,2700.0,2704.0,1.0,0.7,75,1.593983133404197,ok,0,8,6,0.0
chb05,chb05_22.edf,2700.0,2704.0,1.0,0.7,76,0.22652733919178974,ok,0,12,11,0.0
chb05,chb05_22.edf,2700.0,2704.0,1.0,0.7,77,1.261454559020981,ok,0,10,9,0.0
chb05,chb05_22.edf,2700.0,2704.0,1.0,0.7,78,1.9241018879891916,ok,0,12,10,0.0
chb05,chb05_22.edf,2700.0,2704.0,1.0,0.7,79,0.1609368397508929,ok,0,7,6,0.0
chb05,chb05_22.edf,2700.0,2704.0,1.0,0.7,80,0.6520713223433988,ok,0,12,10,0.0
chb05,chb05_22.edf,2700.0,2704.0,1.0,0.7,81,1.3218647883394035,ok,0,10,8,0.0
chb08,chb08_02.edf,904.0,908.0,0.25,0.0,62,0.6171842911523988,ok,0,10,9,0.0
chb08,chb08_02.edf,904.0,908.0,0.25,0.0,63,2.043747370146671,ok,0,9,8,0.0
chb08,chb08_02.edf,904.0,908.0,0.25,0.0,64,0.8756532617719204,ok,0,9,8,0.0
chb08,chb08_02.edf,904.0,908.0,0.25,0.0,65,0.9667718123938864,ok,0,11,10,0.0
chb08,chb08_02.edf,904.0,908.0,0.25,0.0,66,0.3631787913269073,ok,0,11,9,0.0
chb08,chb08_02.edf,904.0,908.0,0.25,0.0,67,0.8092054221906116,ok,0,11,9,0.0
chb08,chb08_02.edf,904.0,908.0,0.25,0.0,68,0.9681035064574081,ok,0,9,8,0.0
chb08,chb08_02.edf,904.0,908.0,0.25,0.0,69,1.241548694349417,ok,0,10,8,0.0
chb08,chb08_02.edf,904.0,908.0,0.25,0.0,70,0.2793983295119334,ok,0,9,8,0.0
chb08,chb08_02.edf,904.0,908.0,0.25,0.0,71,1.5904417843670142,ok,0,12,11,0.0
chb08,chb08_02.edf,904.0,908.0,0.25,0.0,72,0.9990557900479503,ok,0,11,9,0.0
chb08,chb08_02.edf,904.0,908.0,0.25,0.0,73,0.4814093715175572,ok,0,8,7,0.0
chb08,chb08_02.edf,904.0,908.0,0.25,0.0,74,0.6162790697674418,ok,0,11,8,0.0
chb08,chb08_02.edf,904.0,908.0,0.25,0.0,75,0.35394981220923855,ok,0,12,11,0.0
chb08,chb08_02.edf,904.0,908.0,0.25,0.0,76,0.3909772130214703,ok,0,12,11,0.0
chb08,chb08_02.edf,904.0,908.0,0.25,0.0,77,0.9447730595988872,ok,0,6,4,0.0
chb08,chb08_02.edf,904.0,908.0,0.25,0.0,78,1.3483863463099397,ok,0,11,10,0.0
chb08,chb08_02.edf,904.0,908.0,0.25,0.0,79,0.1609368397508929,ok,0,7,6,0.0
chb08,chb08_02.edf,904.0,908.0,0.25,0.0,80,0.1797136108456547,ok,0,12,10,0.0
chb08,chb08_02.edf,904.0,908.0,0.25,0.0,81,1.4033891062507988,ok,0,10,7,0.0
chb08,chb08_02.edf,904.0,908.0,0.25,0.175,62,0.7728096094960322,ok,0,9,8,0.0
chb08,chb08_02.edf,904.0,908.0,0.25,0.175,63,2.043747370146671,ok,0,9,8,0.0
chb08,chb08_02.edf,904.0,908.0,0.25,0.175,64,0.8756532617719204,ok,0,9,8,0.0
chb08,chb08_02.edf,904.0,908.0,0.25,0.175,65,1.4824847269439707,ok,0,10,9,0.0
chb08,chb08_02.edf,904.0,908.0,0.25,0.175,66,0.3631787913269073,ok,0,11,9,0.0
chb08,chb08_02.edf,904.0,908.0,0.25,0.175,67,0.7678673815066337,ok,0,10,9,0.0
chb08,chb08_02.edf,904.0,908.0,0.25,0.175,68,0.895157178062396,ok,0,8,7,0.0
chb08,chb08_02.edf,904.0,908.0,0.25,0.175,69,1.241548694349417,ok,0,10,8,0.0
chb08,chb08_02.edf,904.0,908.0,0.25,0.175,70,0.2793983295119334,ok,0,9,8,0.0
chb08,chb08_02.edf,904.0,908.0,0.25,0.175,71,1.3381525303296327,ok,0,13,11,0.0
chb08,chb08_02.edf,904.0,908.0,0.25,0.175,72,1.0189295409461563,ok,0,10,8,0.0
chb08,chb08_02.edf,904.0,908.0,0.25,0.175,73,0.4407839464942578,ok,0,7,6,0.0
chb08,chb08_02.edf,904.0,908.0,0.25,0.175,74,0.6162790697674418,ok,0,11,8,0.0
chb08,chb08_02.edf,904.0,908.0,0.25,0.175,75,0.35394981220923855,ok,0,12,11,0.0
chb08,chb08_02.edf,904.0,908.0,0.25,0.175,76,0.41685710561811734,ok,0,13,12,0.0
chb08,chb08_02.edf,904.0,908.0,0.25,0.175,77,0.9407925186009054,ok,0,6,5,0.0
chb08,chb08_02.edf,904.0,908.0,0.25,0.175,78,1.3407604740280588,ok,0,11,10,0.0
chb08,chb08_02.edf,904.0,908.0,0.25,0.175,79,0.1609368397508929,ok,0,7,6,0.0
chb08,chb08_02.edf,904.0,908.0,0.25,0.175,80,0.21406832300309636,ok,0,11,8,0.0
chb08,chb08_02.edf,904.0,908.0,0.25,0.175,81,1.3564078638606267,ok,0,9,7,0.0
chb08,chb08_02.edf,904.0,908.0,0.25,0.35,62,1.0430237387008645,ok,0,9,8,0.0
chb08,chb08_02.edf,904.0,908.0,0.25,0.35,63,2.043747370146671,ok,0,9,8,0.0
chb08,chb08_02.edf,904.0,908.0,0.25,0.35,64,0.8756532617719204,ok,0,9,8,0.0
chb08,chb08_02.edf,904.0,908.0,0.25,0.35,65,1.4824847269439707,ok,0,10,9,0.0
chb08,chb08_02.edf,904.0,908.0,0.25,0.35,66,0.3631787913269073,ok,0,11,9,0.0
chb08,chb08_02.edf,904.0,908.0,0.25,0.35,67,0.7678673815066337,ok,0,10,9,0.0
chb08,chb08_02.edf,904.0,908.0,0.25,0.35,68,0.9657237321599061,ok,0,9,8,0.0
chb08,chb08_02.edf,904.0,908.0,0.25,0.35,69,1.1764082802397795,ok,0,9,7,0.0
chb08,chb08_02.edf,904.0,908.0,0.25,0.35,70,0.2793983295119334,ok,0,9,8,0.0
chb08,chb08_02.edf,904.0,908.0,0.25,0.35,71,1.3381525303296327,ok,0,13,11,0.0
chb08,chb08_02.edf,904.0,908.0,0.25,0.35,72,1.4451002900273402,ok,0,10,8,0.0
chb08,chb08_02.edf,904.0,908.0,0.25,0.35,73,0.4396288950597349,ok,0,7,6,0.0
chb08,chb08_02.edf,904.0,908.0,0.25,0.35,74,0.3665644446322894,ok,0,11,10,0.0
chb08,chb08_02.edf,904.0,908.0,0.25,0.35,75,0.5500671016677409,ok,0,10,9,0.0
chb08,chb08_02.edf,904.0,908.0,0.25,0.35,76,0.45688565438863543,ok,0,13,12,0.0
chb08,chb08_02.edf,904.0,908.0,0.25,0.35,77,0.9407925186009054,ok,0,6,5,0.0
chb08,chb08_02.edf,904.0,908.0,0.25,0.35,78,1.3407604740280588,ok,0,11,10,0.0
chb08,chb08_02.edf,904.0,908.0,0.25,0.35,79,0.1609368397508929,ok,0,7,6,0.0
chb08,chb08_02.edf,904.0,908.0,0.25,0.35,80,0.21406832300309636,ok,0,11,8,0.0
chb08,chb08_02.edf,904.0,908.0,0.25,0.35,81,1.3564078638606267,ok,0,9,7,0.0
chb08,chb08_02.edf,904.0,908.0,0.25,0.7,62,0.7189983708118889,ok,0,9,8,0.0
chb08,chb08_02.edf,904.0,908.0,0.25,0.7,63,2.0342364192287428,ok,0,9,8,0.0
chb08,chb08_02.edf,904.0,908.0,0.25,0.7,64,0.8188259878606116,ok,0,8,7,0.0
chb08,chb08_02.edf,904.0,908.0,0.25,0.7,65,0.947505925424057,ok,0,10,9,0.0
chb08,chb08_02.edf,904.0,908.0,0.25,0.7,66,0.3631787913269073,ok,0,11,9,0.0
chb08,chb08_02.edf,904.0,908.0,0.25,0.7,67,0.4256086694930459,ok,0,11,10,0.0
chb08,chb08_02.edf,904.0,908.0,0.25,0.7,68,0.9617131068209026,ok,0,10,8,0.0
chb08,chb08_02.edf,904.0,908.0,0.25,0.7,69,1.315201075625065,ok,0,11,10,0.0
chb08,chb08_02.edf,904.0,908.0,0.25,0.7,70,0.16493557429108255,ok,0,10,9,0.0
chb08,chb08_02.edf,904.0,908.0,0.25,0.7,71,1.3132619803067405,ok,0,13,11,0.0
chb08,chb08_02.edf,904.0,908.0,0.25,0.7,72,1.4045899647820859,ok,0,9,8,0.0
chb08,chb08_02.edf,904.0,908.0,0.25,0.7,73,0.40402604446028884,ok,0,8,7,0.0
chb08,chb08_02.edf,904.0,908.0,0.25,0.7,74,0.381067656901844,ok,0,11,10,0.0
chb08,chb08_02.edf,904.0,908.0,0.25,0.7,75,0.5557078508809257,ok,0,10,9,0.0
chb08,chb08_02.edf,904.0,908.0,0.25,0.7,76,0.441574944723999,ok,0,13,12,0.0
chb08,chb08_02.edf,904.0,908.0,0.25,0.7,77,0.5188655550043121,ok,0,7,6,0.0
chb08,chb08_02.edf,904.0,908.0,0.25,0.7,78,1.3253512423071592,ok,0,11,10,0.0
chb08,chb08_02.edf,904.0,908.0,0.25,0.7,79,0.1609368397508929,ok,0,7,6,0.0
chb08,chb08_02.edf,904.0,908.0,0.25,0.7,80,0.22690192739994028,ok,0,11,8,0.0
chb08,chb08_02.edf,904.0,908.0,0.25,0.7,81,1.3564078638606267,ok,0,9,7,0.0
chb08,chb08_02.edf,904.0,908.0,0.5,0.0,62,0.5712931377579745,ok,0,12,11,0.0
chb08,chb08_02.edf,904.0,908.0,0.5,0.0,63,0.16726057798219393,ok,0,8,7,0.0
chb08,chb08_02.edf,904.0,908.0,0.5,0.0,64,0.19637001542360058,ok,0,9,8,0.0
chb08,chb08_02.edf,904.0,908.0,0.5,0.0,65,0.546024803519956,ok,0,10,8,0.0
chb08,chb08_02.edf,904.0,908.0,0.5,0.0,66,0.3428004452807938,ok,0,11,9,0.0
chb08,chb08_02.edf,904.0,908.0,0.5,0.0,67,0.9454773281444654,ok,0,7,6,0.0
chb08,chb08_02.edf,904.0,908.0,0.5,0.0,68,1.2291207868644798,ok,0,12,11,0.0
chb08,chb08_02.edf,904.0,908.0,0.5,0.0,69,1.1682562182790923,ok,0,9,7,0.0
chb08,chb08_02.edf,904.0,908.0,0.5,0.0,70,0.5111811702061327,ok,0,14,13,0.0
chb08,chb08_02.edf,904.0,908.0,0.5,0.0,71,1.8179982256514546,ok,0,11,9,0.0
chb08,chb08_02.edf,904.0,908.0,0.5,0.0,72,0.18642507739616473,ok,0,6,5,0.0
chb08,chb08_02.edf,904.0,908.0,0.5,0.0,73,0.6286253346157429,ok,0,10,9,0.0
chb08,chb08_02.edf,904.0,908.0,0.5,0.0,74,0.6476197533905482,ok,0,9,7,0.0
chb08,chb08_02.edf,904.0,908.0,0.5,0.0,75,0.9626906857352386,ok,0,12,10,0.0
chb08,chb08_02.edf,904.0,908.0,0.5,0.0,76,0.48840569686484475,ok,0,10,9,0.0
chb08,chb08_02.edf,904.0,908.0,0.5,0.0,77,1.4397992123948258,ok,0,10,9,0.0
chb08,chb08_02.edf,904.0,908.0,0.5,0.0,78,0.8783739115481473,ok,0,10,9,0.0
chb08,chb08_02.edf,904.0,908.0,0.5,0.0,79,0.6660998123404629,ok,0,8,7,0.0
chb08,chb08_02.edf,904.0,908.0,0.5,0.0,80,0.48943288169382493,ok,0,10,8,0.0
chb08,chb08_02.edf,904.0,908.0,0.5,0.0,81,1.3487816138931745,ok,0,10,9,0.0
chb08,chb08_02.edf,904.0,908.0,0.5,0.175,62,0.6247625205808374,ok,0,13,12,0.0
chb08,chb08_02.edf,904.0,908.0,0.5,0.175,63,0.16726057798219393,ok,0,8,7,0.0
chb08,chb08_02.edf,904.0,908.0,0.5,0.175,64,0.19637001542360058,ok,0,9,8,0.0
chb08,chb08_02.edf,904.0,908.0,0.5,0.175,65,0.546024803519956,ok,0,10,8,0.0
chb08,chb08_02.edf,904.0,908.0,0.5,0.175,66,0.3428004452807938,ok,0,11,9,0.0
chb08,chb08_02.edf,904.0,908.0,0.5,0.175,67,0.9454773281444654,ok,0,7,6,0.0
chb08,chb08_02.edf,904.0,908.0,0.5,0.175,68,1.2291207868644798,ok,0,12,11,0.0
chb08,chb08_02.edf,904.0,908.0,0.5,0.175,69,1.2652855917900245,ok,0,9,8,0.0
chb08,chb08_02.edf,904.0,908.0,0.5,0.175,70,0.5111811702061327,ok,0,14,13,0.0
chb08,chb08_02.edf,904.0,908.0,0.5,0.175,71,1.5475911032956122,ok,0,12,10,0.0
chb08,chb08_02.edf,904.0,908.0,0.5,0.175,72,0.1586900018443984,ok,0,6,5,0.0
chb08,chb08_02.edf,904.0,908.0,0.5,0.175,73,0.7086274018049412,ok,0,12,11,0.0
chb08,chb08_02.edf,904.0,908.0,0.5,0.175,74,0.6476197533905482,ok,0,9,7,0.0
chb08,chb08_02.edf,904.0,908.0,0.5,0.175,75,0.9626906857352386,ok,0,12,10,0.0
chb08,chb08_02.edf,904.0,908.0,0.5,0.175,76,0.30531938635746625,ok,0,12,11,0.0
chb08,chb08_02.edf,904.0,908.0,0.5,0.175,77,1.4397992123948258,ok,0,10,9,0.0
chb08,chb08_02.edf,904.0,908.0,0.5,0.175,78,0.8764622074007292,ok,0,10,9,0.0
chb08,chb08_02.edf,904.0,908.0,0.5,0.175,79,0.1609368397508929,ok,0,7,6,0.0
chb08,chb08_02.edf,904.0,908.0,0.5,0.175,80,0.48943288169382493,ok,0,10,8,0.0
chb08,chb08_02.edf,904.0,908.0,0.5,0.175,81,1.3487816138931745,ok,0,10,9,0.0
chb08,chb08_02.edf,904.0,908.0,0.5,0.35,62,0.6461568673867697,ok,0,12,11,0.0
chb08,chb08_02.edf,904.0,908.0,0.5,0.35,63,0.19759201224112374,ok,0,9,8,0.0
chb08,chb08_02.edf,904.0,908.0,0.5,0.35,64,0.19637001542360058,ok,0,9,8,0.0
chb08,chb08_02.edf,904.0,908.0,0.5,0.35,65,0.6996169469027036,ok,0,9,7,0.0
chb08,chb08_02.edf,904.0,908.0,0.5,0.35,66,0.3428004452807938,ok,0,11,9,0.0
chb08,chb08_02.edf,904.0,908.0,0.5,0.35,67,0.9454773281444654,ok,0,7,6,0.0
chb08,chb08_02.edf,904.0,908.0,0.5,0.35,68,1.2291207868644798,ok,0,12,11,0.0
chb08,chb08_02.edf,904.0,908.0,0.5,0.35,69,1.20327226737019,ok,0,8,6,0.0
chb08,chb08_02.edf,904.0,908.0,0.5,0.35,70,0.5111811702061327,ok,0,14,13,0.0
chb08,chb08_02.edf,904.0,908.0,0.5,0.35,71,1.5475911032956122,ok,0,12,10,0.0
chb08,chb08_02.edf,904.0,908.0,0.5,0.35,72,0.15927485905071012,ok,0,6,5,0.0
chb08,chb08_02.edf,904.0,908.0,0.5,0.35,73,0.7086274018049412,ok,0,12,11,0.0
chb08,chb08_02.edf,904.0,908.0,0.5,0.35,74,0.7488317702776065,ok,0,8,7,0.0
chb08,chb08_02.edf,904.0,908.0,0.5,0.35,75,0.9283151324022845,ok,0,11,10,0.0
chb08,chb08_02.edf,904.0,908.0,0.5,0.35,76,0.41481810651347145,ok,0,11,10,0.0
chb08,chb08_02.edf,904.0,908.0,0.5,0.35,77,1.4402492009604646,ok,0,10,9,0.0
chb08,chb08_02.edf,904.0,908.0,0.5,0.35,78,0.8764622074007292,ok,0,10,9,0.0
chb08,chb08_02.edf,904.0,908.0,0.5,0.35,79,0.1609368397508929,ok,0,7,6,0.0
chb08,chb08_02.edf,904.0,908.0,0.5,0.35,80,0.48222572467525254,ok,0,10,8,0.0
chb08,chb08_02.edf,904.0,908.0,0.5,0.35,81,1.3487816138931745,ok,0,10,9,0.0
chb08,chb08_02.edf,904.0,908.0,0.5,0.7,62,0.6505391291450467,ok,0,12,11,0.0
chb08,chb08_02.edf,904.0,908.0,0.5,0.7,63,0.20805116380691183,ok,0,8,7,0.0
chb08,chb08_02.edf,904.0,908.0,0.5,0.7,64,0.19637001542360058,ok,0,9,8,0.0
chb08,chb08_02.edf,904.0,908.0,0.5,0.7,65,0.7035877070737016,ok,0,9,7,0.0
chb08,chb08_02.edf,904.0,908.0,0.5,0.7,66,0.3428004452807938,ok,0,11,9,0.0
chb08,chb08_02.edf,904.0,908.0,0.5,0.7,67,0.7622950727839145,ok,0,6,5,0.0
chb08,chb08_02.edf,904.0,908.0,0.5,0.7,68,1.2020669935807997,ok,0,12,10,0.0
chb08,chb08_02.edf,904.0,908.0,0.5,0.7,69,1.3054227052024512,ok,0,9,8,0.0
chb08,chb08_02.edf,904.0,908.0,0.5,0.7,70,0.6224029244080508,ok,0,13,12,0.0
chb08,chb08_02.edf,904.0,908.0,0.5,0.7,71,1.5475911032956122,ok,0,12,10,0.0
chb08,chb08_02.edf,904.0,908.0,0.5,0.7,72,0.15927485905071012,ok,0,6,5,0.0
chb08,chb08_02.edf,904.0,908.0,0.5,0.7,73,0.5454656611271237,ok,0,10,9,0.0
chb08,chb08_02.edf,904.0,908.0,0.5,0.7,74,0.5243525201561509,ok,0,10,9,0.0
chb08,chb08_02.edf,904.0,908.0,0.5,0.7,75,0.7698510802078518,ok,0,12,11,0.0
chb08,chb08_02.edf,904.0,908.0,0.5,0.7,76,0.3296649542448241,ok,0,10,9,0.0
chb08,chb08_02.edf,904.0,908.0,0.5,0.7,77,1.4440833998626792,ok,0,10,9,0.0
chb08,chb08_02.edf,904.0,908.0,0.5,0.7,78,0.912916411486969,ok,0,10,9,0.0
chb08,chb08_02.edf,904.0,908.0,0.5,0.7,79,0.1609368397508929,ok,0,7,6,0.0
chb08,chb08_02.edf,904.0,908.0,0.5,0.7,80,0.9020722868445827,ok,0,10,8,0.0
chb08,chb08_02.edf,904.0,908.0,0.5,0.7,81,1.3487816138931745,ok,0,10,9,0.0
chb08,chb08_02.edf,904.0,908.0,1.0,0.0,62,0.7743914046997703,ok,0,11,10,0.0
chb08,chb08_02.edf,904.0,908.0,1.0,0.0,63,0.21488489744161204,ok,0,8,7,0.0
chb08,chb08_02.edf,904.0,908.0,1.0,0.0,64,0.17192047651837583,ok,0,10,9,0.0
chb08,chb08_02.edf,904.0,908.0,1.0,0.0,65,0.48620003231413916,ok,0,12,9,0.0
chb08,chb08_02.edf,904.0,908.0,1.0,0.0,66,1.3756822323974554,ok,0,13,11,0.0
chb08,chb08_02.edf,904.0,908.0,1.0,0.0,67,1.0067830609804835,ok,0,9,8,0.0
chb08,chb08_02.edf,904.0,908.0,1.0,0.0,68,1.5176810316646947,ok,0,13,11,0.0
chb08,chb08_02.edf,904.0,908.0,1.0,0.0,69,1.0610836315798138,ok,0,8,5,0.0
chb08,chb08_02.edf,904.0,908.0,1.0,0.0,70,0.981919803246944,ok,0,12,11,0.0
chb08,chb08_02.edf,904.0,908.0,1.0,0.0,71,1.7937447317653397,ok,0,10,8,0.0
chb08,chb08_02.edf,904.0,908.0,1.0,0.0,72,0.18642507739616473,ok,0,6,5,0.0
chb08,chb08_02.edf,904.0,908.0,1.0,0.0,73,0.5987516059102022,ok,0,9,8,0.0
chb08,chb08_02.edf,904.0,908.0,1.0,0.0,74,0.6443582292066723,ok,0,11,10,0.0
chb08,chb08_02.edf,904.0,908.0,1.0,0.0,75,1.65888681246551,ok,0,10,7,0.0
chb08,chb08_02.edf,904.0,908.0,1.0,0.0,76,0.22553402254439306,ok,0,12,11,0.0
chb08,chb08_02.edf,904.0,908.0,1.0,0.0,77,1.261454559020981,ok,0,10,9,0.0
chb08,chb08_02.edf,904.0,908.0,1.0,0.0,78,1.9856992051961986,ok,0,12,11,0.0
chb08,chb08_02.edf,904.0,908.0,1.0,0.0,79,0.1609368397508929,ok,0,7,6,0.0
chb08,chb08_02.edf,904.0,908.0,1.0,0.0,80,0.8375512923759941,ok,0,11,9,0.0
chb08,chb08_02.edf,904.0,908.0,1.0,0.0,81,1.3218647883394035,ok,0,10,8,0.0
chb08,chb08_02.edf,904.0,908.0,1.0,0.175,62,0.8207228509784782,ok,0,12,11,0.0
chb08,chb08_02.edf,904.0,908.0,1.0,0.175,63,0.2173990092096237,ok,0,9,8,0.0
chb08,chb08_02.edf,904.0,908.0,1.0,0.175,64,0.17192047651837583,ok,0,10,9,0.0
chb08,chb08_02.edf,904.0,908.0,1.0,0.175,65,0.48620003231413916,ok,0,12,9,0.0
chb08,chb08_02.edf,904.0,908.0,1.0,0.175,66,1.3756822323974554,ok,0,13,11,0.0
chb08,chb08_02.edf,904.0,908.0,1.0,0.175,67,1.0067830609804835,ok,0,9,8,0.0
chb08,chb08_02.edf,904.0,908.0,1.0,0.175,68,1.5176810316646947,ok,0,13,11,0.0
chb08,chb08_02.edf,904.0,908.0,1.0,0.175,69,1.0610836315798138,ok,0,8,5,0.0
chb08,chb08_02.edf,904.0,908.0,1.0,0.175,70,0.981919803246944,ok,0,12,11,0.0
chb08,chb08_02.edf,904.0,908.0,1.0,0.175,71,1.7937447317653397,ok,0,10,8,0.0
chb08,chb08_02.edf,904.0,908.0,1.0,0.175,72,0.1586900018443984,ok,0,6,5,0.0
chb08,chb08_02.edf,904.0,908.0,1.0,0.175,73,0.6815614061951711,ok,0,10,9,0.0
chb08,chb08_02.edf,904.0,908.0,1.0,0.175,74,0.6443582292066723,ok,0,11,10,0.0
chb08,chb08_02.edf,904.0,908.0,1.0,0.175,75,1.5677500142982317,ok,0,10,8,0.0
chb08,chb08_02.edf,904.0,908.0,1.0,0.175,76,0.22553402254439306,ok,0,12,11,0.0
chb08,chb08_02.edf,904.0,908.0,1.0,0.175,77,1.261454559020981,ok,0,10,9,0.0
chb08,chb08_02.edf,904.0,908.0,1.0,0.175,78,2.0008167178077203,ok,0,11,10,0.0
chb08,chb08_02.edf,904.0,908.0,1.0,0.175,79,0.1609368397508929,ok,0,7,6,0.0
chb08,chb08_02.edf,904.0,908.0,1.0,0.175,80,0.9226330389069755,ok,0,10,8,0.0
chb08,chb08_02.edf,904.0,908.0,1.0,0.175,81,1.3218647883394035,ok,0,10,8,0.0
chb08,chb08_02.edf,904.0,908.0,1.0,0.35,62,0.8207228509784782,ok,0,12,11,0.0
chb08,chb08_02.edf,904.0,908.0,1.0,0.35,63,0.2173990092096237,ok,0,9,8,0.0
chb08,chb08_02.edf,904.0,908.0,1.0,0.35,64,0.17192047651837583,ok,0,10,9,0.0
chb08,chb08_02.edf,904.0,908.0,1.0,0.35,65,0.49292157435773215,ok,0,12,10,0.0
chb08,chb08_02.edf,904.0,908.0,1.0,0.35,66,1.3756822323974554,ok,0,13,11,0.0
chb08,chb08_02.edf,904.0,908.0,1.0,0.35,67,1.0067830609804835,ok,0,9,8,0.0
chb08,chb08_02.edf,904.0,908.0,1.0,0.35,68,1.5176810316646947,ok,0,13,11,0.0
chb08,chb08_02.edf,904.0,908.0,1.0,0.35,69,1.0577240820781741,ok,0,7,5,0.0
chb08,chb08_02.edf,904.0,908.0,1.0,0.35,70,0.981919803246944,ok,0,12,11,0.0
chb08,chb08_02.edf,904.0,908.0,1.0,0.35,71,1.5539808857919553,ok,0,11,9,0.0
chb08,chb08_02.edf,904.0,908.0,1.0,0.35,72,0.15927485905071012,ok,0,6,5,0.0
chb08,chb08_02.edf,904.0,908.0,1.0,0.35,73,0.6969497848327798,ok,0,11,10,0.0
chb08,chb08_02.edf,904.0,908.0,1.0,0.35,74,0.6443582292066723,ok,0,11,10,0.0
chb08,chb08_02.edf,904.0,908.0,1.0,0.35,75,1.5686096313099898,ok,0,10,8,0.0
chb08,chb08_02.edf,904.0,908.0,1.0,0.35,76,0.22553402254439306,ok,0,12,11,0.0
chb08,chb08_02.edf,904.0,908.0,1.0,0.35,77,1.2725604417092498,ok,0,10,9,0.0
chb08,chb08_02.edf,904.0,908.0,1.0,0.35,78,1.9427439567377816,ok,0,10,9,0.0
chb08,chb08_02.edf,904.0,908.0,1.0,0.35,79,0.1609368397508929,ok,0,7,6,0.0
chb08,chb08_02.edf,904.0,908.0,1.0,0.35,80,0.83885612543029,ok,0,11,9,0.0
chb08,chb08_02.edf,904.0,908.0,1.0,0.35,81,1.3218647883394035,ok,0,10,8,0.0
chb08,chb08_02.edf,904.0,908.0,1.0,0.7,62,0.8033746199199773,ok,0,13,12,0.0
chb08,chb08_02.edf,904.0,908.0,1.0,0.7,63,0.2173990092096237,ok,0,9,8,0.0
chb08,chb08_02.edf,904.0,908.0,1.0,0.7,64,0.17192047651837583,ok,0,10,9,0.0
chb08,chb08_02.edf,904.0,908.0,1.0,0.7,65,0.49292157435773215,ok,0,12,10,0.0
chb08,chb08_02.edf,904.0,908.0,1.0,0.7,66,1.4564189571559032,ok,0,14,12,0.0
chb08,chb08_02.edf,904.0,908.0,1.0,0.7,67,1.0067830609804835,ok,0,9,8,0.0
chb08,chb08_02.edf,904.0,908.0,1.0,0.7,68,1.4598708275506291,ok,0,14,12,0.0
chb08,chb08_02.edf,904.0,908.0,1.0,0.7,69,1.2007134745252162,ok,0,7,6,0.0
chb08,chb08_02.edf,904.0,908.0,1.0,0.7,70,0.6465809795682389,ok,0,12,11,0.0
chb08,chb08_02.edf,904.0,908.0,1.0,0.7,71,1.5539808857919553,ok,0,11,9,0.0
chb08,chb08_02.edf,904.0,908.0,1.0,0.7,72,0.15927485905071012,ok,0,6,5,0.0
chb08,chb08_02.edf,904.0,908.0,1.0,0.7,73,0.7161875745058577,ok,0,11,10,0.0
chb08,chb08_02.edf,904.0,908.0,1.0,0.7,74,0.6265503624779104,ok,0,10,9,0.0
chb08,chb08_02.edf,904.0,908.0,1.0,0.7,75,1.5662157777289272,ok,0,10,8,0.0
chb08,chb08_02.edf,904.0,908.0,1.0,0.7,76,0.22553402254439306,ok,0,12,11,0.0
chb08,chb08_02.edf,904.0,908.0,1.0,0.7,77,1.3232700398475645,ok,0,10,9,0.0
chb08,chb08_02.edf,904.0,908.0,1.0,0.7,78,1.891454616470595,ok,0,10,8,0.0
chb08,chb08_02.edf,904.0,908.0,1.0,0.7,79,0.1609368397508929,ok,0,7,6,0.0
chb08,chb08_02.edf,904.0,908.0,1.0,0.7,80,0.8499633444558092,ok,0,11,9,0.0
chb08,chb08_02.edf,904.0,908.0,1.0,0.7,81,1.3218647883394035,ok,0,10,8,0.0
chb08,chb08_02.edf,2700.0,2704.0,0.25,0.0,62,0.6171842911523988,ok,0,10,9,0.0
chb08,chb08_02.edf,2700.0,2704.0,0.25,0.0,63,2.043747370146671,ok,0,9,8,0.0
chb08,chb08_02.edf,2700.0,2704.0,0.25,0.0,64,0.8756532617719204,ok,0,9,8,0.0
chb08,chb08_02.edf,2700.0,2704.0,0.25,0.0,65,0.9667718123938864,ok,0,11,10,0.0
chb08,chb08_02.edf,2700.0,2704.0,0.25,0.0,66,0.3631787913269073,ok,0,11,9,0.0
chb08,chb08_02.edf,2700.0,2704.0,0.25,0.0,67,0.8092054221906116,ok,0,11,9,0.0
chb08,chb08_02.edf,2700.0,2704.0,0.25,0.0,68,0.9681035064574081,ok,0,9,8,0.0
chb08,chb08_02.edf,2700.0,2704.0,0.25,0.0,69,1.241548694349417,ok,0,10,8,0.0
chb08,chb08_02.edf,2700.0,2704.0,0.25,0.0,70,0.2793983295119334,ok,0,9,8,0.0
chb08,chb08_02.edf,2700.0,2704.0,0.25,0.0,71,1.5904417843670142,ok,0,12,11,0.0
chb08,chb08_02.edf,2700.0,2704.0,0.25,0.0,72,0.9990557900479503,ok,0,11,9,0.0
chb08,chb08_02.edf,2700.0,2704.0,0.25,0.0,73,0.4814093715175572,ok,0,8,7,0.0
chb08,chb08_02.edf,2700.0,2704.0,0.25,0.0,74,0.6162790697674418,ok,0,11,8,0.0
chb08,chb08_02.edf,2700.0,2704.0,0.25,0.0,75,0.35394981220923855,ok,0,12,11,0.0
chb08,chb08_02.edf,2700.0,2704.0,0.25,0.0,76,0.3909772130214703,ok,0,12,11,0.0
chb08,chb08_02.edf,2700.0,2704.0,0.25,0.0,77,0.9447730595988872,ok,0,6,4,0.0
chb08,chb08_02.edf,2700.0,2704.0,0.25,0.0,78,1.3483863463099397,ok,0,11,10,0.0
chb08,chb08_02.edf,2700.0,2704.0,0.25,0.0,79,0.1609368397508929,ok,0,7,6,0.0
chb08,chb08_02.edf,2700.0,2704.0,0.25,0.0,80,0.1797136108456547,ok,0,12,10,0.0
chb08,chb08_02.edf,2700.0,2704.0,0.25,0.0,81,1.4033891062507988,ok,0,10,7,0.0
chb08,chb08_02.edf,2700.0,2704.0,0.25,0.175,62,0.8199931984143265,ok,0,10,9,0.0
chb08,chb08_02.edf,2700.0,2704.0,0.25,0.175,63,1.8880701910307307,ok,0,9,7,0.0
chb08,chb08_02.edf,2700.0,2704.0,0.25,0.175,64,0.8188259878606116,ok,0,8,7,0.0
chb08,chb08_02.edf,2700.0,2704.0,0.25,0.175,65,0.9667718123938864,ok,0,11,10,0.0
chb08,chb08_02.edf,2700.0,2704.0,0.25,0.175,66,0.3455869941264749,ok,0,11,9,0.0
chb08,chb08_02.edf,2700.0,2704.0,0.25,0.175,67,0.818340372717771,ok,0,11,9,0.0
chb08,chb08_02.edf,2700.0,2704.0,0.25,0.175,68,0.9848613212110338,ok,0,9,8,0.0
chb08,chb08_02.edf,2700.0,2704.0,0.25,0.175,69,1.268444223889321,ok,0,11,9,0.0
chb08,chb08_02.edf,2700.0,2704.0,0.25,0.175,70,0.2793983295119334,ok,0,9,8,0.0
chb08,chb08_02.edf,2700.0,2704.0,0.25,0.175,71,1.5832381035513712,ok,0,12,11,0.0
chb08,chb08_02.edf,2700.0,2704.0,0.25,0.175,72,1.0189295409461563,ok,0,10,8,0.0
chb08,chb08_02.edf,2700.0,2704.0,0.25,0.175,73,0.5133812415611179,ok,0,7,5,0.0
chb08,chb08_02.edf,2700.0,2704.0,0.25,0.175,74,0.360793174048842,ok,0,12,9,0.0
chb08,chb08_02.edf,2700.0,2704.0,0.25,0.175,75,0.35394981220923855,ok,0,12,11,0.0
chb08,chb08_02.edf,2700.0,2704.0,0.25,0.175,76,0.3909772130214703,ok,0,12,11,0.0
chb08,chb08_02.edf,2700.0,2704.0,0.25,0.175,77,0.9447730595988872,ok,0,6,4,0.0
chb08,chb08_02.edf,2700.0,2704.0,0.25,0.175,78,1.343581970265335,ok,0,10,9,0.0
chb08,chb08_02.edf,2700.0,2704.0,0.25,0.175,79,0.1609368397508929,ok,0,7,6,0.0
chb08,chb08_02.edf,2700.0,2704.0,0.25,0.175,80,0.18508067986596996,ok,0,11,9,0.0
chb08,chb08_02.edf,2700.0,2704.0,0.25,0.175,81,1.3564078638606267,ok,0,9,7,0.0
chb08,chb08_02.edf,2700.0,2704.0,0.25,0.35,62,0.7877462884085299,ok,0,8,7,0.0
chb08,chb08_02.edf,2700.0,2704.0,0.25,0.35,63,1.888135135586656,ok,0,9,7,0.0
chb08,chb08_02.edf,2700.0,2704.0,0.25,0.35,64,0.8188259878606116,ok,0,8,7,0.0
chb08,chb08_02.edf,2700.0,2704.0,0.25,0.35,65,0.9667718123938864,ok,0,11,10,0.0
chb08,chb08_02.edf,2700.0,2704.0,0.25,0.35,66,0.3455869941264749,ok,0,11,9,0.0
chb08,chb08_02.edf,2700.0,2704.0,0.25,0.35,67,0.818340372717771,ok,0,11,9,0.0
chb08,chb08_02.edf,2700.0,2704.0,0.25,0.35,68,0.9901171243252742,ok,0,9,8,0.0
chb08,chb08_02.edf,2700.0,2704.0,0.25,0.35,69,1.2176362901110174,ok,0,12,10,0.0
chb08,chb08_02.edf,2700.0,2704.0,0.25,0.35,70,0.2793983295119334,ok,0,9,8,0.0
chb08,chb08_02.edf,2700.0,2704.0,0.25,0.35,71,1.5832381035513712,ok,0,12,11,0.0
chb08,chb08_02.edf,2700.0,2704.0,0.25,0.35,72,0.9867139694338232,ok,0,10,8,0.0
chb08,chb08_02.edf,2700.0,2704.0,0.25,0.35,73,0.5306975419688909,ok,0,6,5,0.0
chb08,chb08_02.edf,2700.0,2704.0,0.25,0.35,74,0.3510708527423113,ok,0,12,9,0.0
chb08,chb08_02.edf,2700.0,2704.0,0.25,0.35,75,0.35394981220923855,ok,0,12,11,0.0
chb08,chb08_02.edf,2700.0,2704.0,0.25,0.35,76,0.4614393951267287,ok,0,12,11,0.0
chb08,chb08_02.edf,2700.0,2704.0,0.25,0.35,77,0.9447730595988872,ok,0,6,4,0.0
chb08,chb08_02.edf,2700.0,2704.0,0.25,0.35,78,1.3429596740204965,ok,0,10,9,0.0
chb08,chb08_02.edf,2700.0,2704.0,0.25,0.35,79,0.1878077787684282,ok,0,7,6,0.0
chb08,chb08_02.edf,2700.0,2704.0,0.25,0.35,80,0.0788289671272977,ok,0,12,10,0.0
chb08,chb08_02.edf,2700.0,2704.0,0.25,0.35,81,1.3564078638606267,ok,0,9,7,0.0
chb08,chb08_02.edf,2700.0,2704.0,0.25,0.7,62,0.8001817483147683,ok,0,8,7,0.0
chb08,chb08_02.edf,2700.0,2704.0,0.25,0.7,63,1.7305925118136112,ok,0,8,7,0.0
chb08,chb08_02.edf,2700.0,2704.0,0.25,0.7,64,0.7378001821813034,ok,0,7,6,0.0
chb08,chb08_02.edf,2700.0,2704.0,0.25,0.7,65,1.3140029285563757,ok,0,8,7,0.0
chb08,chb08_02.edf,2700.0,2704.0,0.25,0.7,66,0.3455869941264749,ok,0,11,9,0.0
chb08,chb08_02.edf,2700.0,2704.0,0.25,0.7,67,0.45006919054765904,ok,0,11,10,0.0
chb08,chb08_02.edf,2700.0,2704.0,0.25,0.7,68,0.6700508439166111,ok,0,9,8,0.0
chb08,chb08_02.edf,2700.0,2704.0,0.25,0.7,69,1.0900889443909572,ok,0,10,8,0.0
chb08,chb08_02.edf,2700.0,2704.0,0.25,0.7,70,0.22757873597035821,ok,0,9,8,0.0
chb08,chb08_02.edf,2700.0,2704.0,0.25,0.7,71,1.5974911756932915,ok,0,14,11,0.0
chb08,chb08_02.edf,2700.0,2704.0,0.25,0.7,72,0.9864342761784829,ok,0,9,8,0.0
chb08,chb08_02.edf,2700.0,2704.0,0.25,0.7,73,0.5365569125398213,ok,0,6,5,0.0
chb08,chb08_02.edf,2700.0,2704.0,0.25,0.7,74,0.3059239124978079,ok,0,12,9,0.0
chb08,chb08_02.edf,2700.0,2704.0,0.25,0.7,75,0.4939829336687462,ok,0,12,11,0.0
chb08,chb08_02.edf,2700.0,2704.0,0.25,0.7,76,0.37167714967654714,ok,0,12,11,0.0
chb08,chb08_02.edf,2700.0,2704.0,0.25,0.7,77,1.0198604286431217,ok,0,5,4,0.0
chb08,chb08_02.edf,2700.0,2704.0,0.25,0.7,78,1.2208461400558728,ok,0,11,9,0.0
chb08,chb08_02.edf,2700.0,2704.0,0.25,0.7,79,0.1568870781527907,ok,0,8,5,0.0
chb08,chb08_02.edf,2700.0,2704.0,0.25,0.7,80,0.09743871156398681,ok,0,12,11,0.0
chb08,chb08_02.edf,2700.0,2704.0,0.25,0.7,81,1.3564078638606267,ok,0,9,7,0.0
chb08,chb08_02.edf,2700.0,2704.0,0.5,0.0,62,0.5712931377579745,ok,0,12,11,0.0
chb08,chb08_02.edf,2700.0,2704.0,0.5,0.0,63,0.16726057798219393,ok,0,8,7,0.0
chb08,chb08_02.edf,2700.0,2704.0,0.5,0.0,64,0.19637001542360058,ok,0,9,8,0.0
chb08,chb08_02.edf,2700.0,2704.0,0.5,0.0,65,0.546024803519956,ok,0,10,8,0.0
chb08,chb08_02.edf,2700.0,2704.0,0.5,0.0,66,0.3428004452807938,ok,0,11,9,0.0
chb08,chb08_02.edf,2700.0,2704.0,0.5,0.0,67,0.9454773281444654,ok,0,7,6,0.0
chb08,chb08_02.edf,2700.0,2704.0,0.5,0.0,68,1.2291207868644798,ok,0,12,11,0.0
chb08,chb08_02.edf,2700.0,2704.0,0.5,0.0,69,1.1682562182790923,ok,0,9,7,0.0
chb08,chb08_02.edf,2700.0,2704.0,0.5,0.0,70,0.5111811702061327,ok,0,14,13,0.0
chb08,chb08_02.edf,2700.0,2704.0,0.5,0.0,71,1.8179982256514546,ok,0,11,9,0.0
chb08,chb08_02.edf,2700.0,2704.0,0.5,0.0,72,0.18642507739616473,ok,0,6,5,0.0
chb08,chb08_02.edf,2700.0,2704.0,0.5,0.0,73,0.6286253346157429,ok,0,10,9,0.0
chb08,chb08_02.edf,2700.0,2704.0,0.5,0.0,74,0.6476197533905482,ok,0,9,7,0.0
chb08,chb08_02.edf,2700.0,2704.0,0.5,0.0,75,0.9626906857352386,ok,0,12,10,0.0
chb08,chb08_02.edf,2700.0,2704.0,0.5,0.0,76,0.48840569686484475,ok,0,10,9,0.0
chb08,chb08_02.edf,2700.0,2704.0,0.5,0.0,77,1.4397992123948258,ok,0,10,9,0.0
chb08,chb08_02.edf,2700.0,2704.0,0.5,0.0,78,0.8783739115481473,ok,0,10,9,0.0
chb08,chb08_02.edf,2700.0,2704.0,0.5,0.0,79,0.6660998123404629,ok,0,8,7,0.0
chb08,chb08_02.edf,2700.0,2704.0,0.5,0.0,80,0.48943288169382493,ok,0,10,8,0.0
chb08,chb08_02.edf,2700.0,2704.0,0.5,0.0,81,1.3487816138931745,ok,0,10,9,0.0
chb08,chb08_02.edf,2700.0,2704.0,0.5,0.175,62,0.5712931377579745,ok,0,12,11,0.0
chb08,chb08_02.edf,2700.0,2704.0,0.5,0.175,63,0.20945292038035432,ok,0,9,8,0.0
chb08,chb08_02.edf,2700.0,2704.0,0.5,0.175,64,0.19637001542360058,ok,0,9,8,0.0
chb08,chb08_02.edf,2700.0,2704.0,0.5,0.175,65,0.5518250131061467,ok,0,10,8,0.0
chb08,chb08_02.edf,2700.0,2704.0,0.5,0.175,66,0.3428004452807938,ok,0,11,9,0.0
chb08,chb08_02.edf,2700.0,2704.0,0.5,0.175,67,0.9454773281444654,ok,0,7,6,0.0
chb08,chb08_02.edf,2700.0,2704.0,0.5,0.175,68,1.2291207868644798,ok,0,12,11,0.0
chb08,chb08_02.edf,2700.0,2704.0,0.5,0.175,69,1.2636524125816837,ok,0,9,8,0.0
chb08,chb08_02.edf,2700.0,2704.0,0.5,0.175,70,0.5061085554802268,ok,0,13,12,0.0
chb08,chb08_02.edf,2700.0,2704.0,0.5,0.175,71,1.8814282450408817,ok,0,11,10,0.0
chb08,chb08_02.edf,2700.0,2704.0,0.5,0.175,72,0.18642507739616473,ok,0,6,5,0.0
chb08,chb08_02.edf,2700.0,2704.0,0.5,0.175,73,0.6286253346157429,ok,0,10,9,0.0
chb08,chb08_02.edf,2700.0,2704.0,0.5,0.175,74,0.655280757217913,ok,0,10,8,0.0
chb08,chb08_02.edf,2700.0,2704.0,0.5,0.175,75,0.9304566943784026,ok,0,11,10,0.0
chb08,chb08_02.edf,2700.0,2704.0,0.5,0.175,76,0.41481810651347145,ok,0,11,10,0.0
chb08,chb08_02.edf,2700.0,2704.0,0.5,0.175,77,0.14113296980235743,ok,0,9,8,0.0
chb08,chb08_02.edf,2700.0,2704.0,0.5,0.175,78,0.8764622074007292,ok,0,10,9,0.0
chb08,chb08_02.edf,2700.0,2704.0,0.5,0.175,79,0.1878077787684282,ok,0,7,6,0.0
chb08,chb08_02.edf,2700.0,2704.0,0.5,0.175,80,0.5323112117185054,ok,0,9,7,0.0
chb08,chb08_02.edf,2700.0,2704.0,0.5,0.175,81,1.3485722789127093,ok,0,10,9,0.0
chb08,chb08_02.edf,2700.0,2704.0,0.5,0.35,62,0.5712931377579745,ok,0,12,11,0.0
chb08,chb08_02.edf,2700.0,2704.0,0.5,0.35,63,0.20945292038035432,ok,0,9,8,0.0
chb08,chb08_02.edf,2700.0,2704.0,0.5,0.35,64,0.19637001542360058,ok,0,9,8,0.0
chb08,chb08_02.edf,2700.0,2704.0,0.5,0.35,65,0.5518250131061467,ok,0,10,8,0.0
chb08,chb08_02.edf,2700.0,2704.0,0.5,0.35,66,0.3455869941264749,ok,0,11,9,0.0
chb08,chb08_02.edf,2700.0,2704.0,0.5,0.35,67,0.9454773281444654,ok,0,7,6,0.0
chb08,chb08_02.edf,2700.0,2704.0,0.5,0.35,68,1.2280564920118564,ok,0,12,11,0.0
chb08,chb08_02.edf,2700.0,2704.0,0.5,0.35,69,1.2691969794620996,ok,0,12,11,0.0
chb08,chb08_02.edf,2700.0,2704.0,0.5,0.35,70,0.5061085554802268,ok,0,13,12,0.0
chb08,chb08_02.edf,2700.0,2704.0,0.5,0.35,71,1.8814282450408817,ok,0,11,10,0.0
chb08,chb08_02.edf,2700.0,2704.0,0.5,0.35,72,0.18642507739616473,ok,0,6,5,0.0
chb08,chb08_02.edf,2700.0,2704.0,0.5,0.35,73,0.6032318324205259,ok,0,10,9,0.0
chb08,chb08_02.edf,2700.0,2704.0,0.5,0.35,74,0.6438873094192759,ok,0,10,8,0.0
chb08,chb08_02.edf,2700.0,2704.0,0.5,0.35,75,0.9304566943784026,ok,0,11,10,0.0
chb08,chb08_02.edf,2700.0,2704.0,0.5,0.35,76,0.27599152120261494,ok,0,10,9,0.0
chb08,chb08_02.edf,2700.0,2704.0,0.5,0.35,77,0.1403159073603611,ok,0,10,8,0.0
chb08,chb08_02.edf,2700.0,2704.0,0.5,0.35,78,0.5488753099198226,ok,0,11,10,0.0
chb08,chb08_02.edf,2700.0,2704.0,0.5,0.35,79,0.1878077787684282,ok,0,7,6,0.0
chb08,chb08_02.edf,2700.0,2704.0,0.5,0.35,80,0.5323112117185054,ok,0,9,7,0.0
chb08,chb08_02.edf,2700.0,2704.0,0.5,0.35,81,1.3949521781254495,ok,0,9,8,0.0
chb08,chb08_02.edf,2700.0,2704.0,0.5,0.7,62,0.5688992462639272,ok,0,12,11,0.0
chb08,chb08_02.edf,2700.0,2704.0,0.5,0.7,63,1.888135135586656,ok,0,9,7,0.0
chb08,chb08_02.edf,2700.0,2704.0,0.5,0.7,64,0.20765614426442824,ok,0,8,7,0.0
chb08,chb08_02.edf,2700.0,2704.0,0.5,0.7,65,1.4760323572149476,ok,0,11,9,0.0
chb08,chb08_02.edf,2700.0,2704.0,0.5,0.7,66,0.3455869941264749,ok,0,11,9,0.0
chb08,chb08_02.edf,2700.0,2704.0,0.5,0.7,67,0.9454773281444654,ok,0,7,6,0.0
chb08,chb08_02.edf,2700.0,2704.0,0.5,0.7,68,1.2941386613991324,ok,0,12,11,0.0
chb08,chb08_02.edf,2700.0,2704.0,0.5,0.7,69,1.3884362280748457,ok,0,10,9,0.0
chb08,chb08_02.edf,2700.0,2704.0,0.5,0.7,70,0.618518628925681,ok,0,12,11,0.0
chb08,chb08_02.edf,2700.0,2704.0,0.5,0.7,71,1.8513700946918532,ok,0,12,9,0.0
chb08,chb08_02.edf,2700.0,2704.0,0.5,0.7,72,0.1586900018443984,ok,0,6,5,0.0
chb08,chb08_02.edf,2700.0,2704.0,0.5,0.7,73,0.6148985909464229,ok,0,9,8,0.0
chb08,chb08_02.edf,2700.0,2704.0,0.5,0.7,74,0.6301298668335771,ok,0,10,8,0.0
chb08,chb08_02.edf,2700.0,2704.0,0.5,0.7,75,1.0310815470563193,ok,0,9,8,0.0
chb08,chb08_02.edf,2700.0,2704.0,0.5,0.7,76,0.2904781347835556,ok,0,9,8,0.0
chb08,chb08_02.edf,2700.0,2704.0,0.5,0.7,77,1.2738014913376523,ok,0,10,8,0.0
chb08,chb08_02.edf,2700.0,2704.0,0.5,0.7,78,0.5617987188461553,ok,0,10,8,0.0
chb08,chb08_02.edf,2700.0,2704.0,0.5,0.7,79,0.21740386109339177,ok,0,6,5,0.0
chb08,chb08_02.edf,2700.0,2704.0,0.5,0.7,80,0.5323112117185054,ok,0,9,7,0.0
chb08,chb08_02.edf,2700.0,2704.0,0.5,0.7,81,1.3564078638606267,ok,0,9,7,0.0
chb08,chb08_02.edf,2700.0,2704.0,1.0,0.0,62,0.7743914046997703,ok,0,11,10,0.0
chb08,chb08_02.edf,2700.0,2704.0,1.0,0.0,63,0.21488489744161204,ok,0,8,7,0.0
chb08,chb08_02.edf,2700.0,2704.0,1.0,0.0,64,0.17192047651837583,ok,0,10,9,0.0
chb08,chb08_02.edf,2700.0,2704.0,1.0,0.0,65,0.48620003231413916,ok,0,12,9,0.0
chb08,chb08_02.edf,2700.0,2704.0,1.0,0.0,66,1.3756822323974554,ok,0,13,11,0.0
chb08,chb08_02.edf,2700.0,2704.0,1.0,0.0,67,1.0067830609804835,ok,0,9,8,0.0
chb08,chb08_02.edf,2700.0,2704.0,1.0,0.0,68,1.5176810316646947,ok,0,13,11,0.0
chb08,chb08_02.edf,2700.0,2704.0,1.0,0.0,69,1.0610836315798138,ok,0,8,5,0.0
chb08,chb08_02.edf,2700.0,2704.0,1.0,0.0,70,0.981919803246944,ok,0,12,11,0.0
chb08,chb08_02.edf,2700.0,2704.0,1.0,0.0,71,1.7937447317653397,ok,0,10,8,0.0
chb08,chb08_02.edf,2700.0,2704.0,1.0,0.0,72,0.18642507739616473,ok,0,6,5,0.0
chb08,chb08_02.edf,2700.0,2704.0,1.0,0.0,73,0.5987516059102022,ok,0,9,8,0.0
chb08,chb08_02.edf,2700.0,2704.0,1.0,0.0,74,0.6443582292066723,ok,0,11,10,0.0
chb08,chb08_02.edf,2700.0,2704.0,1.0,0.0,75,1.65888681246551,ok,0,10,7,0.0
chb08,chb08_02.edf,2700.0,2704.0,1.0,0.0,76,0.22553402254439306,ok,0,12,11,0.0
chb08,chb08_02.edf,2700.0,2704.0,1.0,0.0,77,1.261454559020981,ok,0,10,9,0.0
chb08,chb08_02.edf,2700.0,2704.0,1.0,0.0,78,1.9856992051961986,ok,0,12,11,0.0
chb08,chb08_02.edf,2700.0,2704.0,1.0,0.0,79,0.1609368397508929,ok,0,7,6,0.0
chb08,chb08_02.edf,2700.0,2704.0,1.0,0.0,80,0.8375512923759941,ok,0,11,9,0.0
chb08,chb08_02.edf,2700.0,2704.0,1.0,0.0,81,1.3218647883394035,ok,0,10,8,0.0
chb08,chb08_02.edf,2700.0,2704.0,1.0,0.175,62,0.8181096350347377,ok,0,12,11,0.0
chb08,chb08_02.edf,2700.0,2704.0,1.0,0.175,63,0.2173990092096237,ok,0,9,8,0.0
chb08,chb08_02.edf,2700.0,2704.0,1.0,0.175,64,0.17192047651837583,ok,0,10,9,0.0
chb08,chb08_02.edf,2700.0,2704.0,1.0,0.175,65,0.49292157435773215,ok,0,12,10,0.0
chb08,chb08_02.edf,2700.0,2704.0,1.0,0.175,66,1.3756822323974554,ok,0,13,11,0.0
chb08,chb08_02.edf,2700.0,2704.0,1.0,0.175,67,1.0067830609804835,ok,0,9,8,0.0
chb08,chb08_02.edf,2700.0,2704.0,1.0,0.175,68,1.5190678532722897,ok,0,13,11,0.0
chb08,chb08_02.edf,2700.0,2704.0,1.0,0.175,69,1.0610836315798138,ok,0,8,5,0.0
chb08,chb08_02.edf,2700.0,2704.0,1.0,0.175,70,1.0713161689866328,ok,0,12,9,0.0
chb08,chb08_02.edf,2700.0,2704.0,1.0,0.175,71,1.7937447317653397,ok,0,10,8,0.0
chb08,chb08_02.edf,2700.0,2704.0,1.0,0.175,72,0.18642507739616473,ok,0,6,5,0.0
chb08,chb08_02.edf,2700.0,2704.0,1.0,0.175,73,0.5987516059102022,ok,0,9,8,0.0
chb08,chb08_02.edf,2700.0,2704.0,1.0,0.175,74,0.6443582292066723,ok,0,11,10,0.0
chb08,chb08_02.edf,2700.0,2704.0,1.0,0.175,75,1.5677500142982317,ok,0,10,8,0.0
chb08,chb08_02.edf,2700.0,2704.0,1.0,0.175,76,0.22553402254439306,ok,0,12,11,0.0
chb08,chb08_02.edf,2700.0,2704.0,1.0,0.175,77,1.261454559020981,ok,0,10,9,0.0
chb08,chb08_02.edf,2700.0,2704.0,1.0,0.175,78,1.9856992051961986,ok,0,12,11,0.0
chb08,chb08_02.edf,2700.0,2704.0,1.0,0.175,79,0.1609368397508929,ok,0,7,6,0.0
chb08,chb08_02.edf,2700.0,2704.0,1.0,0.175,80,0.9244954663863411,ok,0,10,8,0.0
chb08,chb08_02.edf,2700.0,2704.0,1.0,0.175,81,1.3218647883394035,ok,0,10,8,0.0
chb08,chb08_02.edf,2700.0,2704.0,1.0,0.35,62,0.8181096350347377,ok,0,12,11,0.0
chb08,chb08_02.edf,2700.0,2704.0,1.0,0.35,63,0.2156184166272027,ok,0,9,8,0.0
chb08,chb08_02.edf,2700.0,2704.0,1.0,0.35,64,0.17192047651837583,ok,0,10,9,0.0
chb08,chb08_02.edf,2700.0,2704.0,1.0,0.35,65,0.49292157435773215,ok,0,12,10,0.0
chb08,chb08_02.edf,2700.0,2704.0,1.0,0.35,66,1.3756822323974554,ok,0,13,11,0.0
chb08,chb08_02.edf,2700.0,2704.0,1.0,0.35,67,1.0276695755361174,ok,0,9,8,0.0
chb08,chb08_02.edf,2700.0,2704.0,1.0,0.35,68,1.5190678532722897,ok,0,13,11,0.0
chb08,chb08_02.edf,2700.0,2704.0,1.0,0.35,69,1.20327226737019,ok,0,8,6,0.0
chb08,chb08_02.edf,2700.0,2704.0,1.0,0.35,70,1.0713161689866328,ok,0,12,9,0.0
chb08,chb08_02.edf,2700.0,2704.0,1.0,0.35,71,1.7144437964910062,ok,0,11,7,0.0
chb08,chb08_02.edf,2700.0,2704.0,1.0,0.35,72,0.1692486635019696,ok,0,6,5,0.0
chb08,chb08_02.edf,2700.0,2704.0,1.0,0.35,73,0.6607166923201049,ok,0,10,9,0.0
chb08,chb08_02.edf,2700.0,2704.0,1.0,0.35,74,0.6279886886452494,ok,0,11,10,0.0
chb08,chb08_02.edf,2700.0,2704.0,1.0,0.35,75,1.557057939702112,ok,0,9,7,0.0
chb08,chb08_02.edf,2700.0,2704.0,1.0,0.35,76,0.22553402254439306,ok,0,12,11,0.0
chb08,chb08_02.edf,2700.0,2704.0,1.0,0.35,77,1.261454559020981,ok,0,10,9,0.0
chb08,chb08_02.edf,2700.0,2704.0,1.0,0.35,78,2.0009138479953363,ok,0,11,10,0.0
chb08,chb08_02.edf,2700.0,2704.0,1.0,0.35,79,0.1878077787684282,ok,0,7,6,0.0
chb08,chb08_02.edf,2700.0,2704.0,1.0,0.35,80,0.9244954663863411,ok,0,10,8,0.0
chb08,chb08_02.edf,2700.0,2704.0,1.0,0.35,81,1.3218647883394035,ok,0,10,8,0.0
chb08,chb08_02.edf,2700.0,2704.0,1.0,0.7,62,0.8181096350347377,ok,0,12,11,0.0
chb08,chb08_02.edf,2700.0,2704.0,1.0,0.7,63,0.21488489744161204,ok,0,8,7,0.0
chb08,chb08_02.edf,2700.0,2704.0,1.0,0.7,64,0.24211462901500436,ok,0,10,8,0.0
chb08,chb08_02.edf,2700.0,2704.0,1.0,0.7,65,0.5296074582075407,ok,0,13,10,0.0
chb08,chb08_02.edf,2700.0,2704.0,1.0,0.7,66,1.3756822323974554,ok,0,13,11,0.0
chb08,chb08_02.edf,2700.0,2704.0,1.0,0.7,67,1.0276695755361174,ok,0,9,8,0.0
chb08,chb08_02.edf,2700.0,2704.0,1.0,0.7,68,1.468285937156321,ok,0,12,10,0.0
chb08,chb08_02.edf,2700.0,2704.0,1.0,0.7,69,1.2948458999207466,ok,0,9,7,0.0
chb08,chb08_02.edf,2700.0,2704.0,1.0,0.7,70,1.0713161689866328,ok,0,12,9,0.0
chb08,chb08_02.edf,2700.0,2704.0,1.0,0.7,71,1.7144437964910062,ok,0,10,7,0.0
chb08,chb08_02.edf,2700.0,2704.0,1.0,0.7,72,0.1441883811414718,ok,0,6,5,0.0
chb08,chb08_02.edf,2700.0,2704.0,1.0,0.7,73,0.6509225070618303,ok,0,9,8,0.0
chb08,chb08_02.edf,2700.0,2704.0,1.0,0.7,74,0.676584872110286,ok,0,10,9,0.0
chb08,chb08_02.edf,2700.0,2704.0,1.0,0.7,75,1.557057939702112,ok,0,9,7,0.0
chb08,chb08_02.edf,2700.0,2704.0,1.0,0.7,76,0.22553402254439306,ok,0,12,11,0.0
chb08,chb08_02.edf,2700.0,2704.0,1.0,0.7,77,1.1103265386725685,ok,0,8,7,0.0
chb08,chb08_02.edf,2700.0,2704.0,1.0,0.7,78,2.0009138479953363,ok,0,11,10,0.0
chb08,chb08_02.edf,2700.0,2704.0,1.0,0.7,79,0.19984428196364598,ok,0,7,5,0.0
chb08,chb08_02.edf,2700.0,2704.0,1.0,0.7,80,0.9244954663863411,ok,0,10,8,0.0
chb08,chb08_02.edf,2700.0,2704.0,1.0,0.7,81,1.3218647883394035,ok,0,10,8,0.0
chb08,chb08_03.edf,904.0,908.0,0.25,0.0,62,0.6171842911523988,ok,0,10,9,0.0
chb08,chb08_03.edf,904.0,908.0,0.25,0.0,63,2.043747370146671,ok,0,9,8,0.0
chb08,chb08_03.edf,904.0,908.0,0.25,0.0,64,0.8756532617719204,ok,0,9,8,0.0
chb08,chb08_03.edf,904.0,908.0,0.25,0.0,65,0.9667718123938864,ok,0,11,10,0.0
chb08,chb08_03.edf,904.0,908.0,0.25,0.0,66,0.3631787913269073,ok,0,11,9,0.0
chb08,chb08_03.edf,904.0,908.0,0.25,0.0,67,0.8092054221906116,ok,0,11,9,0.0
chb08,chb08_03.edf,904.0,908.0,0.25,0.0,68,0.9681035064574081,ok,0,9,8,0.0
chb08,chb08_03.edf,904.0,908.0,0.25,0.0,69,1.241548694349417,ok,0,10,8,0.0
chb08,chb08_03.edf,904.0,908.0,0.25,0.0,70,0.2793983295119334,ok,0,9,8,0.0
chb08,chb08_03.edf,904.0,908.0,0.25,0.0,71,1.5904417843670142,ok,0,12,11,0.0
chb08,chb08_03.edf,904.0,908.0,0.25,0.0,72,0.9990557900479503,ok,0,11,9,0.0
chb08,chb08_03.edf,904.0,908.0,0.25,0.0,73,0.4814093715175572,ok,0,8,7,0.0
chb08,chb08_03.edf,904.0,908.0,0.25,0.0,74,0.6162790697674418,ok,0,11,8,0.0
chb08,chb08_03.edf,904.0,908.0,0.25,0.0,75,0.35394981220923855,ok,0,12,11,0.0
chb08,chb08_03.edf,904.0,908.0,0.25,0.0,76,0.3909772130214703,ok,0,12,11,0.0
chb08,chb08_03.edf,904.0,908.0,0.25,0.0,77,0.9447730595988872,ok,0,6,4,0.0
chb08,chb08_03.edf,904.0,908.0,0.25,0.0,78,1.3483863463099397,ok,0,11,10,0.0
chb08,chb08_03.edf,904.0,908.0,0.25,0.0,79,0.1609368397508929,ok,0,7,6,0.0
chb08,chb08_03.edf,904.0,908.0,0.25,0.0,80,0.1797136108456547,ok,0,12,10,0.0
chb08,chb08_03.edf,904.0,908.0,0.25,0.0,81,1.4033891062507988,ok,0,10,7,0.0
chb08,chb08_03.edf,904.0,908.0,0.25,0.175,62,0.4761415133645246,ok,0,12,11,0.0
chb08,chb08_03.edf,904.0,908.0,0.25,0.175,63,0.21474854260661275,ok,0,8,7,0.0
chb08,chb08_03.edf,904.0,908.0,0.25,0.175,64,0.8756532617719204,ok,0,9,8,0.0
chb08,chb08_03.edf,904.0,908.0,0.25,0.175,65,0.9667718123938864,ok,0,11,10,0.0
chb08,chb08_03.edf,904.0,908.0,0.25,0.175,66,0.3455869941264749,ok,0,11,9,0.0
chb08,chb08_03.edf,904.0,908.0,0.25,0.175,67,0.7843957830452922,ok,0,11,9,0.0
chb08,chb08_03.edf,904.0,908.0,0.25,0.175,68,0.9681035064574081,ok,0,9,8,0.0
chb08,chb08_03.edf,904.0,908.0,0.25,0.175,69,1.241548694349417,ok,0,10,8,0.0
chb08,chb08_03.edf,904.0,908.0,0.25,0.175,70,0.2793983295119334,ok,0,9,8,0.0
chb08,chb08_03.edf,904.0,908.0,0.25,0.175,71,1.6064083802046423,ok,0,12,11,0.0
chb08,chb08_03.edf,904.0,908.0,0.25,0.175,72,0.98985693963252,ok,0,11,9,0.0
chb08,chb08_03.edf,904.0,908.0,0.25,0.175,73,0.4918902501448239,ok,0,8,7,0.0
chb08,chb08_03.edf,904.0,908.0,0.25,0.175,74,0.6162790697674418,ok,0,11,8,0.0
chb08,chb08_03.edf,904.0,908.0,0.25,0.175,75,0.35394981220923855,ok,0,12,11,0.0
chb08,chb08_03.edf,904.0,908.0,0.25,0.175,76,0.6141251545787507,ok,0,11,10,0.0
chb08,chb08_03.edf,904.0,908.0,0.25,0.175,77,0.9447730595988872,ok,0,6,4,0.0
chb08,chb08_03.edf,904.0,908.0,0.25,0.175,78,1.3513144017973209,ok,0,10,9,0.0
chb08,chb08_03.edf,904.0,908.0,0.25,0.175,79,0.19232731454051805,ok,0,7,6,0.0
chb08,chb08_03.edf,904.0,908.0,0.25,0.175,80,0.1797136108456547,ok,0,12,10,0.0
chb08,chb08_03.edf,904.0,908.0,0.25,0.175,81,1.4033891062507988,ok,0,10,7,0.0
chb08,chb08_03.edf,904.0,908.0,0.25,0.35,62,0.6216716487633867,ok,0,12,10,0.0
chb08,chb08_03.edf,904.0,908.0,0.25,0.35,63,0.20231435162922284,ok,0,9,8,0.0
chb08,chb08_03.edf,904.0,908.0,0.25,0.35,64,0.8756532617719204,ok,0,9,8,0.0
chb08,chb08_03.edf,904.0,908.0,0.25,0.35,65,0.9589932968906486,ok,0,11,10,0.0
chb08,chb08_03.edf,904.0,908.0,0.25,0.35,66,0.3455869941264749,ok,0,11,9,0.0
chb08,chb08_03.edf,904.0,908.0,0.25,0.35,67,0.2994459014795729,ok,0,12,11,0.0
chb08,chb08_03.edf,904.0,908.0,0.25,0.35,68,1.0242035526750688,ok,0,10,9,0.0
chb08,chb08_03.edf,904.0,908.0,0.25,0.35,69,1.1475643884109248,ok,0,10,7,0.0
chb08,chb08_03.edf,904.0,908.0,0.25,0.35,70,0.2793983295119334,ok,0,9,8,0.0
chb08,chb08_03.edf,904.0,908.0,0.25,0.35,71,1.5746085983377303,ok,0,11,10,0.0
chb08,chb08_03.edf,904.0,908.0,0.25,0.35,72,0.98985693963252,ok,0,11,9,0.0
chb08,chb08_03.edf,904.0,908.0,0.25,0.35,73,0.4488198451353342,ok,0,9,8,0.0
chb08,chb08_03.edf,904.0,908.0,0.25,0.35,74,0.6162790697674418,ok,0,11,8,0.0
chb08,chb08_03.edf,904.0,908.0,0.25,0.35,75,0.35394981220923855,ok,0,12,11,0.0
chb08,chb08_03.edf,904.0,908.0,0.25,0.35,76,0.6763009319220294,ok,0,12,11,0.0
chb08,chb08_03.edf,904.0,908.0,0.25,0.35,77,0.8585052603311499,ok,0,7,5,0.0
chb08,chb08_03.edf,904.0,908.0,0.25,0.35,78,1.3297669753119874,ok,0,11,9,0.0
chb08,chb08_03.edf,904.0,908.0,0.25,0.35,79,0.19232731454051805,ok,0,7,6,0.0
chb08,chb08_03.edf,904.0,908.0,0.25,0.35,80,0.07514341600848125,ok,0,13,11,0.0
chb08,chb08_03.edf,904.0,908.0,0.25,0.35,81,1.353098704828062,ok,0,9,8,0.0
chb08,chb08_03.edf,904.0,908.0,0.25,0.7,62,0.5607604130401468,ok,0,11,9,0.0
chb08,chb08_03.edf,904.0,908.0,0.25,0.7,63,0.1672571669043557,ok,0,9,8,0.0
chb08,chb08_03.edf,904.0,908.0,0.25,0.7,64,0.7631259020132442,ok,0,8,7,0.0
chb08,chb08_03.edf,904.0,908.0,0.25,0.7,65,0.8916555717598251,ok,0,11,9,0.0
chb08,chb08_03.edf,904.0,908.0,0.25,0.7,66,0.48461402816988874,ok,0,11,8,0.0
chb08,chb08_03.edf,904.0,908.0,0.25,0.7,67,0.48337140040681353,ok,0,12,11,0.0
chb08,chb08_03.edf,904.0,908.0,0.25,0.7,68,1.0594964519057497,ok,0,9,8,0.0
chb08,chb08_03.edf,904.0,908.0,0.25,0.7,69,1.1475643884109248,ok,0,10,7,0.0
chb08,chb08_03.edf,904.0,908.0,0.25,0.7,70,0.2793983295119334,ok,0,9,8,0.0
chb08,chb08_03.edf,904.0,908.0,0.25,0.7,71,1.4637838520311486,ok,0,10,9,0.0
chb08,chb08_03.edf,904.0,908.0,0.25,0.7,72,0.901339717232051,ok,0,10,8,0.0
chb08,chb08_03.edf,904.0,908.0,0.25,0.7,73,0.428520235997582,ok,0,8,7,0.0
chb08,chb08_03.edf,904.0,908.0,0.25,0.7,74,0.7316684641278471,ok,0,11,9,0.0
chb08,chb08_03.edf,904.0,908.0,0.25,0.7,75,0.4112110738105775,ok,0,11,10,0.0
chb08,chb08_03.edf,904.0,908.0,0.25,0.7,76,0.9969753314437824,ok,0,10,8,0.0
chb08,chb08_03.edf,904.0,908.0,0.25,0.7,77,0.971486018695882,ok,0,5,4,0.0
chb08,chb08_03.edf,904.0,908.0,0.25,0.7,78,1.0697731493656515,ok,0,10,6,0.0
chb08,chb08_03.edf,904.0,908.0,0.25,0.7,79,0.07636035483212125,ok,0,8,7,0.0
chb08,chb08_03.edf,904.0,908.0,0.25,0.7,80,0.07536054245042771,ok,0,13,11,0.0
chb08,chb08_03.edf,904.0,908.0,0.25,0.7,81,1.2860212622746392,ok,0,9,5,0.0
chb08,chb08_03.edf,904.0,908.0,0.5,0.0,62,0.5712931377579745,ok,0,12,11,0.0
chb08,chb08_03.edf,904.0,908.0,0.5,0.0,63,0.16726057798219393,ok,0,8,7,0.0
chb08,chb08_03.edf,904.0,908.0,0.5,0.0,64,0.19637001542360058,ok,0,9,8,0.0
chb08,chb08_03.edf,904.0,908.0,0.5,0.0,65,0.546024803519956,ok,0,10,8,0.0
chb08,chb08_03.edf,904.0,908.0,0.5,0.0,66,0.3428004452807938,ok,0,11,9,0.0
chb08,chb08_03.edf,904.0,908.0,0.5,0.0,67,0.9454773281444654,ok,0,7,6,0.0
chb08,chb08_03.edf,904.0,908.0,0.5,0.0,68,1.2291207868644798,ok,0,12,11,0.0
chb08,chb08_03.edf,904.0,908.0,0.5,0.0,69,1.1682562182790923,ok,0,9,7,0.0
chb08,chb08_03.edf,904.0,908.0,0.5,0.0,70,0.5111811702061327,ok,0,14,13,0.0
chb08,chb08_03.edf,904.0,908.0,0.5,0.0,71,1.8179982256514546,ok,0,11,9,0.0
chb08,chb08_03.edf,904.0,908.0,0.5,0.0,72,0.18642507739616473,ok,0,6,5,0.0
chb08,chb08_03.edf,904.0,908.0,0.5,0.0,73,0.6286253346157429,ok,0,10,9,0.0
chb08,chb08_03.edf,904.0,908.0,0.5,0.0,74,0.6476197533905482,ok,0,9,7,0.0
chb08,chb08_03.edf,904.0,908.0,0.5,0.0,75,0.9626906857352386,ok,0,12,10,0.0
chb08,chb08_03.edf,904.0,908.0,0.5,0.0,76,0.48840569686484475,ok,0,10,9,0.0
chb08,chb08_03.edf,904.0,908.0,0.5,0.0,77,1.4397992123948258,ok,0,10,9,0.0
chb08,chb08_03.edf,904.0,908.0,0.5,0.0,78,0.8783739115481473,ok,0,10,9,0.0
chb08,chb08_03.edf,904.0,908.0,0.5,0.0,79,0.6660998123404629,ok,0,8,7,0.0
chb08,chb08_03.edf,904.0,908.0,0.5,0.0,80,0.48943288169382493,ok,0,10,8,0.0
chb08,chb08_03.edf,904.0,908.0,0.5,0.0,81,1.3487816138931745,ok,0,10,9,0.0
chb08,chb08_03.edf,904.0,908.0,0.5,0.175,62,0.5687028088741318,ok,0,12,11,0.0
chb08,chb08_03.edf,904.0,908.0,0.5,0.175,63,0.14655956456718455,ok,0,8,7,0.0
chb08,chb08_03.edf,904.0,908.0,0.5,0.175,64,0.32911106008116,ok,0,10,9,0.0
chb08,chb08_03.edf,904.0,908.0,0.5,0.175,65,0.546024803519956,ok,0,10,8,0.0
chb08,chb08_03.edf,904.0,908.0,0.5,0.175,66,0.3428004452807938,ok,0,11,9,0.0
chb08,chb08_03.edf,904.0,908.0,0.5,0.175,67,0.9454773281444654,ok,0,7,6,0.0
chb08,chb08_03.edf,904.0,908.0,0.5,0.175,68,1.341276321721398,ok,0,11,10,0.0
chb08,chb08_03.edf,904.0,908.0,0.5,0.175,69,1.1682562182790923,ok,0,9,7,0.0
chb08,chb08_03.edf,904.0,908.0,0.5,0.175,70,0.509154547108042,ok,0,14,13,0.0
chb08,chb08_03.edf,904.0,908.0,0.5,0.175,71,1.9023929873762566,ok,0,11,10,0.0
chb08,chb08_03.edf,904.0,908.0,0.5,0.175,72,0.18642507739616473,ok,0,6,5,0.0
chb08,chb08_03.edf,904.0,908.0,0.5,0.175,73,0.6286253346157429,ok,0,10,9,0.0
chb08,chb08_03.edf,904.0,908.0,0.5,0.175,74,0.655280757217913,ok,0,10,8,0.0
chb08,chb08_03.edf,904.0,908.0,0.5,0.175,75,0.9626906857352386,ok,0,12,10,0.0
chb08,chb08_03.edf,904.0,908.0,0.5,0.175,76,0.48840569686484475,ok,0,10,9,0.0
chb08,chb08_03.edf,904.0,908.0,0.5,0.175,77,1.4397992123948258,ok,0,10,9,0.0
chb08,chb08_03.edf,904.0,908.0,0.5,0.175,78,0.842869542983464,ok,0,10,9,0.0
chb08,chb08_03.edf,904.0,908.0,0.5,0.175,79,0.754250604692566,ok,0,9,6,0.0
chb08,chb08_03.edf,904.0,908.0,0.5,0.175,80,0.48943288169382493,ok,0,10,8,0.0
chb08,chb08_03.edf,904.0,908.0,0.5,0.175,81,1.3487816138931745,ok,0,10,9,0.0
chb08,chb08_03.edf,904.0,908.0,0.5,0.35,62,0.5687028088741318,ok,0,12,11,0.0
chb08,chb08_03.edf,904.0,908.0,0.5,0.35,63,0.14655956456718455,ok,0,8,7,0.0
chb08,chb08_03.edf,904.0,908.0,0.5,0.35,64,0.32911106008116,ok,0,10,9,0.0
chb08,chb08_03.edf,904.0,908.0,0.5,0.35,65,0.5816266869948237,ok,0,10,8,0.0
chb08,chb08_03.edf,904.0,908.0,0.5,0.35,66,0.3428004452807938,ok,0,11,9,0.0
chb08,chb08_03.edf,904.0,908.0,0.5,0.35,67,0.8377672197615914,ok,0,6,5,0.0
chb08,chb08_03.edf,904.0,908.0,0.5,0.35,68,1.341276321721398,ok,0,11,10,0.0
chb08,chb08_03.edf,904.0,908.0,0.5,0.35,69,1.1682562182790923,ok,0,9,7,0.0
chb08,chb08_03.edf,904.0,908.0,0.5,0.35,70,0.509154547108042,ok,0,14,13,0.0
chb08,chb08_03.edf,904.0,908.0,0.5,0.35,71,1.8714614905846687,ok,0,10,9,0.0
chb08,chb08_03.edf,904.0,908.0,0.5,0.35,72,1.6452873158340349,ok,0,7,6,0.0
chb08,chb08_03.edf,904.0,908.0,0.5,0.35,73,0.5748110033473974,ok,0,8,7,0.0
chb08,chb08_03.edf,904.0,908.0,0.5,0.35,74,0.655280757217913,ok,0,10,8,0.0
chb08,chb08_03.edf,904.0,908.0,0.5,0.35,75,0.9626906857352386,ok,0,12,10,0.0
chb08,chb08_03.edf,904.0,908.0,0.5,0.35,76,0.48840569686484475,ok,0,10,9,0.0
chb08,chb08_03.edf,904.0,908.0,0.5,0.35,77,1.4397992123948258,ok,0,10,9,0.0
chb08,chb08_03.edf,904.0,908.0,0.5,0.35,78,0.82586757944296,ok,0,10,8,0.0
chb08,chb08_03.edf,904.0,908.0,0.5,0.35,79,0.669588052462109,ok,0,8,7,0.0
chb08,chb08_03.edf,904.0,908.0,0.5,0.35,80,0.6462806672409313,ok,0,10,8,0.0
chb08,chb08_03.edf,904.0,908.0,0.5,0.35,81,1.3456350347813162,ok,0,10,9,0.0
chb08,chb08_03.edf,904.0,908.0,0.5,0.7,62,0.5718935337580275,ok,0,12,11,0.0
chb08,chb08_03.edf,904.0,908.0,0.5,0.7,63,0.1341085138747142,ok,0,8,7,0.0
chb08,chb08_03.edf,904.0,908.0,0.5,0.7,64,0.329796744939765,ok,0,10,9,0.0
chb08,chb08_03.edf,904.0,908.0,0.5,0.7,65,0.5820425542618379,ok,0,10,8,0.0
chb08,chb08_03.edf,904.0,908.0,0.5,0.7,66,0.3455869941264749,ok,0,11,9,0.0
chb08,chb08_03.edf,904.0,908.0,0.5,0.7,67,0.8377672197615914,ok,0,6,5,0.0
chb08,chb08_03.edf,904.0,908.0,0.5,0.7,68,1.4106501112626586,ok,0,11,10,0.0
chb08,chb08_03.edf,904.0,908.0,0.5,0.7,69,1.1682562182790923,ok,0,9,7,0.0
chb08,chb08_03.edf,904.0,908.0,0.5,0.7,70,0.462970501035923,ok,0,14,13,0.0
chb08,chb08_03.edf,904.0,908.0,0.5,0.7,71,1.8714614905846687,ok,0,10,9,0.0
chb08,chb08_03.edf,904.0,908.0,0.5,0.7,72,1.6452873158340349,ok,0,7,6,0.0
chb08,chb08_03.edf,904.0,908.0,0.5,0.7,73,0.5725006928715922,ok,0,8,7,0.0
chb08,chb08_03.edf,904.0,908.0,0.5,0.7,74,0.6045015994524977,ok,0,11,9,0.0
chb08,chb08_03.edf,904.0,908.0,0.5,0.7,75,0.8595081880119092,ok,0,12,10,0.0
chb08,chb08_03.edf,904.0,908.0,0.5,0.7,76,0.49210873425856594,ok,0,10,9,0.0
chb08,chb08_03.edf,904.0,908.0,0.5,0.7,77,1.4397992123948258,ok,0,10,9,0.0
chb08,chb08_03.edf,904.0,908.0,0.5,0.7,78,0.8441229546305814,ok,0,10,9,0.0
chb08,chb08_03.edf,904.0,908.0,0.5,0.7,79,0.05727026612409094,ok,0,8,7,0.0
chb08,chb08_03.edf,904.0,908.0,0.5,0.7,80,0.7351833422220551,ok,0,11,9,0.0
chb08,chb08_03.edf,904.0,908.0,0.5,0.7,81,1.314866424973238,ok,0,10,9,0.0
chb08,chb08_03.edf,904.0,908.0,1.0,0.0,62,0.7743914046997703,ok,0,11,10,0.0
chb08,chb08_03.edf,904.0,908.0,1.0,0.0,63,0.21488489744161204,ok,0,8,7,0.0
chb08,chb08_03.edf,904.0,908.0,1.0,0.0,64,0.17192047651837583,ok,0,10,9,0.0
chb08,chb08_03.edf,904.0,908.0,1.0,0.0,65,0.48620003231413916,ok,0,12,9,0.0
chb08,chb08_03.edf,904.0,908.0,1.0,0.0,66,1.3756822323974554,ok,0,13,11,0.0
chb08,chb08_03.edf,904.0,908.0,1.0,0.0,67,1.0067830609804835,ok,0,9,8,0.0
chb08,chb08_03.edf,904.0,908.0,1.0,0.0,68,1.5176810316646947,ok,0,13,11,0.0
chb08,chb08_03.edf,904.0,908.0,1.0,0.0,69,1.0610836315798138,ok,0,8,5,0.0
chb08,chb08_03.edf,904.0,908.0,1.0,0.0,70,0.981919803246944,ok,0,12,11,0.0
chb08,chb08_03.edf,904.0,908.0,1.0,0.0,71,1.7937447317653397,ok,0,10,8,0.0
chb08,chb08_03.edf,904.0,908.0,1.0,0.0,72,0.18642507739616473,ok,0,6,5,0.0
chb08,chb08_03.edf,904.0,908.0,1.0,0.0,73,0.5987516059102022,ok,0,9,8,0.0
chb08,chb08_03.edf,904.0,908.0,1.0,0.0,74,0.6443582292066723,ok,0,11,10,0.0
chb08,chb08_03.edf,904.0,908.0,1.0,0.0,75,1.65888681246551,ok,0,10,7,0.0
chb08,chb08_03.edf,904.0,908.0,1.0,0.0,76,0.22553402254439306,ok,0,12,11,0.0
chb08,chb08_03.edf,904.0,908.0,1.0,0.0,77,1.261454559020981,ok,0,10,9,0.0
chb08,chb08_03.edf,904.0,908.0,1.0,0.0,78,1.9856992051961986,ok,0,12,11,0.0
chb08,chb08_03.edf,904.0,908.0,1.0,0.0,79,0.1609368397508929,ok,0,7,6,0.0
chb08,chb08_03.edf,904.0,908.0,1.0,0.0,80,0.8375512923759941,ok,0,11,9,0.0
chb08,chb08_03.edf,904.0,908.0,1.0,0.0,81,1.3218647883394035,ok,0,10,8,0.0
chb08,chb08_03.edf,904.0,908.0,1.0,0.175,62,0.7743914046997703,ok,0,11,10,0.0
chb08,chb08_03.edf,904.0,908.0,1.0,0.175,63,0.14655956456718455,ok,0,8,7,0.0
chb08,chb08_03.edf,904.0,908.0,1.0,0.175,64,0.17599259780918877,ok,0,10,8,0.0
chb08,chb08_03.edf,904.0,908.0,1.0,0.175,65,0.48620003231413916,ok,0,12,9,0.0
chb08,chb08_03.edf,904.0,908.0,1.0,0.175,66,1.3756822323974554,ok,0,13,11,0.0
chb08,chb08_03.edf,904.0,908.0,1.0,0.175,67,1.0067830609804835,ok,0,9,8,0.0
chb08,chb08_03.edf,904.0,908.0,1.0,0.175,68,0.2073097915140307,ok,0,12,10,0.0
chb08,chb08_03.edf,904.0,908.0,1.0,0.175,69,1.0610836315798138,ok,0,8,5,0.0
chb08,chb08_03.edf,904.0,908.0,1.0,0.175,70,0.981919803246944,ok,0,12,11,0.0
chb08,chb08_03.edf,904.0,908.0,1.0,0.175,71,1.7937447317653397,ok,0,10,8,0.0
chb08,chb08_03.edf,904.0,908.0,1.0,0.175,72,0.1692486635019696,ok,0,6,5,0.0
chb08,chb08_03.edf,904.0,908.0,1.0,0.175,73,0.5823203888824564,ok,0,8,7,0.0
chb08,chb08_03.edf,904.0,908.0,1.0,0.175,74,0.6459406006850896,ok,0,11,10,0.0
chb08,chb08_03.edf,904.0,908.0,1.0,0.175,75,1.6701884111809937,ok,0,9,6,0.0
chb08,chb08_03.edf,904.0,908.0,1.0,0.175,76,0.22553402254439306,ok,0,12,11,0.0
chb08,chb08_03.edf,904.0,908.0,1.0,0.175,77,1.261454559020981,ok,0,10,9,0.0
chb08,chb08_03.edf,904.0,908.0,1.0,0.175,78,1.9866776844579666,ok,0,12,11,0.0
chb08,chb08_03.edf,904.0,908.0,1.0,0.175,79,0.1609368397508929,ok,0,7,6,0.0
chb08,chb08_03.edf,904.0,908.0,1.0,0.175,80,0.847592558041268,ok,0,12,10,0.0
chb08,chb08_03.edf,904.0,908.0,1.0,0.175,81,1.3218647883394035,ok,0,10,8,0.0
chb08,chb08_03.edf,904.0,908.0,1.0,0.35,62,0.7718735348950996,ok,0,11,10,0.0
chb08,chb08_03.edf,904.0,908.0,1.0,0.35,63,0.14655956456718455,ok,0,8,7,0.0
chb08,chb08_03.edf,904.0,908.0,1.0,0.35,64,0.18593135984721057,ok,0,10,8,0.0
chb08,chb08_03.edf,904.0,908.0,1.0,0.35,65,0.4850617704483031,ok,0,12,9,0.0
chb08,chb08_03.edf,904.0,908.0,1.0,0.35,66,1.5167540848237777,ok,0,12,10,0.0
chb08,chb08_03.edf,904.0,908.0,1.0,0.35,67,1.0067830609804835,ok,0,9,8,0.0
chb08,chb08_03.edf,904.0,908.0,1.0,0.35,68,0.2073097915140307,ok,0,12,10,0.0
chb08,chb08_03.edf,904.0,908.0,1.0,0.35,69,1.062607072954729,ok,0,9,6,0.0
chb08,chb08_03.edf,904.0,908.0,1.0,0.35,70,0.981919803246944,ok,0,12,11,0.0
chb08,chb08_03.edf,904.0,908.0,1.0,0.35,71,1.7937447317653397,ok,0,10,8,0.0
chb08,chb08_03.edf,904.0,908.0,1.0,0.35,72,0.1692486635019696,ok,0,6,5,0.0
chb08,chb08_03.edf,904.0,908.0,1.0,0.35,73,0.5823203888824564,ok,0,8,7,0.0
chb08,chb08_03.edf,904.0,908.0,1.0,0.35,74,0.6459406006850896,ok,0,11,10,0.0
chb08,chb08_03.edf,904.0,908.0,1.0,0.35,75,1.6701884111809937,ok,0,9,6,0.0
chb08,chb08_03.edf,904.0,908.0,1.0,0.35,76,0.22553402254439306,ok,0,12,11,0.0
chb08,chb08_03.edf,904.0,908.0,1.0,0.35,77,1.261454559020981,ok,0,10,9,0.0
chb08,chb08_03.edf,904.0,908.0,1.0,0.35,78,1.9876372132073012,ok,0,12,11,0.0
chb08,chb08_03.edf,904.0,908.0,1.0,0.35,79,0.1609368397508929,ok,0,7,6,0.0
chb08,chb08_03.edf,904.0,908.0,1.0,0.35,80,0.8662887374925173,ok,0,12,10,0.0
chb08,chb08_03.edf,904.0,908.0,1.0,0.35,81,1.3218647883394035,ok,0,10,8,0.0
chb08,chb08_03.edf,904.0,908.0,1.0,0.7,62,0.7498642839704829,ok,0,10,9,0.0
chb08,chb08_03.edf,904.0,908.0,1.0,0.7,63,0.14655956456718455,ok,0,8,7,0.0
chb08,chb08_03.edf,904.0,908.0,1.0,0.7,64,0.18593135984721057,ok,0,10,8,0.0
chb08,chb08_03.edf,904.0,908.0,1.0,0.7,65,0.4850617704483031,ok,0,12,9,0.0
chb08,chb08_03.edf,904.0,908.0,1.0,0.7,66,1.5167540848237777,ok,0,12,10,0.0
chb08,chb08_03.edf,904.0,908.0,1.0,0.7,67,1.0067830609804835,ok,0,9,8,0.0
chb08,chb08_03.edf,904.0,908.0,1.0,0.7,68,0.183207027198235,ok,0,11,10,0.0
chb08,chb08_03.edf,904.0,908.0,1.0,0.7,69,1.062607072954729,ok,0,9,6,0.0
chb08,chb08_03.edf,904.0,908.0,1.0,0.7,70,1.1309671453663774,ok,0,10,9,0.0
chb08,chb08_03.edf,904.0,908.0,1.0,0.7,71,1.7937447317653397,ok,0,10,8,0.0
chb08,chb08_03.edf,904.0,908.0,1.0,0.7,72,1.6452873158340349,ok,0,7,6,0.0
chb08,chb08_03.edf,904.0,908.0,1.0,0.7,73,0.5823203888824564,ok,0,8,7,0.0
chb08,chb08_03.edf,904.0,908.0,1.0,0.7,74,0.6459406006850896,ok,0,11,10,0.0
chb08,chb08_03.edf,904.0,908.0,1.0,0.7,75,1.6701884111809937,ok,0,9,6,0.0
chb08,chb08_03.edf,904.0,908.0,1.0,0.7,76,0.22553402254439306,ok,0,12,11,0.0
chb08,chb08_03.edf,904.0,908.0,1.0,0.7,77,1.1993834364071327,ok,0,9,8,0.0
chb08,chb08_03.edf,904.0,908.0,1.0,0.7,78,2.0382603534219803,ok,0,13,11,0.0
chb08,chb08_03.edf,904.0,908.0,1.0,0.7,79,0.19232731454051805,ok,0,7,6,0.0
chb08,chb08_03.edf,904.0,908.0,1.0,0.7,80,0.7510921026172248,ok,0,10,8,0.0
chb08,chb08_03.edf,904.0,908.0,1.0,0.7,81,1.3185160449229456,ok,0,10,8,0.0
chb08,chb08_03.edf,2700.0,2704.0,0.25,0.0,62,0.6171842911523988,ok,0,10,9,0.0
chb08,chb08_03.edf,2700.0,2704.0,0.25,0.0,63,2.043747370146671,ok,0,9,8,0.0
chb08,chb08_03.edf,2700.0,2704.0,0.25,0.0,64,0.8756532617719204,ok,0,9,8,0.0
chb08,chb08_03.edf,2700.0,2704.0,0.25,0.0,65,0.9667718123938864,ok,0,11,10,0.0
chb08,chb08_03.edf,2700.0,2704.0,0.25,0.0,66,0.3631787913269073,ok,0,11,9,0.0
chb08,chb08_03.edf,2700.0,2704.0,0.25,0.0,67,0.8092054221906116,ok,0,11,9,0.0
chb08,chb08_03.edf,2700.0,2704.0,0.25,0.0,68,0.9681035064574081,ok,0,9,8,0.0
chb08,chb08_03.edf,2700.0,2704.0,0.25,0.0,69,1.241548694349417,ok,0,10,8,0.0
chb08,chb08_03.edf,2700.0,2704.0,0.25,0.0,70,0.2793983295119334,ok,0,9,8,0.0
chb08,chb08_03.edf,2700.0,2704.0,0.25,0.0,71,1.5904417843670142,ok,0,12,11,0.0
chb08,chb08_03.edf,2700.0,2704.0,0.25,0.0,72,0.9990557900479503,ok,0,11,9,0.0
chb08,chb08_03.edf,2700.0,2704.0,0.25,0.0,73,0.4814093715175572,ok,0,8,7,0.0
chb08,chb08_03.edf,2700.0,2704.0,0.25,0.0,74,0.6162790697674418,ok,0,11,8,0.0
chb08,chb08_03.edf,2700.0,2704.0,0.25,0.0,75,0.35394981220923855,ok,0,12,11,0.0
chb08,chb08_03.edf,2700.0,2704.0,0.25,0.0,76,0.3909772130214703,ok,0,12,11,0.0
chb08,chb08_03.edf,2700.0,2704.0,0.25,0.0,77,0.9447730595988872,ok,0,6,4,0.0
chb08,chb08_03.edf,2700.0,2704.0,0.25,0.0,78,1.3483863463099397,ok,0,11,10,0.0
chb08,chb08_03.edf,2700.0,2704.0,0.25,0.0,79,0.1609368397508929,ok,0,7,6,0.0
chb08,chb08_03.edf,2700.0,2704.0,0.25,0.0,80,0.1797136108456547,ok,0,12,10,0.0
chb08,chb08_03.edf,2700.0,2704.0,0.25,0.0,81,1.4033891062507988,ok,0,10,7,0.0
chb08,chb08_03.edf,2700.0,2704.0,0.25,0.175,62,0.5617766713914811,ok,0,11,9,0.0
chb08,chb08_03.edf,2700.0,2704.0,0.25,0.175,63,0.227675812532863,ok,0,9,8,0.0
chb08,chb08_03.edf,2700.0,2704.0,0.25,0.175,64,0.8756532617719204,ok,0,9,8,0.0
chb08,chb08_03.edf,2700.0,2704.0,0.25,0.175,65,1.5039934639535797,ok,0,11,10,0.0
chb08,chb08_03.edf,2700.0,2704.0,0.25,0.175,66,0.3455869941264749,ok,0,11,9,0.0
chb08,chb08_03.edf,2700.0,2704.0,0.25,0.175,67,0.733371206693521,ok,0,11,9,0.0
chb08,chb08_03.edf,2700.0,2704.0,0.25,0.175,68,0.9681035064574081,ok,0,9,8,0.0
chb08,chb08_03.edf,2700.0,2704.0,0.25,0.175,69,1.241548694349417,ok,0,10,8,0.0
chb08,chb08_03.edf,2700.0,2704.0,0.25,0.175,70,0.2850088804323723,ok,0,8,7,0.0
chb08,chb08_03.edf,2700.0,2704.0,0.25,0.175,71,1.529316310105233,ok,0,12,10,0.0
chb08,chb08_03.edf,2700.0,2704.0,0.25,0.175,72,0.999228243504632,ok,0,11,9,0.0
chb08,chb08_03.edf,2700.0,2704.0,0.25,0.175,73,0.5053173768780573,ok,0,8,7,0.0
chb08,chb08_03.edf,2700.0,2704.0,0.25,0.175,74,0.7007289712652524,ok,0,11,9,0.0
chb08,chb08_03.edf,2700.0,2704.0,0.25,0.175,75,0.6366687309922168,ok,0,10,9,0.0
chb08,chb08_03.edf,2700.0,2704.0,0.25,0.175,76,1.110917787943133,ok,0,11,10,0.0
chb08,chb08_03.edf,2700.0,2704.0,0.25,0.175,77,0.9447730595988872,ok,0,6,4,0.0
chb08,chb08_03.edf,2700.0,2704.0,0.25,0.175,78,1.3407604740280588,ok,0,11,10,0.0
chb08,chb08_03.edf,2700.0,2704.0,0.25,0.175,79,0.1568870781527907,ok,0,8,5,0.0
chb08,chb08_03.edf,2700.0,2704.0,0.25,0.175,80,0.17655063606906146,ok,0,12,10,0.0
chb08,chb08_03.edf,2700.0,2704.0,0.25,0.175,81,1.3487816138931745,ok,0,10,9,0.0
chb08,chb08_03.edf,2700.0,2704.0,0.25,0.35,62,0.3752318473936703,ok,0,9,7,0.0
chb08,chb08_03.edf,2700.0,2704.0,0.25,0.35,63,0.227675812532863,ok,0,9,8,0.0
chb08,chb08_03.edf,2700.0,2704.0,0.25,0.35,64,0.8756532617719204,ok,0,9,8,0.0
chb08,chb08_03.edf,2700.0,2704.0,0.25,0.35,65,1.462802789735763,ok,0,11,10,0.0
chb08,chb08_03.edf,2700.0,2704.0,0.25,0.35,66,0.3455869941264749,ok,0,11,9,0.0
chb08,chb08_03.edf,2700.0,2704.0,0.25,0.35,67,0.6931826142887145,ok,0,10,9,0.0
chb08,chb08_03.edf,2700.0,2704.0,0.25,0.35,68,1.0063558092430327,ok,0,10,9,0.0
chb08,chb08_03.edf,2700.0,2704.0,0.25,0.35,69,1.1493631610129051,ok,0,9,7,0.0
chb08,chb08_03.edf,2700.0,2704.0,0.25,0.35,70,0.259335269635731,ok,0,7,6,0.0
chb08,chb08_03.edf,2700.0,2704.0,0.25,0.35,71,1.529316310105233,ok,0,12,10,0.0
chb08,chb08_03.edf,2700.0,2704.0,0.25,0.35,72,0.9354068227426323,ok,0,10,8,0.0
chb08,chb08_03.edf,2700.0,2704.0,0.25,0.35,73,0.5053173768780573,ok,0,8,7,0.0
chb08,chb08_03.edf,2700.0,2704.0,0.25,0.35,74,0.49519435149845187,ok,0,11,9,0.0
chb08,chb08_03.edf,2700.0,2704.0,0.25,0.35,75,0.6941808185152712,ok,0,10,9,0.0
chb08,chb08_03.edf,2700.0,2704.0,0.25,0.35,76,0.4166477697906885,ok,0,10,9,0.0
chb08,chb08_03.edf,2700.0,2704.0,0.25,0.35,77,0.5829376204882531,ok,0,8,6,0.0
chb08,chb08_03.edf,2700.0,2704.0,0.25,0.35,78,1.2879741326032694,ok,0,10,9,0.0
chb08,chb08_03.edf,2700.0,2704.0,0.25,0.35,79,0.1568870781527907,ok,0,8,5,0.0
chb08,chb08_03.edf,2700.0,2704.0,0.25,0.35,80,0.354987876346857,ok,0,12,10,0.0
chb08,chb08_03.edf,2700.0,2704.0,0.25,0.35,81,1.3284880245478177,ok,0,10,8,0.0
chb08,chb08_03.edf,2700.0,2704.0,0.25,0.7,62,1.610456721139222,ok,0,10,8,0.0
chb08,chb08_03.edf,2700.0,2704.0,0.25,0.7,63,0.21488489744161204,ok,0,8,7,0.0
chb08,chb08_03.edf,2700.0,2704.0,0.25,0.7,64,1.1067051102388965,ok,0,8,7,0.0
chb08,chb08_03.edf,2700.0,2704.0,0.25,0.7,65,1.017744322611977,ok,0,13,11,0.0
chb08,chb08_03.edf,2700.0,2704.0,0.25,0.7,66,0.3455869941264749,ok,0,11,9,0.0
chb08,chb08_03.edf,2700.0,2704.0,0.25,0.7,67,0.8692340241225057,ok,0,9,8,0.0
chb08,chb08_03.edf,2700.0,2704.0,0.25,0.7,68,1.1770858658276104,ok,0,8,7,0.0
chb08,chb08_03.edf,2700.0,2704.0,0.25,0.7,69,1.102393501618475,ok,0,9,7,0.0
chb08,chb08_03.edf,2700.0,2704.0,0.25,0.7,70,1.3604010058313214,ok,0,7,6,0.0
chb08,chb08_03.edf,2700.0,2704.0,0.25,0.7,71,1.590532165936656,ok,0,14,12,0.0
chb08,chb08_03.edf,2700.0,2704.0,0.25,0.7,72,0.9678388387644471,ok,0,12,10,0.0
chb08,chb08_03.edf,2700.0,2704.0,0.25,0.7,73,0.6502147669671654,ok,0,9,7,0.0
chb08,chb08_03.edf,2700.0,2704.0,0.25,0.7,74,0.6252025364965721,ok,0,10,9,0.0
chb08,chb08_03.edf,2700.0,2704.0,0.25,0.7,75,0.6924571276525069,ok,0,10,9,0.0
chb08,chb08_03.edf,2700.0,2704.0,0.25,0.7,76,0.34428594964787307,ok,0,8,7,0.0
chb08,chb08_03.edf,2700.0,2704.0,0.25,0.7,77,0.7379012193041876,ok,0,7,6,0.0
chb08,chb08_03.edf,2700.0,2704.0,0.25,0.7,78,1.5938032888438083,ok,0,9,7,0.0
chb08,chb08_03.edf,2700.0,2704.0,0.25,0.7,79,0.754250604692566,ok,0,9,6,0.0
chb08,chb08_03.edf,2700.0,2704.0,0.25,0.7,80,0.8974240460100457,ok,0,10,8,0.0
chb08,chb08_03.edf,2700.0,2704.0,0.25,0.7,81,1.3284880245478177,ok,0,10,8,0.0
chb08,chb08_03.edf,2700.0,2704.0,0.5,0.0,62,0.5712931377579745,ok,0,12,11,0.0
chb08,chb08_03.edf,2700.0,2704.0,0.5,0.0,63,0.16726057798219393,ok,0,8,7,0.0
chb08,chb08_03.edf,2700.0,2704.0,0.5,0.0,64,0.19637001542360058,ok,0,9,8,0.0
chb08,chb08_03.edf,2700.0,2704.0,0.5,0.0,65,0.546024803519956,ok,0,10,8,0.0
chb08,chb08_03.edf,2700.0,2704.0,0.5,0.0,66,0.3428004452807938,ok,0,11,9,0.0
chb08,chb08_03.edf,2700.0,2704.0,0.5,0.0,67,0.9454773281444654,ok,0,7,6,0.0
chb08,chb08_03.edf,2700.0,2704.0,0.5,0.0,68,1.2291207868644798,ok,0,12,11,0.0
chb08,chb08_03.edf,2700.0,2704.0,0.5,0.0,69,1.1682562182790923,ok,0,9,7,0.0
chb08,chb08_03.edf,2700.0,2704.0,0.5,0.0,70,0.5111811702061327,ok,0,14,13,0.0
chb08,chb08_03.edf,2700.0,2704.0,0.5,0.0,71,1.8179982256514546,ok,0,11,9,0.0
chb08,chb08_03.edf,2700.0,2704.0,0.5,0.0,72,0.18642507739616473,ok,0,6,5,0.0
chb08,chb08_03.edf,2700.0,2704.0,0.5,0.0,73,0.6286253346157429,ok,0,10,9,0.0
chb08,chb08_03.edf,2700.0,2704.0,0.5,0.0,74,0.6476197533905482,ok,0,9,7,0.0
chb08,chb08_03.edf,2700.0,2704.0,0.5,0.0,75,0.9626906857352386,ok,0,12,10,0.0
chb08,chb08_03.edf,2700.0,2704.0,0.5,0.0,76,0.48840569686484475,ok,0,10,9,0.0
chb08,chb08_03.edf,2700.0,2704.0,0.5,0.0,77,1.4397992123948258,ok,0,10,9,0.0
chb08,chb08_03.edf,2700.0,2704.0,0.5,0.0,78,0.8783739115481473,ok,0,10,9,0.0
chb08,chb08_03.edf,2700.0,2704.0,0.5,0.0,79,0.6660998123404629,ok,0,8,7,0.0
chb08,chb08_03.edf,2700.0,2704.0,0.5,0.0,80,0.48943288169382493,ok,0,10,8,0.0
chb08,chb08_03.edf,2700.0,2704.0,0.5,0.0,81,1.3487816138931745,ok,0,10,9,0.0
chb08,chb08_03.edf,2700.0,2704.0,0.5,0.175,62,0.5712931377579745,ok,0,12,11,0.0
chb08,chb08_03.edf,2700.0,2704.0,0.5,0.175,63,0.17253466291491212,ok,0,8,7,0.0
chb08,chb08_03.edf,2700.0,2704.0,0.5,0.175,64,0.33066737835270793,ok,0,10,9,0.0
chb08,chb08_03.edf,2700.0,2704.0,0.5,0.175,65,0.546024803519956,ok,0,10,8,0.0
chb08,chb08_03.edf,2700.0,2704.0,0.5,0.175,66,0.3428004452807938,ok,0,11,9,0.0
chb08,chb08_03.edf,2700.0,2704.0,0.5,0.175,67,0.7622950727839145,ok,0,6,5,0.0
chb08,chb08_03.edf,2700.0,2704.0,0.5,0.175,68,1.3399986404516504,ok,0,11,10,0.0
chb08,chb08_03.edf,2700.0,2704.0,0.5,0.175,69,1.2636524125816837,ok,0,9,8,0.0
chb08,chb08_03.edf,2700.0,2704.0,0.5,0.175,70,0.5111811702061327,ok,0,14,13,0.0
chb08,chb08_03.edf,2700.0,2704.0,0.5,0.175,71,1.8179982256514546,ok,0,11,9,0.0
chb08,chb08_03.edf,2700.0,2704.0,0.5,0.175,72,1.669875967966309,ok,0,7,6,0.0
chb08,chb08_03.edf,2700.0,2704.0,0.5,0.175,73,0.6276119505020267,ok,0,9,8,0.0
chb08,chb08_03.edf,2700.0,2704.0,0.5,0.175,74,0.6476197533905482,ok,0,9,7,0.0
chb08,chb08_03.edf,2700.0,2704.0,0.5,0.175,75,0.8323581375851096,ok,0,13,11,0.0
chb08,chb08_03.edf,2700.0,2704.0,0.5,0.175,76,0.4917726859794421,ok,0,11,10,0.0
chb08,chb08_03.edf,2700.0,2704.0,0.5,0.175,77,1.4397992123948258,ok,0,10,9,0.0
chb08,chb08_03.edf,2700.0,2704.0,0.5,0.175,78,0.54622793651452,ok,0,11,10,0.0
chb08,chb08_03.edf,2700.0,2704.0,0.5,0.175,79,0.754250604692566,ok,0,9,6,0.0
chb08,chb08_03.edf,2700.0,2704.0,0.5,0.175,80,0.7001723173641382,ok,0,11,9,0.0
chb08,chb08_03.edf,2700.0,2704.0,0.5,0.175,81,1.3487816138931745,ok,0,10,9,0.0
chb08,chb08_03.edf,2700.0,2704.0,0.5,0.35,62,0.5707725586448292,ok,0,12,11,0.0
chb08,chb08_03.edf,2700.0,2704.0,0.5,0.35,63,0.595406819955237,ok,0,9,8,0.0
chb08,chb08_03.edf,2700.0,2704.0,0.5,0.35,64,0.2685188392253952,ok,0,10,9,0.0
chb08,chb08_03.edf,2700.0,2704.0,0.5,0.35,65,0.546024803519956,ok,0,10,8,0.0
chb08,chb08_03.edf,2700.0,2704.0,0.5,0.35,66,0.3455869941264749,ok,0,11,9,0.0
chb08,chb08_03.edf,2700.0,2704.0,0.5,0.35,67,0.9880734755209108,ok,0,7,6,0.0
chb08,chb08_03.edf,2700.0,2704.0,0.5,0.35,68,1.3399986404516504,ok,0,11,10,0.0
chb08,chb08_03.edf,2700.0,2704.0,0.5,0.35,69,1.2636524125816837,ok,0,9,8,0.0
chb08,chb08_03.edf,2700.0,2704.0,0.5,0.35,70,0.6261426787098686,ok,0,13,12,0.0
chb08,chb08_03.edf,2700.0,2704.0,0.5,0.35,71,1.8179982256514546,ok,0,11,9,0.0
chb08,chb08_03.edf,2700.0,2704.0,0.5,0.35,72,1.669875967966309,ok,0,7,6,0.0
chb08,chb08_03.edf,2700.0,2704.0,0.5,0.35,73,0.6349031652085878,ok,0,8,7,0.0
chb08,chb08_03.edf,2700.0,2704.0,0.5,0.35,74,0.7489945842337558,ok,0,8,7,0.0
chb08,chb08_03.edf,2700.0,2704.0,0.5,0.35,75,0.8043448341752745,ok,0,11,9,0.0
chb08,chb08_03.edf,2700.0,2704.0,0.5,0.35,76,0.4917726859794421,ok,0,11,10,0.0
chb08,chb08_03.edf,2700.0,2704.0,0.5,0.35,77,1.4397992123948258,ok,0,10,9,0.0
chb08,chb08_03.edf,2700.0,2704.0,0.5,0.35,78,0.5488517291551781,ok,0,11,10,0.0
chb08,chb08_03.edf,2700.0,2704.0,0.5,0.35,79,0.754250604692566,ok,0,9,6,0.0
chb08,chb08_03.edf,2700.0,2704.0,0.5,0.35,80,0.7591718986108638,ok,0,10,8,0.0
chb08,chb08_03.edf,2700.0,2704.0,0.5,0.35,81,1.3282457340076834,ok,0,10,8,0.0
chb08,chb08_03.edf,2700.0,2704.0,0.5,0.7,62,0.80175544741419,ok,0,11,10,0.0
chb08,chb08_03.edf,2700.0,2704.0,0.5,0.7,63,0.604717419041281,ok,0,10,9,0.0
chb08,chb08_03.edf,2700.0,2704.0,0.5,0.7,64,0.2685188392253952,ok,0,10,9,0.0
chb08,chb08_03.edf,2700.0,2704.0,0.5,0.7,65,0.6704065130598147,ok,0,11,9,0.0
chb08,chb08_03.edf,2700.0,2704.0,0.5,0.7,66,0.1668781168560908,ok,0,11,9,0.0
chb08,chb08_03.edf,2700.0,2704.0,0.5,0.7,67,0.9832066006775827,ok,0,8,7,0.0
chb08,chb08_03.edf,2700.0,2704.0,0.5,0.7,68,1.3810776113050391,ok,0,11,10,0.0
chb08,chb08_03.edf,2700.0,2704.0,0.5,0.7,69,1.2364588014612197,ok,0,9,8,0.0
chb08,chb08_03.edf,2700.0,2704.0,0.5,0.7,70,0.7176462855888454,ok,0,12,11,0.0
chb08,chb08_03.edf,2700.0,2704.0,0.5,0.7,71,1.7530881326685384,ok,0,10,8,0.0
chb08,chb08_03.edf,2700.0,2704.0,0.5,0.7,72,1.3638469361510233,ok,0,8,7,0.0
chb08,chb08_03.edf,2700.0,2704.0,0.5,0.7,73,0.5477890645761102,ok,0,9,8,0.0
chb08,chb08_03.edf,2700.0,2704.0,0.5,0.7,74,0.727299812108651,ok,0,8,7,0.0
chb08,chb08_03.edf,2700.0,2704.0,0.5,0.7,75,0.8324399743675596,ok,0,11,9,0.0
chb08,chb08_03.edf,2700.0,2704.0,0.5,0.7,76,0.22114166414345368,ok,0,11,10,0.0
chb08,chb08_03.edf,2700.0,2704.0,0.5,0.7,77,1.2812950329640864,ok,0,10,8,0.0
chb08,chb08_03.edf,2700.0,2704.0,0.5,0.7,78,0.5908899969710167,ok,0,11,10,0.0
chb08,chb08_03.edf,2700.0,2704.0,0.5,0.7,79,0.754250604692566,ok,0,9,6,0.0
chb08,chb08_03.edf,2700.0,2704.0,0.5,0.7,80,0.6781889845337803,ok,0,9,7,0.0
chb08,chb08_03.edf,2700.0,2704.0,0.5,0.7,81,1.3284880245478177,ok,0,10,8,0.0
chb08,chb08_03.edf,2700.0,2704.0,1.0,0.0,62,0.7743914046997703,ok,0,11,10,0.0
chb08,chb08_03.edf,2700.0,2704.0,1.0,0.0,63,0.21488489744161204,ok,0,8,7,0.0
chb08,chb08_03.edf,2700.0,2704.0,1.0,0.0,64,0.17192047651837583,ok,0,10,9,0.0
chb08,chb08_03.edf,2700.0,2704.0,1.0,0.0,65,0.48620003231413916,ok,0,12,9,0.0
chb08,chb08_03.edf,2700.0,2704.0,1.0,0.0,66,1.3756822323974554,ok,0,13,11,0.0
chb08,chb08_03.edf,2700.0,2704.0,1.0,0.0,67,1.0067830609804835,ok,0,9,8,0.0
chb08,chb08_03.edf,2700.0,2704.0,1.0,0.0,68,1.5176810316646947,ok,0,13,11,0.0
chb08,chb08_03.edf,2700.0,2704.0,1.0,0.0,69,1.0610836315798138,ok,0,8,5,0.0
chb08,chb08_03.edf,2700.0,2704.0,1.0,0.0,70,0.981919803246944,ok,0,12,11,0.0
chb08,chb08_03.edf,2700.0,2704.0,1.0,0.0,71,1.7937447317653397,ok,0,10,8,0.0
chb08,chb08_03.edf,2700.0,2704.0,1.0,0.0,72,0.18642507739616473,ok,0,6,5,0.0
chb08,chb08_03.edf,2700.0,2704.0,1.0,0.0,73,0.5987516059102022,ok,0,9,8,0.0
chb08,chb08_03.edf,2700.0,2704.0,1.0,0.0,74,0.6443582292066723,ok,0,11,10,0.0
chb08,chb08_03.edf,2700.0,2704.0,1.0,0.0,75,1.65888681246551,ok,0,10,7,0.0
chb08,chb08_03.edf,2700.0,2704.0,1.0,0.0,76,0.22553402254439306,ok,0,12,11,0.0
chb08,chb08_03.edf,2700.0,2704.0,1.0,0.0,77,1.261454559020981,ok,0,10,9,0.0
chb08,chb08_03.edf,2700.0,2704.0,1.0,0.0,78,1.9856992051961986,ok,0,12,11,0.0
chb08,chb08_03.edf,2700.0,2704.0,1.0,0.0,79,0.1609368397508929,ok,0,7,6,0.0
chb08,chb08_03.edf,2700.0,2704.0,1.0,0.0,80,0.8375512923759941,ok,0,11,9,0.0
chb08,chb08_03.edf,2700.0,2704.0,1.0,0.0,81,1.3218647883394035,ok,0,10,8,0.0
chb08,chb08_03.edf,2700.0,2704.0,1.0,0.175,62,0.8181096350347377,ok,0,12,11,0.0
chb08,chb08_03.edf,2700.0,2704.0,1.0,0.175,63,0.21488489744161204,ok,0,8,7,0.0
chb08,chb08_03.edf,2700.0,2704.0,1.0,0.175,64,0.17192047651837583,ok,0,10,9,0.0
chb08,chb08_03.edf,2700.0,2704.0,1.0,0.175,65,0.48620003231413916,ok,0,12,9,0.0
chb08,chb08_03.edf,2700.0,2704.0,1.0,0.175,66,1.3756822323974554,ok,0,13,11,0.0
chb08,chb08_03.edf,2700.0,2704.0,1.0,0.175,67,1.0067830609804835,ok,0,9,8,0.0
chb08,chb08_03.edf,2700.0,2704.0,1.0,0.175,68,0.4749170925663271,ok,0,11,9,0.0
chb08,chb08_03.edf,2700.0,2704.0,1.0,0.175,69,1.062607072954729,ok,0,9,6,0.0
chb08,chb08_03.edf,2700.0,2704.0,1.0,0.175,70,0.981919803246944,ok,0,12,11,0.0
chb08,chb08_03.edf,2700.0,2704.0,1.0,0.175,71,1.7937447317653397,ok,0,10,8,0.0
chb08,chb08_03.edf,2700.0,2704.0,1.0,0.175,72,0.18642507739616473,ok,0,6,5,0.0
chb08,chb08_03.edf,2700.0,2704.0,1.0,0.175,73,0.6765236117286009,ok,0,9,8,0.0
chb08,chb08_03.edf,2700.0,2704.0,1.0,0.175,74,0.6443582292066723,ok,0,11,10,0.0
chb08,chb08_03.edf,2700.0,2704.0,1.0,0.175,75,1.6701884111809937,ok,0,9,6,0.0
chb08,chb08_03.edf,2700.0,2704.0,1.0,0.175,76,0.21554187051388352,ok,0,13,12,0.0
chb08,chb08_03.edf,2700.0,2704.0,1.0,0.175,77,1.261454559020981,ok,0,10,9,0.0
chb08,chb08_03.edf,2700.0,2704.0,1.0,0.175,78,2.0008167178077203,ok,0,11,10,0.0
chb08,chb08_03.edf,2700.0,2704.0,1.0,0.175,79,0.1609368397508929,ok,0,7,6,0.0
chb08,chb08_03.edf,2700.0,2704.0,1.0,0.175,80,0.8460001481744026,ok,0,12,10,0.0
chb08,chb08_03.edf,2700.0,2704.0,1.0,0.175,81,1.3218647883394035,ok,0,10,8,0.0
chb08,chb08_03.edf,2700.0,2704.0,1.0,0.35,62,0.8181096350347377,ok,0,12,11,0.0
chb08,chb08_03.edf,2700.0,2704.0,1.0,0.35,63,0.21488489744161204,ok,0,8,7,0.0
chb08,chb08_03.edf,2700.0,2704.0,1.0,0.35,64,0.17192047651837583,ok,0,10,9,0.0
chb08,chb08_03.edf,2700.0,2704.0,1.0,0.35,65,0.49292157435773215,ok,0,12,10,0.0
chb08,chb08_03.edf,2700.0,2704.0,1.0,0.35,66,1.4228765045277283,ok,0,11,9,0.0
chb08,chb08_03.edf,2700.0,2704.0,1.0,0.35,67,1.0067830609804835,ok,0,9,8,0.0
chb08,chb08_03.edf,2700.0,2704.0,1.0,0.35,68,0.49081149111016104,ok,0,11,9,0.0
chb08,chb08_03.edf,2700.0,2704.0,1.0,0.35,69,1.1764082802397795,ok,0,9,7,0.0
chb08,chb08_03.edf,2700.0,2704.0,1.0,0.35,70,1.3904374640962303,ok,0,9,8,0.0
chb08,chb08_03.edf,2700.0,2704.0,1.0,0.35,71,1.7937447317653397,ok,0,10,8,0.0
chb08,chb08_03.edf,2700.0,2704.0,1.0,0.35,72,0.18642507739616473,ok,0,6,5,0.0
chb08,chb08_03.edf,2700.0,2704.0,1.0,0.35,73,0.6765236117286009,ok,0,9,8,0.0
chb08,chb08_03.edf,2700.0,2704.0,1.0,0.35,74,0.6443582292066723,ok,0,11,10,0.0
chb08,chb08_03.edf,2700.0,2704.0,1.0,0.35,75,1.6701884111809937,ok,0,9,6,0.0
chb08,chb08_03.edf,2700.0,2704.0,1.0,0.35,76,0.21554187051388352,ok,0,13,12,0.0
chb08,chb08_03.edf,2700.0,2704.0,1.0,0.35,77,1.1993834364071327,ok,0,9,8,0.0
chb08,chb08_03.edf,2700.0,2704.0,1.0,0.35,78,2.0008167178077203,ok,0,11,10,0.0
chb08,chb08_03.edf,2700.0,2704.0,1.0,0.35,79,0.1609368397508929,ok,0,7,6,0.0
chb08,chb08_03.edf,2700.0,2704.0,1.0,0.35,80,0.699873671807865,ok,0,12,10,0.0
chb08,chb08_03.edf,2700.0,2704.0,1.0,0.35,81,1.215686175817603,ok,0,9,7,0.0
chb08,chb08_03.edf,2700.0,2704.0,1.0,0.7,62,0.8181096350347377,ok,0,12,11,0.0
chb08,chb08_03.edf,2700.0,2704.0,1.0,0.7,63,0.12926593967966718,ok,0,7,5,0.0
chb08,chb08_03.edf,2700.0,2704.0,1.0,0.7,64,0.1847126429483022,ok,0,10,9,0.0
chb08,chb08_03.edf,2700.0,2704.0,1.0,0.7,65,0.49183117746034816,ok,0,12,10,0.0
chb08,chb08_03.edf,2700.0,2704.0,1.0,0.7,66,1.4228765045277283,ok,0,11,9,0.0
chb08,chb08_03.edf,2700.0,2704.0,1.0,0.7,67,0.9398105896470922,ok,0,10,9,0.0
chb08,chb08_03.edf,2700.0,2704.0,1.0,0.7,68,0.49081149111016104,ok,0,11,9,0.0
chb08,chb08_03.edf,2700.0,2704.0,1.0,0.7,69,1.1764082802397795,ok,0,9,7,0.0
chb08,chb08_03.edf,2700.0,2704.0,1.0,0.7,70,1.14068068972836,ok,0,10,9,0.0
chb08,chb08_03.edf,2700.0,2704.0,1.0,0.7,71,1.7530881326685384,ok,0,10,8,0.0
chb08,chb08_03.edf,2700.0,2704.0,1.0,0.7,72,1.669875967966309,ok,0,7,6,0.0
chb08,chb08_03.edf,2700.0,2704.0,1.0,0.7,73,0.677113768574006,ok,0,9,8,0.0
chb08,chb08_03.edf,2700.0,2704.0,1.0,0.7,74,0.6441320509761861,ok,0,11,10,0.0
chb08,chb08_03.edf,2700.0,2704.0,1.0,0.7,75,0.10116463181224311,ok,0,10,8,0.0
chb08,chb08_03.edf,2700.0,2704.0,1.0,0.7,76,0.2708631787598698,ok,0,12,11,0.0
chb08,chb08_03.edf,2700.0,2704.0,1.0,0.7,77,1.1993834364071327,ok,0,9,8,0.0
chb08,chb08_03.edf,2700.0,2704.0,1.0,0.7,78,2.0007470558807694,ok,0,11,10,0.0
chb08,chb08_03.edf,2700.0,2704.0,1.0,0.7,79,0.2272301539919122,ok,0,7,5,0.0
chb08,chb08_03.edf,2700.0,2704.0,1.0,0.7,80,0.699873671807865,ok,0,12,10,0.0
chb08,chb08_03.edf,2700.0,2704.0,1.0,0.7,81,1.2772837504021064,ok,0,8,7,0.0
chb08,chb08_05.edf,904.0,908.0,0.25,0.0,62,0.6171842911523988,ok,0,10,9,0.0
chb08,chb08_05.edf,904.0,908.0,0.25,0.0,63,2.043747370146671,ok,0,9,8,0.0
chb08,chb08_05.edf,904.0,908.0,0.25,0.0,64,0.8756532617719204,ok,0,9,8,0.0
chb08,chb08_05.edf,904.0,908.0,0.25,0.0,65,0.9667718123938864,ok,0,11,10,0.0
chb08,chb08_05.edf,904.0,908.0,0.25,0.0,66,0.3631787913269073,ok,0,11,9,0.0
chb08,chb08_05.edf,904.0,908.0,0.25,0.0,67,0.8092054221906116,ok,0,11,9,0.0
chb08,chb08_05.edf,904.0,908.0,0.25,0.0,68,0.9681035064574081,ok,0,9,8,0.0
chb08,chb08_05.edf,904.0,908.0,0.25,0.0,69,1.241548694349417,ok,0,10,8,0.0
chb08,chb08_05.edf,904.0,908.0,0.25,0.0,70,0.2793983295119334,ok,0,9,8,0.0
chb08,chb08_05.edf,904.0,908.0,0.25,0.0,71,1.5904417843670142,ok,0,12,11,0.0
chb08,chb08_05.edf,904.0,908.0,0.25,0.0,72,0.9990557900479503,ok,0,11,9,0.0
chb08,chb08_05.edf,904.0,908.0,0.25,0.0,73,0.4814093715175572,ok,0,8,7,0.0
chb08,chb08_05.edf,904.0,908.0,0.25,0.0,74,0.6162790697674418,ok,0,11,8,0.0
chb08,chb08_05.edf,904.0,908.0,0.25,0.0,75,0.35394981220923855,ok,0,12,11,0.0
chb08,chb08_05.edf,904.0,908.0,0.25,0.0,76,0.3909772130214703,ok,0,12,11,0.0
chb08,chb08_05.edf,904.0,908.0,0.25,0.0,77,0.9447730595988872,ok,0,6,4,0.0
chb08,chb08_05.edf,904.0,908.0,0.25,0.0,78,1.3483863463099397,ok,0,11,10,0.0
chb08,chb08_05.edf,904.0,908.0,0.25,0.0,79,0.1609368397508929,ok,0,7,6,0.0
chb08,chb08_05.edf,904.0,908.0,0.25,0.0,80,0.1797136108456547,ok,0,12,10,0.0
chb08,chb08_05.edf,904.0,908.0,0.25,0.0,81,1.4033891062507988,ok,0,10,7,0.0
chb08,chb08_05.edf,904.0,908.0,0.25,0.175,62,0.7822003130652443,ok,0,9,8,0.0
chb08,chb08_05.edf,904.0,908.0,0.25,0.175,63,2.043813729291342,ok,0,9,8,0.0
chb08,chb08_05.edf,904.0,908.0,0.25,0.175,64,0.8756532617719204,ok,0,9,8,0.0
chb08,chb08_05.edf,904.0,908.0,0.25,0.175,65,0.9667718123938864,ok,0,11,10,0.0
chb08,chb08_05.edf,904.0,908.0,0.25,0.175,66,0.3631787913269073,ok,0,11,9,0.0
chb08,chb08_05.edf,904.0,908.0,0.25,0.175,67,0.8360475741516219,ok,0,11,9,0.0
chb08,chb08_05.edf,904.0,908.0,0.25,0.175,68,0.9548224725295615,ok,0,9,8,0.0
chb08,chb08_05.edf,904.0,908.0,0.25,0.175,69,1.1278302807453278,ok,0,11,9,0.0
chb08,chb08_05.edf,904.0,908.0,0.25,0.175,70,0.2793983295119334,ok,0,9,8,0.0
chb08,chb08_05.edf,904.0,908.0,0.25,0.175,71,1.5450415179488939,ok,0,12,10,0.0
chb08,chb08_05.edf,904.0,908.0,0.25,0.175,72,1.0062058136233727,ok,0,10,9,0.0
chb08,chb08_05.edf,904.0,908.0,0.25,0.175,73,0.5558433920097551,ok,0,7,6,0.0
chb08,chb08_05.edf,904.0,908.0,0.25,0.175,74,0.6162790697674418,ok,0,11,8,0.0
chb08,chb08_05.edf,904.0,908.0,0.25,0.175,75,0.61100352877444,ok,0,11,10,0.0
chb08,chb08_05.edf,904.0,908.0,0.25,0.175,76,0.3909772130214703,ok,0,12,11,0.0
chb08,chb08_05.edf,904.0,908.0,0.25,0.175,77,0.9447730595988872,ok,0,6,4,0.0
chb08,chb08_05.edf,904.0,908.0,0.25,0.175,78,1.3019074560201331,ok,0,11,9,0.0
chb08,chb08_05.edf,904.0,908.0,0.25,0.175,79,0.1609368397508929,ok,0,7,6,0.0
chb08,chb08_05.edf,904.0,908.0,0.25,0.175,80,0.18317349230170574,ok,0,11,9,0.0
chb08,chb08_05.edf,904.0,908.0,0.25,0.175,81,1.391697303472564,ok,0,9,8,0.0
chb08,chb08_05.edf,904.0,908.0,0.25,0.35,62,0.7728096094960322,ok,0,9,8,0.0
chb08,chb08_05.edf,904.0,908.0,0.25,0.35,63,0.2417776220959579,ok,0,8,7,0.0
chb08,chb08_05.edf,904.0,908.0,0.25,0.35,64,0.8756532617719204,ok,0,9,8,0.0
chb08,chb08_05.edf,904.0,908.0,0.25,0.35,65,0.7821238698639542,ok,0,14,12,0.0
chb08,chb08_05.edf,904.0,908.0,0.25,0.35,66,0.36581014159579417,ok,0,11,9,0.0
chb08,chb08_05.edf,904.0,908.0,0.25,0.35,67,0.7942382711096214,ok,0,10,9,0.0
chb08,chb08_05.edf,904.0,908.0,0.25,0.35,68,1.0325289261124768,ok,0,10,9,0.0
chb08,chb08_05.edf,904.0,908.0,0.25,0.35,69,1.1221179752307382,ok,0,11,9,0.0
chb08,chb08_05.edf,904.0,908.0,0.25,0.35,70,0.2793983295119334,ok,0,9,8,0.0
chb08,chb08_05.edf,904.0,908.0,0.25,0.35,71,1.5450415179488939,ok,0,12,10,0.0
chb08,chb08_05.edf,904.0,908.0,0.25,0.35,72,1.5159880770661958,ok,0,7,6,0.0
chb08,chb08_05.edf,904.0,908.0,0.25,0.35,73,0.5566507452986119,ok,0,7,6,0.0
chb08,chb08_05.edf,904.0,908.0,0.25,0.35,74,0.5763553515639465,ok,0,11,7,0.0
chb08,chb08_05.edf,904.0,908.0,0.25,0.35,75,0.48798861222980694,ok,0,10,9,0.0
chb08,chb08_05.edf,904.0,908.0,0.25,0.35,76,0.3909772130214703,ok,0,12,11,0.0
chb08,chb08_05.edf,904.0,908.0,0.25,0.35,77,0.9447730595988872,ok,0,6,4,0.0
chb08,chb08_05.edf,904.0,908.0,0.25,0.35,78,1.3019074560201331,ok,0,11,9,0.0
chb08,chb08_05.edf,904.0,908.0,0.25,0.35,79,0.1609368397508929,ok,0,7,6,0.0
chb08,chb08_05.edf,904.0,908.0,0.25,0.35,80,0.21944984326349362,ok,0,10,8,0.0
chb08,chb08_05.edf,904.0,908.0,0.25,0.35,81,1.3529940374376748,ok,0,9,8,0.0
chb08,chb08_05.edf,904.0,908.0,0.25,0.7,62,0.7540259669441356,ok,0,10,8,0.0
chb08,chb08_05.edf,904.0,908.0,0.25,0.7,63,1.7767158090228126,ok,0,9,8,0.0
chb08,chb08_05.edf,904.0,908.0,0.25,0.7,64,0.8649657080726679,ok,0,9,8,0.0
chb08,chb08_05.edf,904.0,908.0,0.25,0.7,65,0.9933485792699974,ok,0,13,11,0.0
chb08,chb08_05.edf,904.0,908.0,0.25,0.7,66,0.4521728670818213,ok,0,11,9,0.0
chb08,chb08_05.edf,904.0,908.0,0.25,0.7,67,0.48676143735631183,ok,0,11,9,0.0
chb08,chb08_05.edf,904.0,908.0,0.25,0.7,68,1.0467250221667357,ok,0,11,10,0.0
chb08,chb08_05.edf,904.0,908.0,0.25,0.7,69,1.0302336381130761,ok,0,10,8,0.0
chb08,chb08_05.edf,904.0,908.0,0.25,0.7,70,0.4380318473144032,ok,0,10,9,0.0
chb08,chb08_05.edf,904.0,908.0,0.25,0.7,71,1.5450415179488939,ok,0,12,10,0.0
chb08,chb08_05.edf,904.0,908.0,0.25,0.7,72,1.262647106590119,ok,0,8,7,0.0
chb08,chb08_05.edf,904.0,908.0,0.25,0.7,73,0.4005708589043999,ok,0,8,7,0.0
chb08,chb08_05.edf,904.0,908.0,0.25,0.7,74,0.3700186286056205,ok,0,11,7,0.0
chb08,chb08_05.edf,904.0,908.0,0.25,0.7,75,0.5253956439925314,ok,0,11,10,0.0
chb08,chb08_05.edf,904.0,908.0,0.25,0.7,76,0.3909772130214703,ok,0,12,11,0.0
chb08,chb08_05.edf,904.0,908.0,0.25,0.7,77,0.8082721727422603,ok,0,5,3,0.0
chb08,chb08_05.edf,904.0,908.0,0.25,0.7,78,1.1766506221446178,ok,0,10,8,0.0
chb08,chb08_05.edf,904.0,908.0,0.25,0.7,79,0.1609368397508929,ok,0,7,6,0.0
chb08,chb08_05.edf,904.0,908.0,0.25,0.7,80,0.23435988177120556,ok,0,10,8,0.0
chb08,chb08_05.edf,904.0,908.0,0.25,0.7,81,1.3529940374376748,ok,0,9,8,0.0
chb08,chb08_05.edf,904.0,908.0,0.5,0.0,62,0.5712931377579745,ok,0,12,11,0.0
chb08,chb08_05.edf,904.0,908.0,0.5,0.0,63,0.16726057798219393,ok,0,8,7,0.0
chb08,chb08_05.edf,904.0,908.0,0.5,0.0,64,0.19637001542360058,ok,0,9,8,0.0
chb08,chb08_05.edf,904.0,908.0,0.5,0.0,65,0.546024803519956,ok,0,10,8,0.0
chb08,chb08_05.edf,904.0,908.0,0.5,0.0,66,0.3428004452807938,ok,0,11,9,0.0
chb08,chb08_05.edf,904.0,908.0,0.5,0.0,67,0.9454773281444654,ok,0,7,6,0.0
chb08,chb08_05.edf,904.0,908.0,0.5,0.0,68,1.2291207868644798,ok,0,12,11,0.0
chb08,chb08_05.edf,904.0,908.0,0.5,0.0,69,1.1682562182790923,ok,0,9,7,0.0
chb08,chb08_05.edf,904.0,908.0,0.5,0.0,70,0.5111811702061327,ok,0,14,13,0.0
chb08,chb08_05.edf,904.0,908.0,0.5,0.0,71,1.8179982256514546,ok,0,11,9,0.0
chb08,chb08_05.edf,904.0,908.0,0.5,0.0,72,0.18642507739616473,ok,0,6,5,0.0
chb08,chb08_05.edf,904.0,908.0,0.5,0.0,73,0.6286253346157429,ok,0,10,9,0.0
chb08,chb08_05.edf,904.0,908.0,0.5,0.0,74,0.6476197533905482,ok,0,9,7,0.0
chb08,chb08_05.edf,904.0,908.0,0.5,0.0,75,0.9626906857352386,ok,0,12,10,0.0
chb08,chb08_05.edf,904.0,908.0,0.5,0.0,76,0.48840569686484475,ok,0,10,9,0.0
chb08,chb08_05.edf,904.0,908.0,0.5,0.0,77,1.4397992123948258,ok,0,10,9,0.0
chb08,chb08_05.edf,904.0,908.0,0.5,0.0,78,0.8783739115481473,ok,0,10,9,0.0
chb08,chb08_05.edf,904.0,908.0,0.5,0.0,79,0.6660998123404629,ok,0,8,7,0.0
chb08,chb08_05.edf,904.0,908.0,0.5,0.0,80,0.48943288169382493,ok,0,10,8,0.0
chb08,chb08_05.edf,904.0,908.0,0.5,0.0,81,1.3487816138931745,ok,0,10,9,0.0
chb08,chb08_05.edf,904.0,908.0,0.5,0.175,62,0.5267056902960866,ok,0,12,10,0.0
chb08,chb08_05.edf,904.0,908.0,0.5,0.175,63,0.16726057798219393,ok,0,8,7,0.0
chb08,chb08_05.edf,904.0,908.0,0.5,0.175,64,0.19637001542360058,ok,0,9,8,0.0
chb08,chb08_05.edf,904.0,908.0,0.5,0.175,65,0.546024803519956,ok,0,10,8,0.0
chb08,chb08_05.edf,904.0,908.0,0.5,0.175,66,0.3428004452807938,ok,0,11,9,0.0
chb08,chb08_05.edf,904.0,908.0,0.5,0.175,67,0.8377672197615914,ok,0,6,5,0.0
chb08,chb08_05.edf,904.0,908.0,0.5,0.175,68,1.2291207868644798,ok,0,12,11,0.0
chb08,chb08_05.edf,904.0,908.0,0.5,0.175,69,1.1682562182790923,ok,0,9,7,0.0
chb08,chb08_05.edf,904.0,908.0,0.5,0.175,70,0.509154547108042,ok,0,14,13,0.0
chb08,chb08_05.edf,904.0,908.0,0.5,0.175,71,1.8386018855277186,ok,0,11,9,0.0
chb08,chb08_05.edf,904.0,908.0,0.5,0.175,72,0.18642507739616473,ok,0,6,5,0.0
chb08,chb08_05.edf,904.0,908.0,0.5,0.175,73,0.6549965147374929,ok,0,9,8,0.0
chb08,chb08_05.edf,904.0,908.0,0.5,0.175,74,0.6476197533905482,ok,0,9,7,0.0
chb08,chb08_05.edf,904.0,908.0,0.5,0.175,75,0.9109122904933337,ok,0,11,10,0.0
chb08,chb08_05.edf,904.0,908.0,0.5,0.175,76,0.48840569686484475,ok,0,10,9,0.0
chb08,chb08_05.edf,904.0,908.0,0.5,0.175,77,1.487661106245009,ok,0,9,8,0.0
chb08,chb08_05.edf,904.0,908.0,0.5,0.175,78,0.8783739115481473,ok,0,10,9,0.0
chb08,chb08_05.edf,904.0,908.0,0.5,0.175,79,0.6660998123404629,ok,0,8,7,0.0
chb08,chb08_05.edf,904.0,908.0,0.5,0.175,80,0.48943288169382493,ok,0,10,8,0.0
chb08,chb08_05.edf,904.0,908.0,0.5,0.175,81,1.3487816138931745,ok,0,10,9,0.0
chb08,chb08_05.edf,904.0,908.0,0.5,0.35,62,0.5653536213890097,ok,0,11,9,0.0
chb08,chb08_05.edf,904.0,908.0,0.5,0.35,63,0.16726057798219393,ok,0,8,7,0.0
chb08,chb08_05.edf,904.0,908.0,0.5,0.35,64,0.19637001542360058,ok,0,9,8,0.0
chb08,chb08_05.edf,904.0,908.0,0.5,0.35,65,0.546024803519956,ok,0,10,8,0.0
chb08,chb08_05.edf,904.0,908.0,0.5,0.35,66,0.3375933909545367,ok,0,11,9,0.0
chb08,chb08_05.edf,904.0,908.0,0.5,0.35,67,0.8259219384381349,ok,0,5,4,0.0
chb08,chb08_05.edf,904.0,908.0,0.5,0.35,68,1.2291207868644798,ok,0,12,11,0.0
chb08,chb08_05.edf,904.0,908.0,0.5,0.35,69,1.05807512852026,ok,0,9,6,0.0
chb08,chb08_05.edf,904.0,908.0,0.5,0.35,70,0.509154547108042,ok,0,14,13,0.0
chb08,chb08_05.edf,904.0,908.0,0.5,0.35,71,1.8386018855277186,ok,0,11,9,0.0
chb08,chb08_05.edf,904.0,908.0,0.5,0.35,72,0.1792869781595604,ok,0,6,5,0.0
chb08,chb08_05.edf,904.0,908.0,0.5,0.35,73,0.6193312379653072,ok,0,10,9,0.0
chb08,chb08_05.edf,904.0,908.0,0.5,0.35,74,0.7488317702776065,ok,0,8,7,0.0
chb08,chb08_05.edf,904.0,908.0,0.5,0.35,75,0.9136376601076178,ok,0,11,10,0.0
chb08,chb08_05.edf,904.0,908.0,0.5,0.35,76,0.49210873425856594,ok,0,10,9,0.0
chb08,chb08_05.edf,904.0,908.0,0.5,0.35,77,1.4882095124675974,ok,0,9,8,0.0
chb08,chb08_05.edf,904.0,908.0,0.5,0.35,78,0.8729002070148495,ok,0,10,8,0.0
chb08,chb08_05.edf,904.0,908.0,0.5,0.35,79,0.1609368397508929,ok,0,7,6,0.0
chb08,chb08_05.edf,904.0,908.0,0.5,0.35,80,0.4327365884646405,ok,0,9,7,0.0
chb08,chb08_05.edf,904.0,908.0,0.5,0.35,81,1.3487816138931745,ok,0,10,9,0.0
chb08,chb08_05.edf,904.0,908.0,0.5,0.7,62,0.6458966948407887,ok,0,12,10,0.0
chb08,chb08_05.edf,904.0,908.0,0.5,0.7,63,0.16726057798219393,ok,0,8,7,0.0
chb08,chb08_05.edf,904.0,908.0,0.5,0.7,64,0.19269613344196232,ok,0,9,8,0.0
chb08,chb08_05.edf,904.0,908.0,0.5,0.7,65,0.546024803519956,ok,0,10,8,0.0
chb08,chb08_05.edf,904.0,908.0,0.5,0.7,66,0.177069760343317,ok,0,12,10,0.0
chb08,chb08_05.edf,904.0,908.0,0.5,0.7,67,0.5688103534923686,ok,0,5,4,0.0
chb08,chb08_05.edf,904.0,908.0,0.5,0.7,68,1.2666134458167462,ok,0,12,10,0.0
chb08,chb08_05.edf,904.0,908.0,0.5,0.7,69,0.9684416690365283,ok,0,9,7,0.0
chb08,chb08_05.edf,904.0,908.0,0.5,0.7,70,0.509154547108042,ok,0,14,13,0.0
chb08,chb08_05.edf,904.0,908.0,0.5,0.7,71,1.8386018855277186,ok,0,11,9,0.0
chb08,chb08_05.edf,904.0,908.0,0.5,0.7,72,0.23679731128714482,ok,0,6,5,0.0
chb08,chb08_05.edf,904.0,908.0,0.5,0.7,73,0.4621997520865384,ok,0,12,11,0.0
chb08,chb08_05.edf,904.0,908.0,0.5,0.7,74,0.6873727224048077,ok,0,8,6,0.0
chb08,chb08_05.edf,904.0,908.0,0.5,0.7,75,0.6112253702908587,ok,0,13,11,0.0
chb08,chb08_05.edf,904.0,908.0,0.5,0.7,76,0.49210873425856594,ok,0,10,9,0.0
chb08,chb08_05.edf,904.0,908.0,0.5,0.7,77,1.4885965011016011,ok,0,9,8,0.0
chb08,chb08_05.edf,904.0,908.0,0.5,0.7,78,0.9074068196265395,ok,0,10,8,0.0
chb08,chb08_05.edf,904.0,908.0,0.5,0.7,79,0.15218217883084012,ok,0,8,6,0.0
chb08,chb08_05.edf,904.0,908.0,0.5,0.7,80,0.36705834710470747,ok,0,9,7,0.0
chb08,chb08_05.edf,904.0,908.0,0.5,0.7,81,1.3487816138931745,ok,0,10,9,0.0
chb08,chb08_05.edf,904.0,908.0,1.0,0.0,62,0.7743914046997703,ok,0,11,10,0.0
chb08,chb08_05.edf,904.0,908.0,1.0,0.0,63,0.21488489744161204,ok,0,8,7,0.0
chb08,chb08_05.edf,904.0,908.0,1.0,0.0,64,0.17192047651837583,ok,0,10,9,0.0
chb08,chb08_05.edf,904.0,908.0,1.0,0.0,65,0.48620003231413916,ok,0,12,9,0.0
chb08,chb08_05.edf,904.0,908.0,1.0,0.0,66,1.3756822323974554,ok,0,13,11,0.0
chb08,chb08_05.edf,904.0,908.0,1.0,0.0,67,1.0067830609804835,ok,0,9,8,0.0
chb08,chb08_05.edf,904.0,908.0,1.0,0.0,68,1.5176810316646947,ok,0,13,11,0.0
chb08,chb08_05.edf,904.0,908.0,1.0,0.0,69,1.0610836315798138,ok,0,8,5,0.0
chb08,chb08_05.edf,904.0,908.0,1.0,0.0,70,0.981919803246944,ok,0,12,11,0.0
chb08,chb08_05.edf,904.0,908.0,1.0,0.0,71,1.7937447317653397,ok,0,10,8,0.0
chb08,chb08_05.edf,904.0,908.0,1.0,0.0,72,0.18642507739616473,ok,0,6,5,0.0
chb08,chb08_05.edf,904.0,908.0,1.0,0.0,73,0.5987516059102022,ok,0,9,8,0.0
chb08,chb08_05.edf,904.0,908.0,1.0,0.0,74,0.6443582292066723,ok,0,11,10,0.0
chb08,chb08_05.edf,904.0,908.0,1.0,0.0,75,1.65888681246551,ok,0,10,7,0.0
chb08,chb08_05.edf,904.0,908.0,1.0,0.0,76,0.22553402254439306,ok,0,12,11,0.0
chb08,chb08_05.edf,904.0,908.0,1.0,0.0,77,1.261454559020981,ok,0,10,9,0.0
chb08,chb08_05.edf,904.0,908.0,1.0,0.0,78,1.9856992051961986,ok,0,12,11,0.0
chb08,chb08_05.edf,904.0,908.0,1.0,0.0,79,0.1609368397508929,ok,0,7,6,0.0
chb08,chb08_05.edf,904.0,908.0,1.0,0.0,80,0.8375512923759941,ok,0,11,9,0.0
chb08,chb08_05.edf,904.0,908.0,1.0,0.0,81,1.3218647883394035,ok,0,10,8,0.0
chb08,chb08_05.edf,904.0,908.0,1.0,0.175,62,0.7235284167972417,ok,0,11,9,0.0
chb08,chb08_05.edf,904.0,908.0,1.0,0.175,63,0.16726057798219393,ok,0,8,7,0.0
chb08,chb08_05.edf,904.0,908.0,1.0,0.175,64,0.17192047651837583,ok,0,10,9,0.0
chb08,chb08_05.edf,904.0,908.0,1.0,0.175,65,0.48620003231413916,ok,0,12,9,0.0
chb08,chb08_05.edf,904.0,908.0,1.0,0.175,66,1.3756822323974554,ok,0,13,11,0.0
chb08,chb08_05.edf,904.0,908.0,1.0,0.175,67,1.0067830609804835,ok,0,9,8,0.0
chb08,chb08_05.edf,904.0,908.0,1.0,0.175,68,1.4921200874339864,ok,0,13,11,0.0
chb08,chb08_05.edf,904.0,908.0,1.0,0.175,69,1.0610836315798138,ok,0,8,5,0.0
chb08,chb08_05.edf,904.0,908.0,1.0,0.175,70,0.981919803246944,ok,0,12,11,0.0
chb08,chb08_05.edf,904.0,908.0,1.0,0.175,71,1.7937447317653397,ok,0,10,8,0.0
chb08,chb08_05.edf,904.0,908.0,1.0,0.175,72,0.18642507739616473,ok,0,6,5,0.0
chb08,chb08_05.edf,904.0,908.0,1.0,0.175,73,0.5987516059102022,ok,0,9,8,0.0
chb08,chb08_05.edf,904.0,908.0,1.0,0.175,74,0.6443582292066723,ok,0,11,10,0.0
chb08,chb08_05.edf,904.0,908.0,1.0,0.175,75,1.5912551774874504,ok,0,9,7,0.0
chb08,chb08_05.edf,904.0,908.0,1.0,0.175,76,0.22553402254439306,ok,0,12,11,0.0
chb08,chb08_05.edf,904.0,908.0,1.0,0.175,77,1.261454559020981,ok,0,10,9,0.0
chb08,chb08_05.edf,904.0,908.0,1.0,0.175,78,1.9856992051961986,ok,0,12,11,0.0
chb08,chb08_05.edf,904.0,908.0,1.0,0.175,79,0.1609368397508929,ok,0,7,6,0.0
chb08,chb08_05.edf,904.0,908.0,1.0,0.175,80,0.6497512507810509,ok,0,12,10,0.0
chb08,chb08_05.edf,904.0,908.0,1.0,0.175,81,1.3218647883394035,ok,0,10,8,0.0
chb08,chb08_05.edf,904.0,908.0,1.0,0.35,62,0.6951761120421585,ok,0,10,8,0.0
chb08,chb08_05.edf,904.0,908.0,1.0,0.35,63,0.16726057798219393,ok,0,8,7,0.0
chb08,chb08_05.edf,904.0,908.0,1.0,0.35,64,0.17192047651837583,ok,0,10,9,0.0
chb08,chb08_05.edf,904.0,908.0,1.0,0.35,65,0.48620003231413916,ok,0,12,9,0.0
chb08,chb08_05.edf,904.0,908.0,1.0,0.35,66,1.4500666645278386,ok,0,13,11,0.0
chb08,chb08_05.edf,904.0,908.0,1.0,0.35,67,1.0415983018471413,ok,0,10,9,0.0
chb08,chb08_05.edf,904.0,908.0,1.0,0.35,68,1.4921200874339864,ok,0,13,11,0.0
chb08,chb08_05.edf,904.0,908.0,1.0,0.35,69,1.0624655170906576,ok,0,8,6,0.0
chb08,chb08_05.edf,904.0,908.0,1.0,0.35,70,0.9299906530883366,ok,0,11,10,0.0
chb08,chb08_05.edf,904.0,908.0,1.0,0.35,71,1.7937447317653397,ok,0,10,8,0.0
chb08,chb08_05.edf,904.0,908.0,1.0,0.35,72,0.025983731852596812,ok,0,7,5,0.0
chb08,chb08_05.edf,904.0,908.0,1.0,0.35,73,0.5987516059102022,ok,0,9,8,0.0
chb08,chb08_05.edf,904.0,908.0,1.0,0.35,74,0.6443582292066723,ok,0,11,10,0.0
chb08,chb08_05.edf,904.0,908.0,1.0,0.35,75,1.0946662701802603,ok,0,9,7,0.0
chb08,chb08_05.edf,904.0,908.0,1.0,0.35,76,0.22553402254439306,ok,0,12,11,0.0
chb08,chb08_05.edf,904.0,908.0,1.0,0.35,77,1.1823574475580834,ok,0,9,8,0.0
chb08,chb08_05.edf,904.0,908.0,1.0,0.35,78,1.9241018879891916,ok,0,12,10,0.0
chb08,chb08_05.edf,904.0,908.0,1.0,0.35,79,0.1609368397508929,ok,0,7,6,0.0
chb08,chb08_05.edf,904.0,908.0,1.0,0.35,80,0.5729039914412765,ok,0,11,9,0.0
chb08,chb08_05.edf,904.0,908.0,1.0,0.35,81,1.3218647883394035,ok,0,10,8,0.0
chb08,chb08_05.edf,904.0,908.0,1.0,0.7,62,0.6951761120421585,ok,0,10,8,0.0
chb08,chb08_05.edf,904.0,908.0,1.0,0.7,63,0.16726057798219393,ok,0,8,7,0.0
chb08,chb08_05.edf,904.0,908.0,1.0,0.7,64,0.17192047651837583,ok,0,10,9,0.0
chb08,chb08_05.edf,904.0,908.0,1.0,0.7,65,0.48620003231413916,ok,0,12,9,0.0
chb08,chb08_05.edf,904.0,908.0,1.0,0.7,66,1.5332143628275376,ok,0,14,12,0.0
chb08,chb08_05.edf,904.0,908.0,1.0,0.7,67,0.950961039261691,ok,0,9,8,0.0
chb08,chb08_05.edf,904.0,908.0,1.0,0.7,68,1.4921200874339864,ok,0,13,11,0.0
chb08,chb08_05.edf,904.0,908.0,1.0,0.7,69,1.0624655170906576,ok,0,8,6,0.0
chb08,chb08_05.edf,904.0,908.0,1.0,0.7,70,0.59383448193089,ok,0,12,11,0.0
chb08,chb08_05.edf,904.0,908.0,1.0,0.7,71,1.7937447317653397,ok,0,10,8,0.0
chb08,chb08_05.edf,904.0,908.0,1.0,0.7,72,0.22848925854368135,ok,0,6,5,0.0
chb08,chb08_05.edf,904.0,908.0,1.0,0.7,73,0.599754010011926,ok,0,9,8,0.0
chb08,chb08_05.edf,904.0,908.0,1.0,0.7,74,0.5693595896839266,ok,0,10,8,0.0
chb08,chb08_05.edf,904.0,908.0,1.0,0.7,75,1.0347219061100064,ok,0,8,7,0.0
chb08,chb08_05.edf,904.0,908.0,1.0,0.7,76,0.22652733919178974,ok,0,12,11,0.0
chb08,chb08_05.edf,904.0,908.0,1.0,0.7,77,1.181677185598764,ok,0,8,7,0.0
chb08,chb08_05.edf,904.0,908.0,1.0,0.7,78,1.868793301280818,ok,0,11,9,0.0
chb08,chb08_05.edf,904.0,908.0,1.0,0.7,79,0.1609368397508929,ok,0,7,6,0.0
chb08,chb08_05.edf,904.0,908.0,1.0,0.7,80,0.6211089908157069,ok,0,10,8,0.0
chb08,chb08_05.edf,904.0,908.0,1.0,0.7,81,1.358734595506705,ok,0,9,7,0.0
chb08,chb08_05.edf,2700.0,2704.0,0.25,0.0,62,0.6171842911523988,ok,0,10,9,0.0
chb08,chb08_05.edf,2700.0,2704.0,0.25,0.0,63,2.043747370146671,ok,0,9,8,0.0
chb08,chb08_05.edf,2700.0,2704.0,0.25,0.0,64,0.8756532617719204,ok,0,9,8,0.0
chb08,chb08_05.edf,2700.0,2704.0,0.25,0.0,65,0.9667718123938864,ok,0,11,10,0.0
chb08,chb08_05.edf,2700.0,2704.0,0.25,0.0,66,0.3631787913269073,ok,0,11,9,0.0
chb08,chb08_05.edf,2700.0,2704.0,0.25,0.0,67,0.8092054221906116,ok,0,11,9,0.0
chb08,chb08_05.edf,2700.0,2704.0,0.25,0.0,68,0.9681035064574081,ok,0,9,8,0.0
chb08,chb08_05.edf,2700.0,2704.0,0.25,0.0,69,1.241548694349417,ok,0,10,8,0.0
chb08,chb08_05.edf,2700.0,2704.0,0.25,0.0,70,0.2793983295119334,ok,0,9,8,0.0
chb08,chb08_05.edf,2700.0,2704.0,0.25,0.0,71,1.5904417843670142,ok,0,12,11,0.0
chb08,chb08_05.edf,2700.0,2704.0,0.25,0.0,72,0.9990557900479503,ok,0,11,9,0.0
chb08,chb08_05.edf,2700.0,2704.0,0.25,0.0,73,0.4814093715175572,ok,0,8,7,0.0
chb08,chb08_05.edf,2700.0,2704.0,0.25,0.0,74,0.6162790697674418,ok,0,11,8,0.0
chb08,chb08_05.edf,2700.0,2704.0,0.25,0.0,75,0.35394981220923855,ok,0,12,11,0.0
chb08,chb08_05.edf,2700.0,2704.0,0.25,0.0,76,0.3909772130214703,ok,0,12,11,0.0
chb08,chb08_05.edf,2700.0,2704.0,0.25,0.0,77,0.9447730595988872,ok,0,6,4,0.0
chb08,chb08_05.edf,2700.0,2704.0,0.25,0.0,78,1.3483863463099397,ok,0,11,10,0.0
chb08,chb08_05.edf,2700.0,2704.0,0.25,0.0,79,0.1609368397508929,ok,0,7,6,0.0
chb08,chb08_05.edf,2700.0,2704.0,0.25,0.0,80,0.1797136108456547,ok,0,12,10,0.0
chb08,chb08_05.edf,2700.0,2704.0,0.25,0.0,81,1.4033891062507988,ok,0,10,7,0.0
chb08,chb08_05.edf,2700.0,2704.0,0.25,0.175,62,0.6196207900565306,ok,0,10,9,0.0
chb08,chb08_05.edf,2700.0,2704.0,0.25,0.175,63,2.043747370146671,ok,0,9,8,0.0
chb08,chb08_05.edf,2700.0,2704.0,0.25,0.175,64,0.8756532617719204,ok,0,9,8,0.0
chb08,chb08_05.edf,2700.0,2704.0,0.25,0.175,65,1.4330982587574554,ok,0,9,8,0.0
chb08,chb08_05.edf,2700.0,2704.0,0.25,0.175,66,0.3428004452807938,ok,0,11,9,0.0
chb08,chb08_05.edf,2700.0,2704.0,0.25,0.175,67,0.7837496720494512,ok,0,11,9,0.0
chb08,chb08_05.edf,2700.0,2704.0,0.25,0.175,68,1.0875365650393447,ok,0,11,10,0.0
chb08,chb08_05.edf,2700.0,2704.0,0.25,0.175,69,1.241548694349417,ok,0,10,8,0.0
chb08,chb08_05.edf,2700.0,2704.0,0.25,0.175,70,0.2793983295119334,ok,0,9,8,0.0
chb08,chb08_05.edf,2700.0,2704.0,0.25,0.175,71,1.3880944615992352,ok,0,13,12,0.0
chb08,chb08_05.edf,2700.0,2704.0,0.25,0.175,72,1.3638469361510233,ok,0,9,7,0.0
chb08,chb08_05.edf,2700.0,2704.0,0.25,0.175,73,0.5702255190401851,ok,0,10,8,0.0
chb08,chb08_05.edf,2700.0,2704.0,0.25,0.175,74,0.6162790697674418,ok,0,11,8,0.0
chb08,chb08_05.edf,2700.0,2704.0,0.25,0.175,75,0.39215394067812964,ok,0,12,11,0.0
chb08,chb08_05.edf,2700.0,2704.0,0.25,0.175,76,0.3909772130214703,ok,0,12,11,0.0
chb08,chb08_05.edf,2700.0,2704.0,0.25,0.175,77,0.8082721727422603,ok,0,5,3,0.0
chb08,chb08_05.edf,2700.0,2704.0,0.25,0.175,78,1.8281855767388948,ok,0,10,9,0.0
chb08,chb08_05.edf,2700.0,2704.0,0.25,0.175,79,0.1609368397508929,ok,0,7,6,0.0
chb08,chb08_05.edf,2700.0,2704.0,0.25,0.175,80,0.20805602846257226,ok,0,12,9,0.0
chb08,chb08_05.edf,2700.0,2704.0,0.25,0.175,81,1.391697303472564,ok,0,9,8,0.0
chb08,chb08_05.edf,2700.0,2704.0,0.25,0.35,62,0.5400723428234523,ok,0,13,12,0.0
chb08,chb08_05.edf,2700.0,2704.0,0.25,0.35,63,2.0341077992701977,ok,0,9,8,0.0
chb08,chb08_05.edf,2700.0,2704.0,0.25,0.35,64,0.8797157319407379,ok,0,9,8,0.0
chb08,chb08_05.edf,2700.0,2704.0,0.25,0.35,65,0.97042366415548,ok,0,10,9,0.0
chb08,chb08_05.edf,2700.0,2704.0,0.25,0.35,66,0.3428004452807938,ok,0,11,9,0.0
chb08,chb08_05.edf,2700.0,2704.0,0.25,0.35,67,0.5556841116541336,ok,0,11,9,0.0
chb08,chb08_05.edf,2700.0,2704.0,0.25,0.35,68,1.0875365650393447,ok,0,11,10,0.0
chb08,chb08_05.edf,2700.0,2704.0,0.25,0.35,69,1.1493631610129051,ok,0,9,7,0.0
chb08,chb08_05.edf,2700.0,2704.0,0.25,0.35,70,0.22757873597035821,ok,0,9,8,0.0
chb08,chb08_05.edf,2700.0,2704.0,0.25,0.35,71,1.3628018927705172,ok,0,13,12,0.0
chb08,chb08_05.edf,2700.0,2704.0,0.25,0.35,72,1.3638469361510233,ok,0,9,7,0.0
chb08,chb08_05.edf,2700.0,2704.0,0.25,0.35,73,0.5904975221055683,ok,0,11,9,0.0
chb08,chb08_05.edf,2700.0,2704.0,0.25,0.35,74,0.5865929763109278,ok,0,9,8,0.0
chb08,chb08_05.edf,2700.0,2704.0,0.25,0.35,75,0.41893966735645244,ok,0,11,10,0.0
chb08,chb08_05.edf,2700.0,2704.0,0.25,0.35,76,0.43223282992841533,ok,0,12,11,0.0
chb08,chb08_05.edf,2700.0,2704.0,0.25,0.35,77,0.8082721727422603,ok,0,5,3,0.0
chb08,chb08_05.edf,2700.0,2704.0,0.25,0.35,78,1.7775270058329495,ok,0,11,10,0.0
chb08,chb08_05.edf,2700.0,2704.0,0.25,0.35,79,0.1609368397508929,ok,0,7,6,0.0
chb08,chb08_05.edf,2700.0,2704.0,0.25,0.35,80,0.2129444026470889,ok,0,11,9,0.0
chb08,chb08_05.edf,2700.0,2704.0,0.25,0.35,81,1.391697303472564,ok,0,9,8,0.0
chb08,chb08_05.edf,2700.0,2704.0,0.25,0.7,62,1.0083632899674702,ok,0,9,8,0.0
chb08,chb08_05.edf,2700.0,2704.0,0.25,0.7,63,1.7513944647019914,ok,0,10,9,0.0
chb08,chb08_05.edf,2700.0,2704.0,0.25,0.7,64,0.9391414202040378,ok,0,8,7,0.0
chb08,chb08_05.edf,2700.0,2704.0,0.25,0.7,65,1.0413724345583981,ok,0,11,10,0.0
chb08,chb08_05.edf,2700.0,2704.0,0.25,0.7,66,0.3428004452807938,ok,0,11,9,0.0
chb08,chb08_05.edf,2700.0,2704.0,0.25,0.7,67,0.5566964569051159,ok,0,11,9,0.0
chb08,chb08_05.edf,2700.0,2704.0,0.25,0.7,68,1.150730541918113,ok,0,8,7,0.0
chb08,chb08_05.edf,2700.0,2704.0,0.25,0.7,69,0.8695102675345616,ok,0,9,7,0.0
chb08,chb08_05.edf,2700.0,2704.0,0.25,0.7,70,0.22757873597035821,ok,0,10,8,0.0
chb08,chb08_05.edf,2700.0,2704.0,0.25,0.7,71,1.3628018927705172,ok,0,13,12,0.0
chb08,chb08_05.edf,2700.0,2704.0,0.25,0.7,72,1.4573994427529395,ok,0,6,5,0.0
chb08,chb08_05.edf,2700.0,2704.0,0.25,0.7,73,0.5935775444072938,ok,0,11,8,0.0
chb08,chb08_05.edf,2700.0,2704.0,0.25,0.7,74,0.5816684354910546,ok,0,9,8,0.0
chb08,chb08_05.edf,2700.0,2704.0,0.25,0.7,75,0.6933752452815363,ok,0,13,11,0.0
chb08,chb08_05.edf,2700.0,2704.0,0.25,0.7,76,0.43223282992841533,ok,0,12,11,0.0
chb08,chb08_05.edf,2700.0,2704.0,0.25,0.7,77,0.47862947701624203,ok,0,6,4,0.0
chb08,chb08_05.edf,2700.0,2704.0,0.25,0.7,78,1.7126577076316243,ok,0,11,9,0.0
chb08,chb08_05.edf,2700.0,2704.0,0.25,0.7,79,0.1609368397508929,ok,0,7,6,0.0
chb08,chb08_05.edf,2700.0,2704.0,0.25,0.7,80,0.2183588224944225,ok,0,11,9,0.0
chb08,chb08_05.edf,2700.0,2704.0,0.25,0.7,81,1.3951320693161031,ok,0,9,8,0.0
chb08,chb08_05.edf,2700.0,2704.0,0.5,0.0,62,0.5712931377579745,ok,0,12,11,0.0
chb08,chb08_05.edf,2700.0,2704.0,0.5,0.0,63,0.16726057798219393,ok,0,8,7,0.0
chb08,chb08_05.edf,2700.0,2704.0,0.5,0.0,64,0.19637001542360058,ok,0,9,8,0.0
chb08,chb08_05.edf,2700.0,2704.0,0.5,0.0,65,0.546024803519956,ok,0,10,8,0.0
chb08,chb08_05.edf,2700.0,2704.0,0.5,0.0,66,0.3428004452807938,ok,0,11,9,0.0
chb08,chb08_05.edf,2700.0,2704.0,0.5,0.0,67,0.9454773281444654,ok,0,7,6,0.0
chb08,chb08_05.edf,2700.0,2704.0,0.5,0.0,68,1.2291207868644798,ok,0,12,11,0.0
chb08,chb08_05.edf,2700.0,2704.0,0.5,0.0,69,1.1682562182790923,ok,0,9,7,0.0
chb08,chb08_05.edf,2700.0,2704.0,0.5,0.0,70,0.5111811702061327,ok,0,14,13,0.0
chb08,chb08_05.edf,2700.0,2704.0,0.5,0.0,71,1.8179982256514546,ok,0,11,9,0.0
chb08,chb08_05.edf,2700.0,2704.0,0.5,0.0,72,0.18642507739616473,ok,0,6,5,0.0
chb08,chb08_05.edf,2700.0,2704.0,0.5,0.0,73,0.6286253346157429,ok,0,10,9,0.0
chb08,chb08_05.edf,2700.0,2704.0,0.5,0.0,74,0.6476197533905482,ok,0,9,7,0.0
chb08,chb08_05.edf,2700.0,2704.0,0.5,0.0,75,0.9626906857352386,ok,0,12,10,0.0
chb08,chb08_05.edf,2700.0,2704.0,0.5,0.0,76,0.48840569686484475,ok,0,10,9,0.0
chb08,chb08_05.edf,2700.0,2704.0,0.5,0.0,77,1.4397992123948258,ok,0,10,9,0.0
chb08,chb08_05.edf,2700.0,2704.0,0.5,0.0,78,0.8783739115481473,ok,0,10,9,0.0
chb08,chb08_05.edf,2700.0,2704.0,0.5,0.0,79,0.6660998123404629,ok,0,8,7,0.0
chb08,chb08_05.edf,2700.0,2704.0,0.5,0.0,80,0.48943288169382493,ok,0,10,8,0.0
chb08,chb08_05.edf,2700.0,2704.0,0.5,0.0,81,1.3487816138931745,ok,0,10,9,0.0
chb08,chb08_05.edf,2700.0,2704.0,0.5,0.175,62,0.5712931377579745,ok,0,12,11,0.0
chb08,chb08_05.edf,2700.0,2704.0,0.5,0.175,63,0.16726057798219393,ok,0,8,7,0.0
chb08,chb08_05.edf,2700.0,2704.0,0.5,0.175,64,0.19637001542360058,ok,0,9,8,0.0
chb08,chb08_05.edf,2700.0,2704.0,0.5,0.175,65,0.546024803519956,ok,0,10,8,0.0
chb08,chb08_05.edf,2700.0,2704.0,0.5,0.175,66,0.3428004452807938,ok,0,11,9,0.0
chb08,chb08_05.edf,2700.0,2704.0,0.5,0.175,67,0.9220659889498258,ok,0,7,6,0.0
chb08,chb08_05.edf,2700.0,2704.0,0.5,0.175,68,1.2291207868644798,ok,0,12,11,0.0
chb08,chb08_05.edf,2700.0,2704.0,0.5,0.175,69,1.2636524125816837,ok,0,9,8,0.0
chb08,chb08_05.edf,2700.0,2704.0,0.5,0.175,70,0.6317608736214194,ok,0,13,12,0.0
chb08,chb08_05.edf,2700.0,2704.0,0.5,0.175,71,1.5475911032956122,ok,0,12,10,0.0
chb08,chb08_05.edf,2700.0,2704.0,0.5,0.175,72,0.18642507739616473,ok,0,6,5,0.0
chb08,chb08_05.edf,2700.0,2704.0,0.5,0.175,73,0.6557661106547307,ok,0,10,9,0.0
chb08,chb08_05.edf,2700.0,2704.0,0.5,0.175,74,0.6476197533905482,ok,0,9,7,0.0
chb08,chb08_05.edf,2700.0,2704.0,0.5,0.175,75,0.8323581375851096,ok,0,13,11,0.0
chb08,chb08_05.edf,2700.0,2704.0,0.5,0.175,76,0.34415839359031664,ok,0,12,11,0.0
chb08,chb08_05.edf,2700.0,2704.0,0.5,0.175,77,1.4397992123948258,ok,0,10,9,0.0
chb08,chb08_05.edf,2700.0,2704.0,0.5,0.175,78,0.8783739115481473,ok,0,10,9,0.0
chb08,chb08_05.edf,2700.0,2704.0,0.5,0.175,79,0.6660998123404629,ok,0,8,7,0.0
chb08,chb08_05.edf,2700.0,2704.0,0.5,0.175,80,0.5829054967159214,ok,0,9,7,0.0
chb08,chb08_05.edf,2700.0,2704.0,0.5,0.175,81,1.3487816138931745,ok,0,10,9,0.0
chb08,chb08_05.edf,2700.0,2704.0,0.5,0.35,62,0.7334273171670391,ok,0,12,10,0.0
chb08,chb08_05.edf,2700.0,2704.0,0.5,0.35,63,0.16726057798219393,ok,0,8,7,0.0
chb08,chb08_05.edf,2700.0,2704.0,0.5,0.35,64,0.19637001542360058,ok,0,9,8,0.0
chb08,chb08_05.edf,2700.0,2704.0,0.5,0.35,65,0.5518250131061467,ok,0,10,8,0.0
chb08,chb08_05.edf,2700.0,2704.0,0.5,0.35,66,0.3428004452807938,ok,0,11,9,0.0
chb08,chb08_05.edf,2700.0,2704.0,0.5,0.35,67,0.9220659889498258,ok,0,7,6,0.0
chb08,chb08_05.edf,2700.0,2704.0,0.5,0.35,68,1.2474735568861723,ok,0,12,11,0.0
chb08,chb08_05.edf,2700.0,2704.0,0.5,0.35,69,1.2636524125816837,ok,0,9,8,0.0
chb08,chb08_05.edf,2700.0,2704.0,0.5,0.35,70,0.5291576115228777,ok,0,14,13,0.0
chb08,chb08_05.edf,2700.0,2704.0,0.5,0.35,71,1.5136559686529159,ok,0,12,10,0.0
chb08,chb08_05.edf,2700.0,2704.0,0.5,0.35,72,0.1692486635019696,ok,0,6,5,0.0
chb08,chb08_05.edf,2700.0,2704.0,0.5,0.35,73,0.6557661106547307,ok,0,10,9,0.0
chb08,chb08_05.edf,2700.0,2704.0,0.5,0.35,74,0.6476197533905482,ok,0,9,7,0.0
chb08,chb08_05.edf,2700.0,2704.0,0.5,0.35,75,1.01342630317765,ok,0,12,10,0.0
chb08,chb08_05.edf,2700.0,2704.0,0.5,0.35,76,0.34415839359031664,ok,0,12,11,0.0
chb08,chb08_05.edf,2700.0,2704.0,0.5,0.35,77,1.4397992123948258,ok,0,10,9,0.0
chb08,chb08_05.edf,2700.0,2704.0,0.5,0.35,78,0.8783739115481473,ok,0,10,9,0.0
chb08,chb08_05.edf,2700.0,2704.0,0.5,0.35,79,0.1609368397508929,ok,0,7,6,0.0
chb08,chb08_05.edf,2700.0,2704.0,0.5,0.35,80,0.5829054967159214,ok,0,9,7,0.0
chb08,chb08_05.edf,2700.0,2704.0,0.5,0.35,81,1.3487816138931745,ok,0,10,9,0.0
chb08,chb08_05.edf,2700.0,2704.0,0.5,0.7,62,0.6530153269061101,ok,0,11,9,0.0
chb08,chb08_05.edf,2700.0,2704.0,0.5,0.7,63,0.19759201224112374,ok,0,9,8,0.0
chb08,chb08_05.edf,2700.0,2704.0,0.5,0.7,64,0.18451550430711333,ok,0,8,7,0.0
chb08,chb08_05.edf,2700.0,2704.0,0.5,0.7,65,0.5518250131061467,ok,0,10,8,0.0
chb08,chb08_05.edf,2700.0,2704.0,0.5,0.7,66,0.3428004452807938,ok,0,11,9,0.0
chb08,chb08_05.edf,2700.0,2704.0,0.5,0.7,67,0.9220659889498258,ok,0,7,6,0.0
chb08,chb08_05.edf,2700.0,2704.0,0.5,0.7,68,1.3522015509884486,ok,0,11,10,0.0
chb08,chb08_05.edf,2700.0,2704.0,0.5,0.7,69,1.1788970105371221,ok,0,8,7,0.0
chb08,chb08_05.edf,2700.0,2704.0,0.5,0.7,70,0.5683378164475913,ok,0,12,11,0.0
chb08,chb08_05.edf,2700.0,2704.0,0.5,0.7,71,1.513420046291407,ok,0,12,10,0.0
chb08,chb08_05.edf,2700.0,2704.0,0.5,0.7,72,1.6489276423388686,ok,0,7,6,0.0
chb08,chb08_05.edf,2700.0,2704.0,0.5,0.7,73,0.5969162476964193,ok,0,11,10,0.0
chb08,chb08_05.edf,2700.0,2704.0,0.5,0.7,74,0.5423560586490364,ok,0,10,9,0.0
chb08,chb08_05.edf,2700.0,2704.0,0.5,0.7,75,0.8766233299347609,ok,0,10,9,0.0
chb08,chb08_05.edf,2700.0,2704.0,0.5,0.7,76,0.4415947749953688,ok,0,11,10,0.0
chb08,chb08_05.edf,2700.0,2704.0,0.5,0.7,77,0.14113296980235743,ok,0,9,8,0.0
chb08,chb08_05.edf,2700.0,2704.0,0.5,0.7,78,0.8783739115481473,ok,0,10,9,0.0
chb08,chb08_05.edf,2700.0,2704.0,0.5,0.7,79,0.1609368397508929,ok,0,7,6,0.0
chb08,chb08_05.edf,2700.0,2704.0,0.5,0.7,80,0.6883088493181996,ok,0,10,8,0.0
chb08,chb08_05.edf,2700.0,2704.0,0.5,0.7,81,1.3487816138931745,ok,0,10,9,0.0
chb08,chb08_05.edf,2700.0,2704.0,1.0,0.0,62,0.7743914046997703,ok,0,11,10,0.0
chb08,chb08_05.edf,2700.0,2704.0,1.0,0.0,63,0.21488489744161204,ok,0,8,7,0.0
chb08,chb08_05.edf,2700.0,2704.0,1.0,0.0,64,0.17192047651837583,ok,0,10,9,0.0
chb08,chb08_05.edf,2700.0,2704.0,1.0,0.0,65,0.48620003231413916,ok,0,12,9,0.0
chb08,chb08_05.edf,2700.0,2704.0,1.0,0.0,66,1.3756822323974554,ok,0,13,11,0.0
chb08,chb08_05.edf,2700.0,2704.0,1.0,0.0,67,1.0067830609804835,ok,0,9,8,0.0
chb08,chb08_05.edf,2700.0,2704.0,1.0,0.0,68,1.5176810316646947,ok,0,13,11,0.0
chb08,chb08_05.edf,2700.0,2704.0,1.0,0.0,69,1.0610836315798138,ok,0,8,5,0.0
chb08,chb08_05.edf,2700.0,2704.0,1.0,0.0,70,0.981919803246944,ok,0,12,11,0.0
chb08,chb08_05.edf,2700.0,2704.0,1.0,0.0,71,1.7937447317653397,ok,0,10,8,0.0
chb08,chb08_05.edf,2700.0,2704.0,1.0,0.0,72,0.18642507739616473,ok,0,6,5,0.0
chb08,chb08_05.edf,2700.0,2704.0,1.0,0.0,73,0.5987516059102022,ok,0,9,8,0.0
chb08,chb08_05.edf,2700.0,2704.0,1.0,0.0,74,0.6443582292066723,ok,0,11,10,0.0
chb08,chb08_05.edf,2700.0,2704.0,1.0,0.0,75,1.65888681246551,ok,0,10,7,0.0
chb08,chb08_05.edf,2700.0,2704.0,1.0,0.0,76,0.22553402254439306,ok,0,12,11,0.0
chb08,chb08_05.edf,2700.0,2704.0,1.0,0.0,77,1.261454559020981,ok,0,10,9,0.0
chb08,chb08_05.edf,2700.0,2704.0,1.0,0.0,78,1.9856992051961986,ok,0,12,11,0.0
chb08,chb08_05.edf,2700.0,2704.0,1.0,0.0,79,0.1609368397508929,ok,0,7,6,0.0
chb08,chb08_05.edf,2700.0,2704.0,1.0,0.0,80,0.8375512923759941,ok,0,11,9,0.0
chb08,chb08_05.edf,2700.0,2704.0,1.0,0.0,81,1.3218647883394035,ok,0,10,8,0.0
chb08,chb08_05.edf,2700.0,2704.0,1.0,0.175,62,0.7743914046997703,ok,0,11,10,0.0
chb08,chb08_05.edf,2700.0,2704.0,1.0,0.175,63,0.16726057798219393,ok,0,8,7,0.0
chb08,chb08_05.edf,2700.0,2704.0,1.0,0.175,64,0.17192047651837583,ok,0,10,9,0.0
chb08,chb08_05.edf,2700.0,2704.0,1.0,0.175,65,0.48620003231413916,ok,0,12,9,0.0
chb08,chb08_05.edf,2700.0,2704.0,1.0,0.175,66,1.5167540848237777,ok,0,12,10,0.0
chb08,chb08_05.edf,2700.0,2704.0,1.0,0.175,67,1.0067830609804835,ok,0,9,8,0.0
chb08,chb08_05.edf,2700.0,2704.0,1.0,0.175,68,1.5176810316646947,ok,0,13,11,0.0
chb08,chb08_05.edf,2700.0,2704.0,1.0,0.175,69,1.0610836315798138,ok,0,8,5,0.0
chb08,chb08_05.edf,2700.0,2704.0,1.0,0.175,70,0.981919803246944,ok,0,12,11,0.0
chb08,chb08_05.edf,2700.0,2704.0,1.0,0.175,71,1.7937447317653397,ok,0,10,8,0.0
chb08,chb08_05.edf,2700.0,2704.0,1.0,0.175,72,0.1692486635019696,ok,0,6,5,0.0
chb08,chb08_05.edf,2700.0,2704.0,1.0,0.175,73,0.5823203888824564,ok,0,8,7,0.0
chb08,chb08_05.edf,2700.0,2704.0,1.0,0.175,74,0.6265503624779104,ok,0,10,9,0.0
chb08,chb08_05.edf,2700.0,2704.0,1.0,0.175,75,1.65888681246551,ok,0,10,7,0.0
chb08,chb08_05.edf,2700.0,2704.0,1.0,0.175,76,0.22553402254439306,ok,0,12,11,0.0
chb08,chb08_05.edf,2700.0,2704.0,1.0,0.175,77,1.261454559020981,ok,0,10,9,0.0
chb08,chb08_05.edf,2700.0,2704.0,1.0,0.175,78,1.9856992051961986,ok,0,12,11,0.0
chb08,chb08_05.edf,2700.0,2704.0,1.0,0.175,79,0.1609368397508929,ok,0,7,6,0.0
chb08,chb08_05.edf,2700.0,2704.0,1.0,0.175,80,0.6974031210541843,ok,0,11,9,0.0
chb08,chb08_05.edf,2700.0,2704.0,1.0,0.175,81,1.3218647883394035,ok,0,10,8,0.0
chb08,chb08_05.edf,2700.0,2704.0,1.0,0.35,62,0.7871450206994359,ok,0,12,10,0.0
chb08,chb08_05.edf,2700.0,2704.0,1.0,0.35,63,0.16726057798219393,ok,0,8,7,0.0
chb08,chb08_05.edf,2700.0,2704.0,1.0,0.35,64,0.17192047651837583,ok,0,10,9,0.0
chb08,chb08_05.edf,2700.0,2704.0,1.0,0.35,65,0.48620003231413916,ok,0,12,9,0.0
chb08,chb08_05.edf,2700.0,2704.0,1.0,0.35,66,1.5167540848237777,ok,0,12,10,0.0
chb08,chb08_05.edf,2700.0,2704.0,1.0,0.35,67,0.9828507256367232,ok,0,9,8,0.0
chb08,chb08_05.edf,2700.0,2704.0,1.0,0.35,68,1.5983205841064927,ok,0,12,10,0.0
chb08,chb08_05.edf,2700.0,2704.0,1.0,0.35,69,1.1764082802397795,ok,0,9,7,0.0
chb08,chb08_05.edf,2700.0,2704.0,1.0,0.35,70,1.0852941839209054,ok,0,11,10,0.0
chb08,chb08_05.edf,2700.0,2704.0,1.0,0.35,71,1.5108212398460805,ok,0,11,9,0.0
chb08,chb08_05.edf,2700.0,2704.0,1.0,0.35,72,0.1692486635019696,ok,0,6,5,0.0
chb08,chb08_05.edf,2700.0,2704.0,1.0,0.35,73,0.5823203888824564,ok,0,8,7,0.0
chb08,chb08_05.edf,2700.0,2704.0,1.0,0.35,74,0.6265503624779104,ok,0,10,9,0.0
chb08,chb08_05.edf,2700.0,2704.0,1.0,0.35,75,1.6701884111809937,ok,0,9,6,0.0
chb08,chb08_05.edf,2700.0,2704.0,1.0,0.35,76,0.22553402254439306,ok,0,12,11,0.0
chb08,chb08_05.edf,2700.0,2704.0,1.0,0.35,77,1.2528142679486385,ok,0,10,9,0.0
chb08,chb08_05.edf,2700.0,2704.0,1.0,0.35,78,1.9858068615153706,ok,0,12,11,0.0
chb08,chb08_05.edf,2700.0,2704.0,1.0,0.35,79,0.1609368397508929,ok,0,7,6,0.0
chb08,chb08_05.edf,2700.0,2704.0,1.0,0.35,80,0.6974031210541843,ok,0,11,9,0.0
chb08,chb08_05.edf,2700.0,2704.0,1.0,0.35,81,1.3218647883394035,ok,0,10,8,0.0
chb08,chb08_05.edf,2700.0,2704.0,1.0,0.7,62,0.7026936654339064,ok,0,11,9,0.0
chb08,chb08_05.edf,2700.0,2704.0,1.0,0.7,63,0.5946050294951504,ok,0,9,8,0.0
chb08,chb08_05.edf,2700.0,2704.0,1.0,0.7,64,0.17192047651837583,ok,0,10,9,0.0
chb08,chb08_05.edf,2700.0,2704.0,1.0,0.7,65,0.48620003231413916,ok,0,12,9,0.0
chb08,chb08_05.edf,2700.0,2704.0,1.0,0.7,66,1.5167540848237777,ok,0,12,10,0.0
chb08,chb08_05.edf,2700.0,2704.0,1.0,0.7,67,0.9828507256367232,ok,0,9,8,0.0
chb08,chb08_05.edf,2700.0,2704.0,1.0,0.7,68,1.5609850683078235,ok,0,11,9,0.0
chb08,chb08_05.edf,2700.0,2704.0,1.0,0.7,69,1.1764082802397795,ok,0,9,7,0.0
chb08,chb08_05.edf,2700.0,2704.0,1.0,0.7,70,1.0820340016337102,ok,0,11,10,0.0
chb08,chb08_05.edf,2700.0,2704.0,1.0,0.7,71,1.5108212398460805,ok,0,11,9,0.0
chb08,chb08_05.edf,2700.0,2704.0,1.0,0.7,72,1.5167676823425769,ok,0,7,5,0.0
chb08,chb08_05.edf,2700.0,2704.0,1.0,0.7,73,0.6107481985458668,ok,0,9,8,0.0
chb08,chb08_05.edf,2700.0,2704.0,1.0,0.7,74,0.6265503624779104,ok,0,10,9,0.0
chb08,chb08_05.edf,2700.0,2704.0,1.0,0.7,75,1.2977079782505783,ok,0,10,7,0.0
chb08,chb08_05.edf,2700.0,2704.0,1.0,0.7,76,0.22553402254439306,ok,0,12,11,0.0
chb08,chb08_05.edf,2700.0,2704.0,1.0,0.7,77,1.2532626403970941,ok,0,9,8,0.0
chb08,chb08_05.edf,2700.0,2704.0,1.0,0.7,78,1.9400643789897283,ok,0,11,10,0.0
chb08,chb08_05.edf,2700.0,2704.0,1.0,0.7,79,0.1609368397508929,ok,0,7,6,0.0
chb08,chb08_05.edf,2700.0,2704.0,1.0,0.7,80,0.6840478909884533,ok,0,10,8,0.0
chb08,chb08_05.edf,2700.0,2704.0,1.0,0.7,81,1.3218647883394035,ok,0,10,8,0.0
chb08,chb08_10.edf,904.0,908.0,0.25,0.0,62,0.6171842911523988,ok,0,10,9,0.0
chb08,chb08_10.edf,904.0,908.0,0.25,0.0,63,2.043747370146671,ok,0,9,8,0.0
chb08,chb08_10.edf,904.0,908.0,0.25,0.0,64,0.8756532617719204,ok,0,9,8,0.0
chb08,chb08_10.edf,904.0,908.0,0.25,0.0,65,0.9667718123938864,ok,0,11,10,0.0
chb08,chb08_10.edf,904.0,908.0,0.25,0.0,66,0.3631787913269073,ok,0,11,9,0.0
chb08,chb08_10.edf,904.0,908.0,0.25,0.0,67,0.8092054221906116,ok,0,11,9,0.0
chb08,chb08_10.edf,904.0,908.0,0.25,0.0,68,0.9681035064574081,ok,0,9,8,0.0
chb08,chb08_10.edf,904.0,908.0,0.25,0.0,69,1.241548694349417,ok,0,10,8,0.0
chb08,chb08_10.edf,904.0,908.0,0.25,0.0,70,0.2793983295119334,ok,0,9,8,0.0
chb08,chb08_10.edf,904.0,908.0,0.25,0.0,71,1.5904417843670142,ok,0,12,11,0.0
chb08,chb08_10.edf,904.0,908.0,0.25,0.0,72,0.9990557900479503,ok,0,11,9,0.0
chb08,chb08_10.edf,904.0,908.0,0.25,0.0,73,0.4814093715175572,ok,0,8,7,0.0
chb08,chb08_10.edf,904.0,908.0,0.25,0.0,74,0.6162790697674418,ok,0,11,8,0.0
chb08,chb08_10.edf,904.0,908.0,0.25,0.0,75,0.35394981220923855,ok,0,12,11,0.0
chb08,chb08_10.edf,904.0,908.0,0.25,0.0,76,0.3909772130214703,ok,0,12,11,0.0
chb08,chb08_10.edf,904.0,908.0,0.25,0.0,77,0.9447730595988872,ok,0,6,4,0.0
chb08,chb08_10.edf,904.0,908.0,0.25,0.0,78,1.3483863463099397,ok,0,11,10,0.0
chb08,chb08_10.edf,904.0,908.0,0.25,0.0,79,0.1609368397508929,ok,0,7,6,0.0
chb08,chb08_10.edf,904.0,908.0,0.25,0.0,80,0.1797136108456547,ok,0,12,10,0.0
chb08,chb08_10.edf,904.0,908.0,0.25,0.0,81,1.4033891062507988,ok,0,10,7,0.0
chb08,chb08_10.edf,904.0,908.0,0.25,0.175,62,0.5497991261191701,ok,0,11,10,0.0
chb08,chb08_10.edf,904.0,908.0,0.25,0.175,63,2.043747370146671,ok,0,9,8,0.0
chb08,chb08_10.edf,904.0,908.0,0.25,0.175,64,0.8756532617719204,ok,0,9,8,0.0
chb08,chb08_10.edf,904.0,908.0,0.25,0.175,65,0.9667718123938864,ok,0,11,10,0.0
chb08,chb08_10.edf,904.0,908.0,0.25,0.175,66,0.36581014159579417,ok,0,11,9,0.0
chb08,chb08_10.edf,904.0,908.0,0.25,0.175,67,0.793177848124112,ok,0,11,9,0.0
chb08,chb08_10.edf,904.0,908.0,0.25,0.175,68,1.0405659570829988,ok,0,10,9,0.0
chb08,chb08_10.edf,904.0,908.0,0.25,0.175,69,1.3021781104089274,ok,0,9,7,0.0
chb08,chb08_10.edf,904.0,908.0,0.25,0.175,70,0.2793983295119334,ok,0,9,8,0.0
chb08,chb08_10.edf,904.0,908.0,0.25,0.175,71,1.6064083802046423,ok,0,12,11,0.0
chb08,chb08_10.edf,904.0,908.0,0.25,0.175,72,0.9896828532159381,ok,0,11,9,0.0
chb08,chb08_10.edf,904.0,908.0,0.25,0.175,73,0.4814093715175572,ok,0,8,7,0.0
chb08,chb08_10.edf,904.0,908.0,0.25,0.175,74,0.6162790697674418,ok,0,11,8,0.0
chb08,chb08_10.edf,904.0,908.0,0.25,0.175,75,0.31416375525267726,ok,0,12,11,0.0
chb08,chb08_10.edf,904.0,908.0,0.25,0.175,76,0.6458582493463446,ok,0,11,10,0.0
chb08,chb08_10.edf,904.0,908.0,0.25,0.175,77,0.9447730595988872,ok,0,6,4,0.0
chb08,chb08_10.edf,904.0,908.0,0.25,0.175,78,1.3513144017973209,ok,0,10,9,0.0
chb08,chb08_10.edf,904.0,908.0,0.25,0.175,79,0.1609368397508929,ok,0,7,6,0.0
chb08,chb08_10.edf,904.0,908.0,0.25,0.175,80,0.18934575045411953,ok,0,11,9,0.0
chb08,chb08_10.edf,904.0,908.0,0.25,0.175,81,1.4033891062507988,ok,0,10,7,0.0
chb08,chb08_10.edf,904.0,908.0,0.25,0.35,62,0.5521183311024284,ok,0,11,10,0.0
chb08,chb08_10.edf,904.0,908.0,0.25,0.35,63,0.21474854260661275,ok,0,8,7,0.0
chb08,chb08_10.edf,904.0,908.0,0.25,0.35,64,0.8756532617719204,ok,0,9,8,0.0
chb08,chb08_10.edf,904.0,908.0,0.25,0.35,65,0.9667718123938864,ok,0,11,10,0.0
chb08,chb08_10.edf,904.0,908.0,0.25,0.35,66,0.36581014159579417,ok,0,11,9,0.0
chb08,chb08_10.edf,904.0,908.0,0.25,0.35,67,0.7498904149614256,ok,0,10,9,0.0
chb08,chb08_10.edf,904.0,908.0,0.25,0.35,68,0.9526286481863192,ok,0,9,8,0.0
chb08,chb08_10.edf,904.0,908.0,0.25,0.35,69,1.3021781104089274,ok,0,9,7,0.0
chb08,chb08_10.edf,904.0,908.0,0.25,0.35,70,0.24552668943746467,ok,0,9,8,0.0
chb08,chb08_10.edf,904.0,908.0,0.25,0.35,71,1.6064083802046423,ok,0,12,11,0.0
chb08,chb08_10.edf,904.0,908.0,0.25,0.35,72,0.9896828532159381,ok,0,10,9,0.0
chb08,chb08_10.edf,904.0,908.0,0.25,0.35,73,0.4558834153039227,ok,0,9,8,0.0
chb08,chb08_10.edf,904.0,908.0,0.25,0.35,74,0.6162790697674418,ok,0,11,8,0.0
chb08,chb08_10.edf,904.0,908.0,0.25,0.35,75,0.3093295534209771,ok,0,12,11,0.0
chb08,chb08_10.edf,904.0,908.0,0.25,0.35,76,0.8616713197367994,ok,0,10,9,0.0
chb08,chb08_10.edf,904.0,908.0,0.25,0.35,77,0.9447730595988872,ok,0,6,4,0.0
chb08,chb08_10.edf,904.0,908.0,0.25,0.35,78,1.343581970265335,ok,0,10,9,0.0
chb08,chb08_10.edf,904.0,908.0,0.25,0.35,79,0.1609368397508929,ok,0,7,6,0.0
chb08,chb08_10.edf,904.0,908.0,0.25,0.35,80,0.18652190369305788,ok,0,12,11,0.0
chb08,chb08_10.edf,904.0,908.0,0.25,0.35,81,1.4033891062507988,ok,0,10,7,0.0
chb08,chb08_10.edf,904.0,908.0,0.25,0.7,62,0.45011422081685765,ok,0,10,8,0.0
chb08,chb08_10.edf,904.0,908.0,0.25,0.7,63,0.20756394517001162,ok,0,9,8,0.0
chb08,chb08_10.edf,904.0,908.0,0.25,0.7,64,0.9447673845427031,ok,0,8,7,0.0
chb08,chb08_10.edf,904.0,908.0,0.25,0.7,65,0.8868480081622251,ok,0,10,9,0.0
chb08,chb08_10.edf,904.0,908.0,0.25,0.7,66,0.6132997876487579,ok,0,10,8,0.0
chb08,chb08_10.edf,904.0,908.0,0.25,0.7,67,0.6952986199757417,ok,0,10,9,0.0
chb08,chb08_10.edf,904.0,908.0,0.25,0.7,68,0.9427150204596563,ok,0,9,8,0.0
chb08,chb08_10.edf,904.0,908.0,0.25,0.7,69,1.3021781104089274,ok,0,9,7,0.0
chb08,chb08_10.edf,904.0,908.0,0.25,0.7,70,0.2600676507648279,ok,0,9,8,0.0
chb08,chb08_10.edf,904.0,908.0,0.25,0.7,71,1.5653445963279704,ok,0,12,11,0.0
chb08,chb08_10.edf,904.0,908.0,0.25,0.7,72,1.6678545440423584,ok,0,7,6,0.0
chb08,chb08_10.edf,904.0,908.0,0.25,0.7,73,0.4558834153039227,ok,0,9,8,0.0
chb08,chb08_10.edf,904.0,908.0,0.25,0.7,74,0.35615598661461084,ok,0,10,9,0.0
chb08,chb08_10.edf,904.0,908.0,0.25,0.7,75,0.3153314112577135,ok,0,11,10,0.0
chb08,chb08_10.edf,904.0,908.0,0.25,0.7,76,0.8057952002028665,ok,0,12,10,0.0
chb08,chb08_10.edf,904.0,908.0,0.25,0.7,77,0.9447730595988872,ok,0,6,4,0.0
chb08,chb08_10.edf,904.0,908.0,0.25,0.7,78,1.2853674869073213,ok,0,10,9,0.0
chb08,chb08_10.edf,904.0,908.0,0.25,0.7,79,0.19232731454051805,ok,0,7,6,0.0
chb08,chb08_10.edf,904.0,908.0,0.25,0.7,80,0.10272737317080159,ok,0,13,12,0.0
chb08,chb08_10.edf,904.0,908.0,0.25,0.7,81,1.3582488269949136,ok,0,9,6,0.0
chb08,chb08_10.edf,904.0,908.0,0.5,0.0,62,0.5712931377579745,ok,0,12,11,0.0
chb08,chb08_10.edf,904.0,908.0,0.5,0.0,63,0.16726057798219393,ok,0,8,7,0.0
chb08,chb08_10.edf,904.0,908.0,0.5,0.0,64,0.19637001542360058,ok,0,9,8,0.0
chb08,chb08_10.edf,904.0,908.0,0.5,0.0,65,0.546024803519956,ok,0,10,8,0.0
chb08,chb08_10.edf,904.0,908.0,0.5,0.0,66,0.3428004452807938,ok,0,11,9,0.0
chb08,chb08_10.edf,904.0,908.0,0.5,0.0,67,0.9454773281444654,ok,0,7,6,0.0
chb08,chb08_10.edf,904.0,908.0,0.5,0.0,68,1.2291207868644798,ok,0,12,11,0.0
chb08,chb08_10.edf,904.0,908.0,0.5,0.0,69,1.1682562182790923,ok,0,9,7,0.0
chb08,chb08_10.edf,904.0,908.0,0.5,0.0,70,0.5111811702061327,ok,0,14,13,0.0
chb08,chb08_10.edf,904.0,908.0,0.5,0.0,71,1.8179982256514546,ok,0,11,9,0.0
chb08,chb08_10.edf,904.0,908.0,0.5,0.0,72,0.18642507739616473,ok,0,6,5,0.0
chb08,chb08_10.edf,904.0,908.0,0.5,0.0,73,0.6286253346157429,ok,0,10,9,0.0
chb08,chb08_10.edf,904.0,908.0,0.5,0.0,74,0.6476197533905482,ok,0,9,7,0.0
chb08,chb08_10.edf,904.0,908.0,0.5,0.0,75,0.9626906857352386,ok,0,12,10,0.0
chb08,chb08_10.edf,904.0,908.0,0.5,0.0,76,0.48840569686484475,ok,0,10,9,0.0
chb08,chb08_10.edf,904.0,908.0,0.5,0.0,77,1.4397992123948258,ok,0,10,9,0.0
chb08,chb08_10.edf,904.0,908.0,0.5,0.0,78,0.8783739115481473,ok,0,10,9,0.0
chb08,chb08_10.edf,904.0,908.0,0.5,0.0,79,0.6660998123404629,ok,0,8,7,0.0
chb08,chb08_10.edf,904.0,908.0,0.5,0.0,80,0.48943288169382493,ok,0,10,8,0.0
chb08,chb08_10.edf,904.0,908.0,0.5,0.0,81,1.3487816138931745,ok,0,10,9,0.0
chb08,chb08_10.edf,904.0,908.0,0.5,0.175,62,0.6559757885363878,ok,0,12,11,0.0
chb08,chb08_10.edf,904.0,908.0,0.5,0.175,63,0.14655956456718455,ok,0,8,7,0.0
chb08,chb08_10.edf,904.0,908.0,0.5,0.175,64,0.33066737835270793,ok,0,10,9,0.0
chb08,chb08_10.edf,904.0,908.0,0.5,0.175,65,0.546024803519956,ok,0,10,8,0.0
chb08,chb08_10.edf,904.0,908.0,0.5,0.175,66,0.3455869941264749,ok,0,11,9,0.0
chb08,chb08_10.edf,904.0,908.0,0.5,0.175,67,0.9454773281444654,ok,0,7,6,0.0
chb08,chb08_10.edf,904.0,908.0,0.5,0.175,68,1.2291207868644798,ok,0,12,11,0.0
chb08,chb08_10.edf,904.0,908.0,0.5,0.175,69,1.2023157860598088,ok,0,8,6,0.0
chb08,chb08_10.edf,904.0,908.0,0.5,0.175,70,0.5111811702061327,ok,0,14,13,0.0
chb08,chb08_10.edf,904.0,908.0,0.5,0.175,71,1.8386018855277186,ok,0,11,9,0.0
chb08,chb08_10.edf,904.0,908.0,0.5,0.175,72,0.1586900018443984,ok,0,6,5,0.0
chb08,chb08_10.edf,904.0,908.0,0.5,0.175,73,0.6286253346157429,ok,0,10,9,0.0
chb08,chb08_10.edf,904.0,908.0,0.5,0.175,74,0.6476197533905482,ok,0,9,7,0.0
chb08,chb08_10.edf,904.0,908.0,0.5,0.175,75,0.9626906857352386,ok,0,12,10,0.0
chb08,chb08_10.edf,904.0,908.0,0.5,0.175,76,0.48840569686484475,ok,0,10,9,0.0
chb08,chb08_10.edf,904.0,908.0,0.5,0.175,77,1.4397992123948258,ok,0,10,9,0.0
chb08,chb08_10.edf,904.0,908.0,0.5,0.175,78,0.8409859228438307,ok,0,10,9,0.0
chb08,chb08_10.edf,904.0,908.0,0.5,0.175,79,0.754250604692566,ok,0,9,6,0.0
chb08,chb08_10.edf,904.0,908.0,0.5,0.175,80,0.6865578344552838,ok,0,10,8,0.0
chb08,chb08_10.edf,904.0,908.0,0.5,0.175,81,1.3487816138931745,ok,0,10,9,0.0
chb08,chb08_10.edf,904.0,908.0,0.5,0.35,62,0.6640172777247163,ok,0,12,11,0.0
chb08,chb08_10.edf,904.0,908.0,0.5,0.35,63,0.14655956456718455,ok,0,8,7,0.0
chb08,chb08_10.edf,904.0,908.0,0.5,0.35,64,0.33066737835270793,ok,0,10,9,0.0
chb08,chb08_10.edf,904.0,908.0,0.5,0.35,65,0.546024803519956,ok,0,10,8,0.0
chb08,chb08_10.edf,904.0,908.0,0.5,0.35,66,0.3455869941264749,ok,0,11,9,0.0
chb08,chb08_10.edf,904.0,908.0,0.5,0.35,67,0.9263852593662477,ok,0,7,6,0.0
chb08,chb08_10.edf,904.0,908.0,0.5,0.35,68,1.2291207868644798,ok,0,12,11,0.0
chb08,chb08_10.edf,904.0,908.0,0.5,0.35,69,1.2023157860598088,ok,0,8,6,0.0
chb08,chb08_10.edf,904.0,908.0,0.5,0.35,70,0.5007056837946776,ok,0,14,13,0.0
chb08,chb08_10.edf,904.0,908.0,0.5,0.35,71,1.9023929873762566,ok,0,11,10,0.0
chb08,chb08_10.edf,904.0,908.0,0.5,0.35,72,0.1586900018443984,ok,0,6,5,0.0
chb08,chb08_10.edf,904.0,908.0,0.5,0.35,73,0.6286253346157429,ok,0,10,9,0.0
chb08,chb08_10.edf,904.0,908.0,0.5,0.35,74,0.6476197533905482,ok,0,9,7,0.0
chb08,chb08_10.edf,904.0,908.0,0.5,0.35,75,0.9654666566235744,ok,0,12,10,0.0
chb08,chb08_10.edf,904.0,908.0,0.5,0.35,76,0.48840569686484475,ok,0,10,9,0.0
chb08,chb08_10.edf,904.0,908.0,0.5,0.35,77,1.4397992123948258,ok,0,10,9,0.0
chb08,chb08_10.edf,904.0,908.0,0.5,0.35,78,0.8409859228438307,ok,0,10,9,0.0
chb08,chb08_10.edf,904.0,908.0,0.5,0.35,79,0.754250604692566,ok,0,9,6,0.0
chb08,chb08_10.edf,904.0,908.0,0.5,0.35,80,0.6865578344552838,ok,0,10,8,0.0
chb08,chb08_10.edf,904.0,908.0,0.5,0.35,81,1.3487816138931745,ok,0,10,9,0.0
chb08,chb08_10.edf,904.0,908.0,0.5,0.7,62,0.5915389283352124,ok,0,11,10,0.0
chb08,chb08_10.edf,904.0,908.0,0.5,0.7,63,0.1453316351455449,ok,0,8,7,0.0
chb08,chb08_10.edf,904.0,908.0,0.5,0.7,64,0.33134984263127754,ok,0,10,9,0.0
chb08,chb08_10.edf,904.0,908.0,0.5,0.7,65,0.5816266869948237,ok,0,10,8,0.0
chb08,chb08_10.edf,904.0,908.0,0.5,0.7,66,0.3455869941264749,ok,0,11,9,0.0
chb08,chb08_10.edf,904.0,908.0,0.5,0.7,67,0.9960710917705092,ok,0,8,7,0.0
chb08,chb08_10.edf,904.0,908.0,0.5,0.7,68,1.2291207868644798,ok,0,12,11,0.0
chb08,chb08_10.edf,904.0,908.0,0.5,0.7,69,1.3020448419914015,ok,0,9,7,0.0
chb08,chb08_10.edf,904.0,908.0,0.5,0.7,70,0.5007056837946776,ok,0,14,13,0.0
chb08,chb08_10.edf,904.0,908.0,0.5,0.7,71,1.9023929873762566,ok,0,11,10,0.0
chb08,chb08_10.edf,904.0,908.0,0.5,0.7,72,0.15866375950049613,ok,0,6,5,0.0
chb08,chb08_10.edf,904.0,908.0,0.5,0.7,73,0.6128765694433221,ok,0,10,9,0.0
chb08,chb08_10.edf,904.0,908.0,0.5,0.7,74,0.6476197533905482,ok,0,9,7,0.0
chb08,chb08_10.edf,904.0,908.0,0.5,0.7,75,0.9617495524968885,ok,0,11,10,0.0
chb08,chb08_10.edf,904.0,908.0,0.5,0.7,76,0.48840569686484475,ok,0,10,9,0.0
chb08,chb08_10.edf,904.0,908.0,0.5,0.7,77,1.4397992123948258,ok,0,10,9,0.0
chb08,chb08_10.edf,904.0,908.0,0.5,0.7,78,0.8262801846716171,ok,0,10,8,0.0
chb08,chb08_10.edf,904.0,908.0,0.5,0.7,79,0.669588052462109,ok,0,8,7,0.0
chb08,chb08_10.edf,904.0,908.0,0.5,0.7,80,0.6536363372716912,ok,0,9,8,0.0
chb08,chb08_10.edf,904.0,908.0,0.5,0.7,81,1.3456350347813162,ok,0,10,9,0.0
chb08,chb08_10.edf,904.0,908.0,1.0,0.0,62,0.7743914046997703,ok,0,11,10,0.0
chb08,chb08_10.edf,904.0,908.0,1.0,0.0,63,0.21488489744161204,ok,0,8,7,0.0
chb08,chb08_10.edf,904.0,908.0,1.0,0.0,64,0.17192047651837583,ok,0,10,9,0.0
chb08,chb08_10.edf,904.0,908.0,1.0,0.0,65,0.48620003231413916,ok,0,12,9,0.0
chb08,chb08_10.edf,904.0,908.0,1.0,0.0,66,1.3756822323974554,ok,0,13,11,0.0
chb08,chb08_10.edf,904.0,908.0,1.0,0.0,67,1.0067830609804835,ok,0,9,8,0.0
chb08,chb08_10.edf,904.0,908.0,1.0,0.0,68,1.5176810316646947,ok,0,13,11,0.0
chb08,chb08_10.edf,904.0,908.0,1.0,0.0,69,1.0610836315798138,ok,0,8,5,0.0
chb08,chb08_10.edf,904.0,908.0,1.0,0.0,70,0.981919803246944,ok,0,12,11,0.0
chb08,chb08_10.edf,904.0,908.0,1.0,0.0,71,1.7937447317653397,ok,0,10,8,0.0
chb08,chb08_10.edf,904.0,908.0,1.0,0.0,72,0.18642507739616473,ok,0,6,5,0.0
chb08,chb08_10.edf,904.0,908.0,1.0,0.0,73,0.5987516059102022,ok,0,9,8,0.0
chb08,chb08_10.edf,904.0,908.0,1.0,0.0,74,0.6443582292066723,ok,0,11,10,0.0
chb08,chb08_10.edf,904.0,908.0,1.0,0.0,75,1.65888681246551,ok,0,10,7,0.0
chb08,chb08_10.edf,904.0,908.0,1.0,0.0,76,0.22553402254439306,ok,0,12,11,0.0
chb08,chb08_10.edf,904.0,908.0,1.0,0.0,77,1.261454559020981,ok,0,10,9,0.0
chb08,chb08_10.edf,904.0,908.0,1.0,0.0,78,1.9856992051961986,ok,0,12,11,0.0
chb08,chb08_10.edf,904.0,908.0,1.0,0.0,79,0.1609368397508929,ok,0,7,6,0.0
chb08,chb08_10.edf,904.0,908.0,1.0,0.0,80,0.8375512923759941,ok,0,11,9,0.0
chb08,chb08_10.edf,904.0,908.0,1.0,0.0,81,1.3218647883394035,ok,0,10,8,0.0
chb08,chb08_10.edf,904.0,908.0,1.0,0.175,62,0.8207228509784782,ok,0,12,11,0.0
chb08,chb08_10.edf,904.0,908.0,1.0,0.175,63,0.19649437297296482,ok,0,8,7,0.0
chb08,chb08_10.edf,904.0,908.0,1.0,0.175,64,0.17192047651837583,ok,0,10,9,0.0
chb08,chb08_10.edf,904.0,908.0,1.0,0.175,65,0.48620003231413916,ok,0,12,9,0.0
chb08,chb08_10.edf,904.0,908.0,1.0,0.175,66,1.3756822323974554,ok,0,13,11,0.0
chb08,chb08_10.edf,904.0,908.0,1.0,0.175,67,1.0067830609804835,ok,0,9,8,0.0
chb08,chb08_10.edf,904.0,908.0,1.0,0.175,68,1.4403478634378917,ok,0,12,10,0.0
chb08,chb08_10.edf,904.0,908.0,1.0,0.175,69,1.0610836315798138,ok,0,8,5,0.0
chb08,chb08_10.edf,904.0,908.0,1.0,0.175,70,0.981919803246944,ok,0,12,11,0.0
chb08,chb08_10.edf,904.0,908.0,1.0,0.175,71,1.7937447317653397,ok,0,10,8,0.0
chb08,chb08_10.edf,904.0,908.0,1.0,0.175,72,0.18642507739616473,ok,0,6,5,0.0
chb08,chb08_10.edf,904.0,908.0,1.0,0.175,73,0.633210528326421,ok,0,10,9,0.0
chb08,chb08_10.edf,904.0,908.0,1.0,0.175,74,0.6459406006850896,ok,0,11,10,0.0
chb08,chb08_10.edf,904.0,908.0,1.0,0.175,75,1.65888681246551,ok,0,10,7,0.0
chb08,chb08_10.edf,904.0,908.0,1.0,0.175,76,0.22553402254439306,ok,0,12,11,0.0
chb08,chb08_10.edf,904.0,908.0,1.0,0.175,77,1.261454559020981,ok,0,10,9,0.0
chb08,chb08_10.edf,904.0,908.0,1.0,0.175,78,2.0008167178077203,ok,0,11,10,0.0
chb08,chb08_10.edf,904.0,908.0,1.0,0.175,79,0.1609368397508929,ok,0,7,6,0.0
chb08,chb08_10.edf,904.0,908.0,1.0,0.175,80,0.847592558041268,ok,0,12,10,0.0
chb08,chb08_10.edf,904.0,908.0,1.0,0.175,81,1.3218647883394035,ok,0,10,8,0.0
chb08,chb08_10.edf,904.0,908.0,1.0,0.35,62,0.829051313747091,ok,0,12,11,0.0
chb08,chb08_10.edf,904.0,908.0,1.0,0.35,63,0.19649437297296482,ok,0,8,7,0.0
chb08,chb08_10.edf,904.0,908.0,1.0,0.35,64,0.17192047651837583,ok,0,10,9,0.0
chb08,chb08_10.edf,904.0,908.0,1.0,0.35,65,0.48620003231413916,ok,0,12,9,0.0
chb08,chb08_10.edf,904.0,908.0,1.0,0.35,66,1.4451262207602147,ok,0,12,10,0.0
chb08,chb08_10.edf,904.0,908.0,1.0,0.35,67,1.0067830609804835,ok,0,9,8,0.0
chb08,chb08_10.edf,904.0,908.0,1.0,0.35,68,1.4403478634378917,ok,0,12,10,0.0
chb08,chb08_10.edf,904.0,908.0,1.0,0.35,69,1.0610836315798138,ok,0,8,5,0.0
chb08,chb08_10.edf,904.0,908.0,1.0,0.35,70,0.981919803246944,ok,0,12,11,0.0
chb08,chb08_10.edf,904.0,908.0,1.0,0.35,71,1.7937447317653397,ok,0,10,8,0.0
chb08,chb08_10.edf,904.0,908.0,1.0,0.35,72,0.1586900018443984,ok,0,6,5,0.0
chb08,chb08_10.edf,904.0,908.0,1.0,0.35,73,0.633210528326421,ok,0,10,9,0.0
chb08,chb08_10.edf,904.0,908.0,1.0,0.35,74,0.6459406006850896,ok,0,11,10,0.0
chb08,chb08_10.edf,904.0,908.0,1.0,0.35,75,1.5948385453898242,ok,0,8,6,0.0
chb08,chb08_10.edf,904.0,908.0,1.0,0.35,76,0.22553402254439306,ok,0,12,11,0.0
chb08,chb08_10.edf,904.0,908.0,1.0,0.35,77,1.1823574475580834,ok,0,9,8,0.0
chb08,chb08_10.edf,904.0,908.0,1.0,0.35,78,2.001796633530604,ok,0,11,10,0.0
chb08,chb08_10.edf,904.0,908.0,1.0,0.35,79,0.1609368397508929,ok,0,7,6,0.0
chb08,chb08_10.edf,904.0,908.0,1.0,0.35,80,0.847592558041268,ok,0,12,10,0.0
chb08,chb08_10.edf,904.0,908.0,1.0,0.35,81,1.3218647883394035,ok,0,10,8,0.0
chb08,chb08_10.edf,904.0,908.0,1.0,0.7,62,0.7379148441376048,ok,0,10,9,0.0
chb08,chb08_10.edf,904.0,908.0,1.0,0.7,63,0.1911683276190512,ok,0,9,8,0.0
chb08,chb08_10.edf,904.0,908.0,1.0,0.7,64,0.3241389292311979,ok,0,9,8,0.0
chb08,chb08_10.edf,904.0,908.0,1.0,0.7,65,0.48620003231413916,ok,0,12,9,0.0
chb08,chb08_10.edf,904.0,908.0,1.0,0.7,66,1.4451262207602147,ok,0,12,10,0.0
chb08,chb08_10.edf,904.0,908.0,1.0,0.7,67,1.021147249869402,ok,0,10,9,0.0
chb08,chb08_10.edf,904.0,908.0,1.0,0.7,68,1.4403478634378917,ok,0,12,10,0.0
chb08,chb08_10.edf,904.0,908.0,1.0,0.7,69,1.0610836315798138,ok,0,8,5,0.0
chb08,chb08_10.edf,904.0,908.0,1.0,0.7,70,0.626366126342542,ok,0,12,11,0.0
chb08,chb08_10.edf,904.0,908.0,1.0,0.7,71,1.7937447317653397,ok,0,10,8,0.0
chb08,chb08_10.edf,904.0,908.0,1.0,0.7,72,0.15927485905071012,ok,0,6,5,0.0
chb08,chb08_10.edf,904.0,908.0,1.0,0.7,73,0.6459001231076539,ok,0,9,8,0.0
chb08,chb08_10.edf,904.0,908.0,1.0,0.7,74,0.6288403684535347,ok,0,10,9,0.0
chb08,chb08_10.edf,904.0,908.0,1.0,0.7,75,1.5948385453898242,ok,0,8,6,0.0
chb08,chb08_10.edf,904.0,908.0,1.0,0.7,76,0.22553402254439306,ok,0,12,11,0.0
chb08,chb08_10.edf,904.0,908.0,1.0,0.7,77,1.1158722845684699,ok,0,8,7,0.0
chb08,chb08_10.edf,904.0,908.0,1.0,0.7,78,2.001753484177964,ok,0,11,10,0.0
chb08,chb08_10.edf,904.0,908.0,1.0,0.7,79,0.1609368397508929,ok,0,7,6,0.0
chb08,chb08_10.edf,904.0,908.0,1.0,0.7,80,0.773086405479733,ok,0,10,9,0.0
chb08,chb08_10.edf,904.0,908.0,1.0,0.7,81,1.3424085005302422,ok,0,10,9,0.0
chb08,chb08_10.edf,2700.0,2704.0,0.25,0.0,62,0.6171842911523988,ok,0,10,9,0.0
chb08,chb08_10.edf,2700.0,2704.0,0.25,0.0,63,2.043747370146671,ok,0,9,8,0.0
chb08,chb08_10.edf,2700.0,2704.0,0.25,0.0,64,0.8756532617719204,ok,0,9,8,0.0
chb08,chb08_10.edf,2700.0,2704.0,0.25,0.0,65,0.9667718123938864,ok,0,11,10,0.0
chb08,chb08_10.edf,2700.0,2704.0,0.25,0.0,66,0.3631787913269073,ok,0,11,9,0.0
chb08,chb08_10.edf,2700.0,2704.0,0.25,0.0,67,0.8092054221906116,ok,0,11,9,0.0
chb08,chb08_10.edf,2700.0,2704.0,0.25,0.0,68,0.9681035064574081,ok,0,9,8,0.0
chb08,chb08_10.edf,2700.0,2704.0,0.25,0.0,69,1.241548694349417,ok,0,10,8,0.0
chb08,chb08_10.edf,2700.0,2704.0,0.25,0.0,70,0.2793983295119334,ok,0,9,8,0.0
chb08,chb08_10.edf,2700.0,2704.0,0.25,0.0,71,1.5904417843670142,ok,0,12,11,0.0
chb08,chb08_10.edf,2700.0,2704.0,0.25,0.0,72,0.9990557900479503,ok,0,11,9,0.0
chb08,chb08_10.edf,2700.0,2704.0,0.25,0.0,73,0.4814093715175572,ok,0,8,7,0.0
chb08,chb08_10.edf,2700.0,2704.0,0.25,0.0,74,0.6162790697674418,ok,0,11,8,0.0
chb08,chb08_10.edf,2700.0,2704.0,0.25,0.0,75,0.35394981220923855,ok,0,12,11,0.0
chb08,chb08_10.edf,2700.0,2704.0,0.25,0.0,76,0.3909772130214703,ok,0,12,11,0.0
chb08,chb08_10.edf,2700.0,2704.0,0.25,0.0,77,0.9447730595988872,ok,0,6,4,0.0
chb08,chb08_10.edf,2700.0,2704.0,0.25,0.0,78,1.3483863463099397,ok,0,11,10,0.0
chb08,chb08_10.edf,2700.0,2704.0,0.25,0.0,79,0.1609368397508929,ok,0,7,6,0.0
chb08,chb08_10.edf,2700.0,2704.0,0.25,0.0,80,0.1797136108456547,ok,0,12,10,0.0
chb08,chb08_10.edf,2700.0,2704.0,0.25,0.0,81,1.4033891062507988,ok,0,10,7,0.0
chb08,chb08_10.edf,2700.0,2704.0,0.25,0.175,62,0.6494808152811989,ok,0,10,9,0.0
chb08,chb08_10.edf,2700.0,2704.0,0.25,0.175,63,2.043747370146671,ok,0,9,8,0.0
chb08,chb08_10.edf,2700.0,2704.0,0.25,0.175,64,0.8756532617719204,ok,0,9,8,0.0
chb08,chb08_10.edf,2700.0,2704.0,0.25,0.175,65,0.816044032726472,ok,0,12,11,0.0
chb08,chb08_10.edf,2700.0,2704.0,0.25,0.175,66,0.36581014159579417,ok,0,11,9,0.0
chb08,chb08_10.edf,2700.0,2704.0,0.25,0.175,67,0.7768453248730537,ok,0,10,9,0.0
chb08,chb08_10.edf,2700.0,2704.0,0.25,0.175,68,1.0325289261124768,ok,0,10,9,0.0
chb08,chb08_10.edf,2700.0,2704.0,0.25,0.175,69,1.285459427311356,ok,0,11,9,0.0
chb08,chb08_10.edf,2700.0,2704.0,0.25,0.175,70,0.2793983295119334,ok,0,9,8,0.0
chb08,chb08_10.edf,2700.0,2704.0,0.25,0.175,71,1.529316310105233,ok,0,12,10,0.0
chb08,chb08_10.edf,2700.0,2704.0,0.25,0.175,72,1.0189295409461563,ok,0,10,8,0.0
chb08,chb08_10.edf,2700.0,2704.0,0.25,0.175,73,0.6579588515482293,ok,0,8,6,0.0
chb08,chb08_10.edf,2700.0,2704.0,0.25,0.175,74,0.6096617083217828,ok,0,11,8,0.0
chb08,chb08_10.edf,2700.0,2704.0,0.25,0.175,75,0.35394981220923855,ok,0,12,11,0.0
chb08,chb08_10.edf,2700.0,2704.0,0.25,0.175,76,0.41685710561811734,ok,0,13,12,0.0
chb08,chb08_10.edf,2700.0,2704.0,0.25,0.175,77,0.5526000164907082,ok,0,7,5,0.0
chb08,chb08_10.edf,2700.0,2704.0,0.25,0.175,78,1.3483863463099397,ok,0,11,10,0.0
chb08,chb08_10.edf,2700.0,2704.0,0.25,0.175,79,0.1609368397508929,ok,0,7,6,0.0
chb08,chb08_10.edf,2700.0,2704.0,0.25,0.175,80,0.18317349230170574,ok,0,11,9,0.0
chb08,chb08_10.edf,2700.0,2704.0,0.25,0.175,81,1.3581803730064115,ok,0,9,6,0.0
chb08,chb08_10.edf,2700.0,2704.0,0.25,0.35,62,0.8375285697963539,ok,0,12,11,0.0
chb08,chb08_10.edf,2700.0,2704.0,0.25,0.35,63,2.043747370146671,ok,0,9,8,0.0
chb08,chb08_10.edf,2700.0,2704.0,0.25,0.35,64,0.8646571391993462,ok,0,8,7,0.0
chb08,chb08_10.edf,2700.0,2704.0,0.25,0.35,65,0.7864849622609631,ok,0,11,10,0.0
chb08,chb08_10.edf,2700.0,2704.0,0.25,0.35,66,0.36581014159579417,ok,0,11,9,0.0
chb08,chb08_10.edf,2700.0,2704.0,0.25,0.35,67,0.7709182694322916,ok,0,10,9,0.0
chb08,chb08_10.edf,2700.0,2704.0,0.25,0.35,68,1.0325289261124768,ok,0,10,9,0.0
chb08,chb08_10.edf,2700.0,2704.0,0.25,0.35,69,1.2855652622627465,ok,0,11,9,0.0
chb08,chb08_10.edf,2700.0,2704.0,0.25,0.35,70,0.23448277765237932,ok,0,9,8,0.0
chb08,chb08_10.edf,2700.0,2704.0,0.25,0.35,71,1.3381525303296327,ok,0,13,11,0.0
chb08,chb08_10.edf,2700.0,2704.0,0.25,0.35,72,1.3637308109725095,ok,0,9,7,0.0
chb08,chb08_10.edf,2700.0,2704.0,0.25,0.35,73,0.6579588515482293,ok,0,8,6,0.0
chb08,chb08_10.edf,2700.0,2704.0,0.25,0.35,74,0.6098557312840384,ok,0,11,8,0.0
chb08,chb08_10.edf,2700.0,2704.0,0.25,0.35,75,0.31416375525267726,ok,0,12,11,0.0
chb08,chb08_10.edf,2700.0,2704.0,0.25,0.35,76,0.3863841608240419,ok,0,11,10,0.0
chb08,chb08_10.edf,2700.0,2704.0,0.25,0.35,77,0.5526000164907082,ok,0,7,5,0.0
chb08,chb08_10.edf,2700.0,2704.0,0.25,0.35,78,1.7941451631156693,ok,0,9,8,0.0
chb08,chb08_10.edf,2700.0,2704.0,0.25,0.35,79,0.1609368397508929,ok,0,7,6,0.0
chb08,chb08_10.edf,2700.0,2704.0,0.25,0.35,80,0.21156923767534713,ok,0,11,9,0.0
chb08,chb08_10.edf,2700.0,2704.0,0.25,0.35,81,1.3581803730064115,ok,0,9,6,0.0
chb08,chb08_10.edf,2700.0,2704.0,0.25,0.7,62,0.7289532059845661,ok,0,9,8,0.0
chb08,chb08_10.edf,2700.0,2704.0,0.25,0.7,63,2.043747370146671,ok,0,9,8,0.0
chb08,chb08_10.edf,2700.0,2704.0,0.25,0.7,64,0.8646571391993462,ok,0,8,7,0.0
chb08,chb08_10.edf,2700.0,2704.0,0.25,0.7,65,0.8464912537675583,ok,0,13,11,0.0
chb08,chb08_10.edf,2700.0,2704.0,0.25,0.7,66,0.34401476167739475,ok,0,11,9,0.0
chb08,chb08_10.edf,2700.0,2704.0,0.25,0.7,67,0.31332453616862543,ok,0,10,9,0.0
chb08,chb08_10.edf,2700.0,2704.0,0.25,0.7,68,0.7562358166912266,ok,0,9,8,0.0
chb08,chb08_10.edf,2700.0,2704.0,0.25,0.7,69,1.2639930044397445,ok,0,11,8,0.0
chb08,chb08_10.edf,2700.0,2704.0,0.25,0.7,70,0.42002109880427785,ok,0,10,9,0.0
chb08,chb08_10.edf,2700.0,2704.0,0.25,0.7,71,1.3134899680316567,ok,0,13,11,0.0
chb08,chb08_10.edf,2700.0,2704.0,0.25,0.7,72,1.518718414538135,ok,0,11,9,0.0
chb08,chb08_10.edf,2700.0,2704.0,0.25,0.7,73,0.6579588515482293,ok,0,8,6,0.0
chb08,chb08_10.edf,2700.0,2704.0,0.25,0.7,74,0.6099388650885301,ok,0,11,8,0.0
chb08,chb08_10.edf,2700.0,2704.0,0.25,0.7,75,0.6637244858082322,ok,0,13,12,0.0
chb08,chb08_10.edf,2700.0,2704.0,0.25,0.7,76,0.3863841608240419,ok,0,11,10,0.0
chb08,chb08_10.edf,2700.0,2704.0,0.25,0.7,77,1.2427141179314933,ok,0,8,6,0.0
chb08,chb08_10.edf,2700.0,2704.0,0.25,0.7,78,1.4850916506367673,ok,0,7,6,0.0
chb08,chb08_10.edf,2700.0,2704.0,0.25,0.7,79,0.1609368397508929,ok,0,7,6,0.0
chb08,chb08_10.edf,2700.0,2704.0,0.25,0.7,80,0.2486253652596713,ok,0,11,9,0.0
chb08,chb08_10.edf,2700.0,2704.0,0.25,0.7,81,1.3581803730064115,ok,0,9,6,0.0
chb08,chb08_10.edf,2700.0,2704.0,0.5,0.0,62,0.5712931377579745,ok,0,12,11,0.0
chb08,chb08_10.edf,2700.0,2704.0,0.5,0.0,63,0.16726057798219393,ok,0,8,7,0.0
chb08,chb08_10.edf,2700.0,2704.0,0.5,0.0,64,0.19637001542360058,ok,0,9,8,0.0
chb08,chb08_10.edf,2700.0,2704.0,0.5,0.0,65,0.546024803519956,ok,0,10,8,0.0
chb08,chb08_10.edf,2700.0,2704.0,0.5,0.0,66,0.3428004452807938,ok,0,11,9,0.0
chb08,chb08_10.edf,2700.0,2704.0,0.5,0.0,67,0.9454773281444654,ok,0,7,6,0.0
chb08,chb08_10.edf,2700.0,2704.0,0.5,0.0,68,1.2291207868644798,ok,0,12,11,0.0
chb08,chb08_10.edf,2700.0,2704.0,0.5,0.0,69,1.1682562182790923,ok,0,9,7,0.0
chb08,chb08_10.edf,2700.0,2704.0,0.5,0.0,70,0.5111811702061327,ok,0,14,13,0.0
chb08,chb08_10.edf,2700.0,2704.0,0.5,0.0,71,1.8179982256514546,ok,0,11,9,0.0
chb08,chb08_10.edf,2700.0,2704.0,0.5,0.0,72,0.18642507739616473,ok,0,6,5,0.0
chb08,chb08_10.edf,2700.0,2704.0,0.5,0.0,73,0.6286253346157429,ok,0,10,9,0.0
chb08,chb08_10.edf,2700.0,2704.0,0.5,0.0,74,0.6476197533905482,ok,0,9,7,0.0
chb08,chb08_10.edf,2700.0,2704.0,0.5,0.0,75,0.9626906857352386,ok,0,12,10,0.0
chb08,chb08_10.edf,2700.0,2704.0,0.5,0.0,76,0.48840569686484475,ok,0,10,9,0.0
chb08,chb08_10.edf,2700.0,2704.0,0.5,0.0,77,1.4397992123948258,ok,0,10,9,0.0
chb08,chb08_10.edf,2700.0,2704.0,0.5,0.0,78,0.8783739115481473,ok,0,10,9,0.0
chb08,chb08_10.edf,2700.0,2704.0,0.5,0.0,79,0.6660998123404629,ok,0,8,7,0.0
chb08,chb08_10.edf,2700.0,2704.0,0.5,0.0,80,0.48943288169382493,ok,0,10,8,0.0
chb08,chb08_10.edf,2700.0,2704.0,0.5,0.0,81,1.3487816138931745,ok,0,10,9,0.0
chb08,chb08_10.edf,2700.0,2704.0,0.5,0.175,62,0.6482655274814257,ok,0,12,11,0.0
chb08,chb08_10.edf,2700.0,2704.0,0.5,0.175,63,0.16726057798219393,ok,0,8,7,0.0
chb08,chb08_10.edf,2700.0,2704.0,0.5,0.175,64,0.19637001542360058,ok,0,9,8,0.0
chb08,chb08_10.edf,2700.0,2704.0,0.5,0.175,65,0.5518250131061467,ok,0,10,8,0.0
chb08,chb08_10.edf,2700.0,2704.0,0.5,0.175,66,0.3455869941264749,ok,0,11,9,0.0
chb08,chb08_10.edf,2700.0,2704.0,0.5,0.175,67,0.9454773281444654,ok,0,7,6,0.0
chb08,chb08_10.edf,2700.0,2704.0,0.5,0.175,68,1.2291207868644798,ok,0,12,11,0.0
chb08,chb08_10.edf,2700.0,2704.0,0.5,0.175,69,1.289965390797386,ok,0,9,7,0.0
chb08,chb08_10.edf,2700.0,2704.0,0.5,0.175,70,0.5111811702061327,ok,0,14,13,0.0
chb08,chb08_10.edf,2700.0,2704.0,0.5,0.175,71,1.8179982256514546,ok,0,11,9,0.0
chb08,chb08_10.edf,2700.0,2704.0,0.5,0.175,72,0.18642507739616473,ok,0,6,5,0.0
chb08,chb08_10.edf,2700.0,2704.0,0.5,0.175,73,0.6557661106547307,ok,0,10,9,0.0
chb08,chb08_10.edf,2700.0,2704.0,0.5,0.175,74,0.694807985424527,ok,0,11,9,0.0
chb08,chb08_10.edf,2700.0,2704.0,0.5,0.175,75,0.9626906857352386,ok,0,12,10,0.0
chb08,chb08_10.edf,2700.0,2704.0,0.5,0.175,76,0.48840569686484475,ok,0,10,9,0.0
chb08,chb08_10.edf,2700.0,2704.0,0.5,0.175,77,1.4397992123948258,ok,0,10,9,0.0
chb08,chb08_10.edf,2700.0,2704.0,0.5,0.175,78,0.8783739115481473,ok,0,10,9,0.0
chb08,chb08_10.edf,2700.0,2704.0,0.5,0.175,79,0.6660998123404629,ok,0,8,7,0.0
chb08,chb08_10.edf,2700.0,2704.0,0.5,0.175,80,0.644942214270818,ok,0,8,6,0.0
chb08,chb08_10.edf,2700.0,2704.0,0.5,0.175,81,1.3487816138931745,ok,0,10,9,0.0
chb08,chb08_10.edf,2700.0,2704.0,0.5,0.35,62,0.6482655274814257,ok,0,12,11,0.0
chb08,chb08_10.edf,2700.0,2704.0,0.5,0.35,63,0.16726057798219393,ok,0,8,7,0.0
chb08,chb08_10.edf,2700.0,2704.0,0.5,0.35,64,0.19637001542360058,ok,0,9,8,0.0
chb08,chb08_10.edf,2700.0,2704.0,0.5,0.35,65,0.5518250131061467,ok,0,10,8,0.0
chb08,chb08_10.edf,2700.0,2704.0,0.5,0.35,66,0.34401476167739475,ok,0,11,9,0.0
chb08,chb08_10.edf,2700.0,2704.0,0.5,0.35,67,0.7622950727839145,ok,0,6,5,0.0
chb08,chb08_10.edf,2700.0,2704.0,0.5,0.35,68,1.341276321721398,ok,0,11,10,0.0
chb08,chb08_10.edf,2700.0,2704.0,0.5,0.35,69,1.2285406712893292,ok,0,10,8,0.0
chb08,chb08_10.edf,2700.0,2704.0,0.5,0.35,70,0.4985462097124745,ok,0,14,13,0.0
chb08,chb08_10.edf,2700.0,2704.0,0.5,0.35,71,1.5475911032956122,ok,0,12,10,0.0
chb08,chb08_10.edf,2700.0,2704.0,0.5,0.35,72,0.18642507739616473,ok,0,6,5,0.0
chb08,chb08_10.edf,2700.0,2704.0,0.5,0.35,73,0.6557661106547307,ok,0,10,9,0.0
chb08,chb08_10.edf,2700.0,2704.0,0.5,0.35,74,0.6332115379734763,ok,0,10,8,0.0
chb08,chb08_10.edf,2700.0,2704.0,0.5,0.35,75,1.0080662322890541,ok,0,11,10,0.0
chb08,chb08_10.edf,2700.0,2704.0,0.5,0.35,76,0.5111297385677903,ok,0,11,10,0.0
chb08,chb08_10.edf,2700.0,2704.0,0.5,0.35,77,1.4440833998626792,ok,0,10,9,0.0
chb08,chb08_10.edf,2700.0,2704.0,0.5,0.35,78,0.8783739115481473,ok,0,10,9,0.0
chb08,chb08_10.edf,2700.0,2704.0,0.5,0.35,79,0.6660998123404629,ok,0,8,7,0.0
chb08,chb08_10.edf,2700.0,2704.0,0.5,0.35,80,0.9994053539964866,ok,0,8,6,0.0
chb08,chb08_10.edf,2700.0,2704.0,0.5,0.35,81,1.3487816138931745,ok,0,10,9,0.0
chb08,chb08_10.edf,2700.0,2704.0,0.5,0.7,62,0.6934107452847774,ok,0,11,10,0.0
chb08,chb08_10.edf,2700.0,2704.0,0.5,0.7,63,0.20805116380691183,ok,0,8,7,0.0
chb08,chb08_10.edf,2700.0,2704.0,0.5,0.7,64,0.19637001542360058,ok,0,9,8,0.0
chb08,chb08_10.edf,2700.0,2704.0,0.5,0.7,65,0.5518250131061467,ok,0,10,8,0.0
chb08,chb08_10.edf,2700.0,2704.0,0.5,0.7,66,0.35838204329403806,ok,0,11,9,0.0
chb08,chb08_10.edf,2700.0,2704.0,0.5,0.7,67,0.7622950727839145,ok,0,6,5,0.0
chb08,chb08_10.edf,2700.0,2704.0,0.5,0.7,68,1.4597991868919957,ok,0,9,8,0.0
chb08,chb08_10.edf,2700.0,2704.0,0.5,0.7,69,1.198746941117183,ok,0,10,8,0.0
chb08,chb08_10.edf,2700.0,2704.0,0.5,0.7,70,0.4630268649034707,ok,0,13,12,0.0
chb08,chb08_10.edf,2700.0,2704.0,0.5,0.7,71,1.5475911032956122,ok,0,12,10,0.0
chb08,chb08_10.edf,2700.0,2704.0,0.5,0.7,72,0.18642507739616473,ok,0,6,5,0.0
chb08,chb08_10.edf,2700.0,2704.0,0.5,0.7,73,0.7087533087906752,ok,0,11,9,0.0
chb08,chb08_10.edf,2700.0,2704.0,0.5,0.7,74,0.6940620351725195,ok,0,11,9,0.0
chb08,chb08_10.edf,2700.0,2704.0,0.5,0.7,75,0.8962652604180359,ok,0,9,8,0.0
chb08,chb08_10.edf,2700.0,2704.0,0.5,0.7,76,0.5998365691739284,ok,0,11,9,0.0
chb08,chb08_10.edf,2700.0,2704.0,0.5,0.7,77,1.4910193429353433,ok,0,9,8,0.0
chb08,chb08_10.edf,2700.0,2704.0,0.5,0.7,78,0.8783739115481473,ok,0,10,9,0.0
chb08,chb08_10.edf,2700.0,2704.0,0.5,0.7,79,0.1609368397508929,ok,0,7,6,0.0
chb08,chb08_10.edf,2700.0,2704.0,0.5,0.7,80,0.9994053539964866,ok,0,8,6,0.0
chb08,chb08_10.edf,2700.0,2704.0,0.5,0.7,81,1.3487816138931745,ok,0,10,9,0.0
chb08,chb08_10.edf,2700.0,2704.0,1.0,0.0,62,0.7743914046997703,ok,0,11,10,0.0
chb08,chb08_10.edf,2700.0,2704.0,1.0,0.0,63,0.21488489744161204,ok,0,8,7,0.0
chb08,chb08_10.edf,2700.0,2704.0,1.0,0.0,64,0.17192047651837583,ok,0,10,9,0.0
chb08,chb08_10.edf,2700.0,2704.0,1.0,0.0,65,0.48620003231413916,ok,0,12,9,0.0
chb08,chb08_10.edf,2700.0,2704.0,1.0,0.0,66,1.3756822323974554,ok,0,13,11,0.0
chb08,chb08_10.edf,2700.0,2704.0,1.0,0.0,67,1.0067830609804835,ok,0,9,8,0.0
chb08,chb08_10.edf,2700.0,2704.0,1.0,0.0,68,1.5176810316646947,ok,0,13,11,0.0
chb08,chb08_10.edf,2700.0,2704.0,1.0,0.0,69,1.0610836315798138,ok,0,8,5,0.0
chb08,chb08_10.edf,2700.0,2704.0,1.0,0.0,70,0.981919803246944,ok,0,12,11,0.0
chb08,chb08_10.edf,2700.0,2704.0,1.0,0.0,71,1.7937447317653397,ok,0,10,8,0.0
chb08,chb08_10.edf,2700.0,2704.0,1.0,0.0,72,0.18642507739616473,ok,0,6,5,0.0
chb08,chb08_10.edf,2700.0,2704.0,1.0,0.0,73,0.5987516059102022,ok,0,9,8,0.0
chb08,chb08_10.edf,2700.0,2704.0,1.0,0.0,74,0.6443582292066723,ok,0,11,10,0.0
chb08,chb08_10.edf,2700.0,2704.0,1.0,0.0,75,1.65888681246551,ok,0,10,7,0.0
chb08,chb08_10.edf,2700.0,2704.0,1.0,0.0,76,0.22553402254439306,ok,0,12,11,0.0
chb08,chb08_10.edf,2700.0,2704.0,1.0,0.0,77,1.261454559020981,ok,0,10,9,0.0
chb08,chb08_10.edf,2700.0,2704.0,1.0,0.0,78,1.9856992051961986,ok,0,12,11,0.0
chb08,chb08_10.edf,2700.0,2704.0,1.0,0.0,79,0.1609368397508929,ok,0,7,6,0.0
chb08,chb08_10.edf,2700.0,2704.0,1.0,0.0,80,0.8375512923759941,ok,0,11,9,0.0
chb08,chb08_10.edf,2700.0,2704.0,1.0,0.0,81,1.3218647883394035,ok,0,10,8,0.0
chb08,chb08_10.edf,2700.0,2704.0,1.0,0.175,62,0.7743914046997703,ok,0,11,10,0.0
chb08,chb08_10.edf,2700.0,2704.0,1.0,0.175,63,0.21488489744161204,ok,0,8,7,0.0
chb08,chb08_10.edf,2700.0,2704.0,1.0,0.175,64,0.17192047651837583,ok,0,10,9,0.0
chb08,chb08_10.edf,2700.0,2704.0,1.0,0.175,65,0.48620003231413916,ok,0,12,9,0.0
chb08,chb08_10.edf,2700.0,2704.0,1.0,0.175,66,1.3756822323974554,ok,0,13,11,0.0
chb08,chb08_10.edf,2700.0,2704.0,1.0,0.175,67,1.0067830609804835,ok,0,9,8,0.0
chb08,chb08_10.edf,2700.0,2704.0,1.0,0.175,68,1.5176810316646947,ok,0,13,11,0.0
chb08,chb08_10.edf,2700.0,2704.0,1.0,0.175,69,1.174500866722712,ok,0,9,6,0.0
chb08,chb08_10.edf,2700.0,2704.0,1.0,0.175,70,1.0713161689866328,ok,0,12,9,0.0
chb08,chb08_10.edf,2700.0,2704.0,1.0,0.175,71,1.7937447317653397,ok,0,10,8,0.0
chb08,chb08_10.edf,2700.0,2704.0,1.0,0.175,72,0.18642507739616473,ok,0,6,5,0.0
chb08,chb08_10.edf,2700.0,2704.0,1.0,0.175,73,0.6191720810400293,ok,0,9,8,0.0
chb08,chb08_10.edf,2700.0,2704.0,1.0,0.175,74,0.6373761215671587,ok,0,11,10,0.0
chb08,chb08_10.edf,2700.0,2704.0,1.0,0.175,75,1.6701884111809937,ok,0,9,6,0.0
chb08,chb08_10.edf,2700.0,2704.0,1.0,0.175,76,0.22553402254439306,ok,0,12,11,0.0
chb08,chb08_10.edf,2700.0,2704.0,1.0,0.175,77,1.3301863919839045,ok,0,11,10,0.0
chb08,chb08_10.edf,2700.0,2704.0,1.0,0.175,78,2.0008167178077203,ok,0,11,10,0.0
chb08,chb08_10.edf,2700.0,2704.0,1.0,0.175,79,0.1609368397508929,ok,0,7,6,0.0
chb08,chb08_10.edf,2700.0,2704.0,1.0,0.175,80,0.8405036655543509,ok,0,11,9,0.0
chb08,chb08_10.edf,2700.0,2704.0,1.0,0.175,81,1.3218647883394035,ok,0,10,8,0.0
chb08,chb08_10.edf,2700.0,2704.0,1.0,0.35,62,0.7718735348950996,ok,0,11,10,0.0
chb08,chb08_10.edf,2700.0,2704.0,1.0,0.35,63,0.21488489744161204,ok,0,8,7,0.0
chb08,chb08_10.edf,2700.0,2704.0,1.0,0.35,64,0.17192047651837583,ok,0,10,9,0.0
chb08,chb08_10.edf,2700.0,2704.0,1.0,0.35,65,0.48620003231413916,ok,0,12,9,0.0
chb08,chb08_10.edf,2700.0,2704.0,1.0,0.35,66,1.3756822323974554,ok,0,13,11,0.0
chb08,chb08_10.edf,2700.0,2704.0,1.0,0.35,67,1.0067830609804835,ok,0,9,8,0.0
chb08,chb08_10.edf,2700.0,2704.0,1.0,0.35,68,1.5176810316646947,ok,0,13,11,0.0
chb08,chb08_10.edf,2700.0,2704.0,1.0,0.35,69,1.174500866722712,ok,0,9,6,0.0
chb08,chb08_10.edf,2700.0,2704.0,1.0,0.35,70,1.0276969351850234,ok,0,12,10,0.0
chb08,chb08_10.edf,2700.0,2704.0,1.0,0.35,71,1.7937447317653397,ok,0,10,8,0.0
chb08,chb08_10.edf,2700.0,2704.0,1.0,0.35,72,0.18642507739616473,ok,0,6,5,0.0
chb08,chb08_10.edf,2700.0,2704.0,1.0,0.35,73,0.6191720810400293,ok,0,9,8,0.0
chb08,chb08_10.edf,2700.0,2704.0,1.0,0.35,74,0.6310197869425602,ok,0,11,10,0.0
chb08,chb08_10.edf,2700.0,2704.0,1.0,0.35,75,1.6701884111809937,ok,0,9,6,0.0
chb08,chb08_10.edf,2700.0,2704.0,1.0,0.35,76,0.22553402254439306,ok,0,12,11,0.0
chb08,chb08_10.edf,2700.0,2704.0,1.0,0.35,77,1.3870057374787141,ok,0,10,9,0.0
chb08,chb08_10.edf,2700.0,2704.0,1.0,0.35,78,2.0008167178077203,ok,0,11,10,0.0
chb08,chb08_10.edf,2700.0,2704.0,1.0,0.35,79,0.1609368397508929,ok,0,7,6,0.0
chb08,chb08_10.edf,2700.0,2704.0,1.0,0.35,80,0.7884924647126925,ok,0,10,8,0.0
chb08,chb08_10.edf,2700.0,2704.0,1.0,0.35,81,1.3218647883394035,ok,0,10,8,0.0
chb08,chb08_10.edf,2700.0,2704.0,1.0,0.7,62,0.654679612878678,ok,0,11,9,0.0
chb08,chb08_10.edf,2700.0,2704.0,1.0,0.7,63,0.21488489744161204,ok,0,8,7,0.0
chb08,chb08_10.edf,2700.0,2704.0,1.0,0.7,64,0.17192047651837583,ok,0,10,9,0.0
chb08,chb08_10.edf,2700.0,2704.0,1.0,0.7,65,0.48620003231413916,ok,0,12,9,0.0
chb08,chb08_10.edf,2700.0,2704.0,1.0,0.7,66,1.376135904594276,ok,0,13,11,0.0
chb08,chb08_10.edf,2700.0,2704.0,1.0,0.7,67,1.0346292392189875,ok,0,10,9,0.0
chb08,chb08_10.edf,2700.0,2704.0,1.0,0.7,68,1.5983205841064927,ok,0,12,10,0.0
chb08,chb08_10.edf,2700.0,2704.0,1.0,0.7,69,1.1430763515368405,ok,0,10,7,0.0
chb08,chb08_10.edf,2700.0,2704.0,1.0,0.7,70,0.9418879457424241,ok,0,11,9,0.0
chb08,chb08_10.edf,2700.0,2704.0,1.0,0.7,71,1.5539808857919553,ok,0,11,9,0.0
chb08,chb08_10.edf,2700.0,2704.0,1.0,0.7,72,0.18642507739616473,ok,0,6,5,0.0
chb08,chb08_10.edf,2700.0,2704.0,1.0,0.7,73,0.6191720810400293,ok,0,9,8,0.0
chb08,chb08_10.edf,2700.0,2704.0,1.0,0.7,74,0.6075085052314596,ok,0,13,11,0.0
chb08,chb08_10.edf,2700.0,2704.0,1.0,0.7,75,0.06293706293706293,ok,0,8,5,0.0
chb08,chb08_10.edf,2700.0,2704.0,1.0,0.7,76,0.2313081498944913,ok,0,11,10,0.0
chb08,chb08_10.edf,2700.0,2704.0,1.0,0.7,77,1.3920394622744623,ok,0,10,9,0.0
chb08,chb08_10.edf,2700.0,2704.0,1.0,0.7,78,1.8754393624023242,ok,0,10,9,0.0
chb08,chb08_10.edf,2700.0,2704.0,1.0,0.7,79,0.1609368397508929,ok,0,7,6,0.0
chb08,chb08_10.edf,2700.0,2704.0,1.0,0.7,80,0.9215074641949961,ok,0,9,7,0.0
chb08,chb08_10.edf,2700.0,2704.0,1.0,0.7,81,1.3365998151047558,ok,0,11,9,0.0
chb08,chb08_11.edf,904.0,908.0,0.25,0.0,62,0.6171842911523988,ok,0,10,9,0.0
chb08,chb08_11.edf,904.0,908.0,0.25,0.0,63,2.043747370146671,ok,0,9,8,0.0
chb08,chb08_11.edf,904.0,908.0,0.25,0.0,64,0.8756532617719204,ok,0,9,8,0.0
chb08,chb08_11.edf,904.0,908.0,0.25,0.0,65,0.9667718123938864,ok,0,11,10,0.0
chb08,chb08_11.edf,904.0,908.0,0.25,0.0,66,0.3631787913269073,ok,0,11,9,0.0
chb08,chb08_11.edf,904.0,908.0,0.25,0.0,67,0.8092054221906116,ok,0,11,9,0.0
chb08,chb08_11.edf,904.0,908.0,0.25,0.0,68,0.9681035064574081,ok,0,9,8,0.0
chb08,chb08_11.edf,904.0,908.0,0.25,0.0,69,1.241548694349417,ok,0,10,8,0.0
chb08,chb08_11.edf,904.0,908.0,0.25,0.0,70,0.2793983295119334,ok,0,9,8,0.0
chb08,chb08_11.edf,904.0,908.0,0.25,0.0,71,1.5904417843670142,ok,0,12,11,0.0
chb08,chb08_11.edf,904.0,908.0,0.25,0.0,72,0.9990557900479503,ok,0,11,9,0.0
chb08,chb08_11.edf,904.0,908.0,0.25,0.0,73,0.4814093715175572,ok,0,8,7,0.0
chb08,chb08_11.edf,904.0,908.0,0.25,0.0,74,0.6162790697674418,ok,0,11,8,0.0
chb08,chb08_11.edf,904.0,908.0,0.25,0.0,75,0.35394981220923855,ok,0,12,11,0.0
chb08,chb08_11.edf,904.0,908.0,0.25,0.0,76,0.3909772130214703,ok,0,12,11,0.0
chb08,chb08_11.edf,904.0,908.0,0.25,0.0,77,0.9447730595988872,ok,0,6,4,0.0
chb08,chb08_11.edf,904.0,908.0,0.25,0.0,78,1.3483863463099397,ok,0,11,10,0.0
chb08,chb08_11.edf,904.0,908.0,0.25,0.0,79,0.1609368397508929,ok,0,7,6,0.0
chb08,chb08_11.edf,904.0,908.0,0.25,0.0,80,0.1797136108456547,ok,0,12,10,0.0
chb08,chb08_11.edf,904.0,908.0,0.25,0.0,81,1.4033891062507988,ok,0,10,7,0.0
chb08,chb08_11.edf,904.0,908.0,0.25,0.175,62,0.657163309173066,ok,0,10,9,0.0
chb08,chb08_11.edf,904.0,908.0,0.25,0.175,63,0.23111040959749207,ok,0,9,8,0.0
chb08,chb08_11.edf,904.0,908.0,0.25,0.175,64,0.8756532617719204,ok,0,9,8,0.0
chb08,chb08_11.edf,904.0,908.0,0.25,0.175,65,0.9414616009623639,ok,0,11,9,0.0
chb08,chb08_11.edf,904.0,908.0,0.25,0.175,66,0.3631787913269073,ok,0,11,9,0.0
chb08,chb08_11.edf,904.0,908.0,0.25,0.175,67,0.3352566236021314,ok,0,11,9,0.0
chb08,chb08_11.edf,904.0,908.0,0.25,0.175,68,0.9449318613013435,ok,0,9,8,0.0
chb08,chb08_11.edf,904.0,908.0,0.25,0.175,69,1.1475643884109248,ok,0,10,7,0.0
chb08,chb08_11.edf,904.0,908.0,0.25,0.175,70,0.2793983295119334,ok,0,9,8,0.0
chb08,chb08_11.edf,904.0,908.0,0.25,0.175,71,1.5904417843670142,ok,0,12,11,0.0
chb08,chb08_11.edf,904.0,908.0,0.25,0.175,72,1.1817204218608475,ok,0,8,7,0.0
chb08,chb08_11.edf,904.0,908.0,0.25,0.175,73,0.6936956439048045,ok,0,7,6,0.0
chb08,chb08_11.edf,904.0,908.0,0.25,0.175,74,0.5711468081734539,ok,0,12,9,0.0
chb08,chb08_11.edf,904.0,908.0,0.25,0.175,75,0.36209868255118927,ok,0,12,11,0.0
chb08,chb08_11.edf,904.0,908.0,0.25,0.175,76,0.9964108069984473,ok,0,12,10,0.0
chb08,chb08_11.edf,904.0,908.0,0.25,0.175,77,0.9447730595988872,ok,0,6,4,0.0
chb08,chb08_11.edf,904.0,908.0,0.25,0.175,78,1.2911568068526829,ok,0,10,9,0.0
chb08,chb08_11.edf,904.0,908.0,0.25,0.175,79,0.1609368397508929,ok,0,7,6,0.0
chb08,chb08_11.edf,904.0,908.0,0.25,0.175,80,0.1553054214720489,ok,0,12,11,0.0
chb08,chb08_11.edf,904.0,908.0,0.25,0.175,81,1.3487816138931745,ok,0,10,9,0.0
chb08,chb08_11.edf,904.0,908.0,0.25,0.35,62,0.8859071022090904,ok,0,8,7,0.0
chb08,chb08_11.edf,904.0,908.0,0.25,0.35,63,0.23111040959749207,ok,0,9,8,0.0
chb08,chb08_11.edf,904.0,908.0,0.25,0.35,64,0.960386606658378,ok,0,8,7,0.0
chb08,chb08_11.edf,904.0,908.0,0.25,0.35,65,0.9466500239393751,ok,0,10,8,0.0
chb08,chb08_11.edf,904.0,908.0,0.25,0.35,66,0.36581014159579417,ok,0,11,9,0.0
chb08,chb08_11.edf,904.0,908.0,0.25,0.35,67,0.37627087402148146,ok,0,12,10,0.0
chb08,chb08_11.edf,904.0,908.0,0.25,0.35,68,1.039299631709793,ok,0,8,7,0.0
chb08,chb08_11.edf,904.0,908.0,0.25,0.35,69,1.1475643884109248,ok,0,10,7,0.0
chb08,chb08_11.edf,904.0,908.0,0.25,0.35,70,0.4101876324180231,ok,0,8,7,0.0
chb08,chb08_11.edf,904.0,908.0,0.25,0.35,71,1.2122104203837154,ok,0,13,12,0.0
chb08,chb08_11.edf,904.0,908.0,0.25,0.35,72,1.6750483045933489,ok,0,7,6,0.0
chb08,chb08_11.edf,904.0,908.0,0.25,0.35,73,0.5640340010437752,ok,0,9,7,0.0
chb08,chb08_11.edf,904.0,908.0,0.25,0.35,74,0.7045696111304078,ok,0,10,8,0.0
chb08,chb08_11.edf,904.0,908.0,0.25,0.35,75,0.5455314296401599,ok,0,11,10,0.0
chb08,chb08_11.edf,904.0,908.0,0.25,0.35,76,0.07082861906842924,ok,0,9,7,0.0
chb08,chb08_11.edf,904.0,908.0,0.25,0.35,77,0.9447730595988872,ok,0,6,4,0.0
chb08,chb08_11.edf,904.0,908.0,0.25,0.35,78,1.2911568068526829,ok,0,10,9,0.0
chb08,chb08_11.edf,904.0,908.0,0.25,0.35,79,0.1609368397508929,ok,0,7,6,0.0
chb08,chb08_11.edf,904.0,908.0,0.25,0.35,80,0.175793722481424,ok,0,14,12,0.0
chb08,chb08_11.edf,904.0,908.0,0.25,0.35,81,1.3487816138931745,ok,0,10,9,0.0
chb08,chb08_11.edf,904.0,908.0,0.25,0.7,62,0.6184315078722357,ok,0,7,6,0.0
chb08,chb08_11.edf,904.0,908.0,0.25,0.7,63,0.20805116380691183,ok,0,8,7,0.0
chb08,chb08_11.edf,904.0,908.0,0.25,0.7,64,0.9447673845427031,ok,0,8,7,0.0
chb08,chb08_11.edf,904.0,908.0,0.25,0.7,65,0.8599610707085241,ok,0,12,10,0.0
chb08,chb08_11.edf,904.0,908.0,0.25,0.7,66,0.36581014159579417,ok,0,11,9,0.0
chb08,chb08_11.edf,904.0,908.0,0.25,0.7,67,0.34759241618210224,ok,0,11,9,0.0
chb08,chb08_11.edf,904.0,908.0,0.25,0.7,68,1.0742022986161994,ok,0,10,9,0.0
chb08,chb08_11.edf,904.0,908.0,0.25,0.7,69,1.1209782843097875,ok,0,9,7,0.0
chb08,chb08_11.edf,904.0,908.0,0.25,0.7,70,0.271910044401085,ok,0,6,5,0.0
chb08,chb08_11.edf,904.0,908.0,0.25,0.7,71,1.1889651045433578,ok,0,13,12,0.0
chb08,chb08_11.edf,904.0,908.0,0.25,0.7,72,0.2722182963391763,ok,0,6,4,0.0
chb08,chb08_11.edf,904.0,908.0,0.25,0.7,73,0.6323343054816634,ok,0,10,7,0.0
chb08,chb08_11.edf,904.0,908.0,0.25,0.7,74,0.6495582644542425,ok,0,10,8,0.0
chb08,chb08_11.edf,904.0,908.0,0.25,0.7,75,0.5997720694937465,ok,0,12,11,0.0
chb08,chb08_11.edf,904.0,908.0,0.25,0.7,76,0.7943030829168071,ok,0,9,8,0.0
chb08,chb08_11.edf,904.0,908.0,0.25,0.7,77,0.5526000164907082,ok,0,7,5,0.0
chb08,chb08_11.edf,904.0,908.0,0.25,0.7,78,1.2304102832066124,ok,0,9,8,0.0
chb08,chb08_11.edf,904.0,908.0,0.25,0.7,79,1.6645984136381196,ok,0,8,7,0.0
chb08,chb08_11.edf,904.0,908.0,0.25,0.7,80,0.58896985793074,ok,0,13,12,0.0
chb08,chb08_11.edf,904.0,908.0,0.25,0.7,81,1.3485722789127093,ok,0,10,9,0.0
chb08,chb08_11.edf,904.0,908.0,0.5,0.0,62,0.5712931377579745,ok,0,12,11,0.0
chb08,chb08_11.edf,904.0,908.0,0.5,0.0,63,0.16726057798219393,ok,0,8,7,0.0
chb08,chb08_11.edf,904.0,908.0,0.5,0.0,64,0.19637001542360058,ok,0,9,8,0.0
chb08,chb08_11.edf,904.0,908.0,0.5,0.0,65,0.546024803519956,ok,0,10,8,0.0
chb08,chb08_11.edf,904.0,908.0,0.5,0.0,66,0.3428004452807938,ok,0,11,9,0.0
chb08,chb08_11.edf,904.0,908.0,0.5,0.0,67,0.9454773281444654,ok,0,7,6,0.0
chb08,chb08_11.edf,904.0,908.0,0.5,0.0,68,1.2291207868644798,ok,0,12,11,0.0
chb08,chb08_11.edf,904.0,908.0,0.5,0.0,69,1.1682562182790923,ok,0,9,7,0.0
chb08,chb08_11.edf,904.0,908.0,0.5,0.0,70,0.5111811702061327,ok,0,14,13,0.0
chb08,chb08_11.edf,904.0,908.0,0.5,0.0,71,1.8179982256514546,ok,0,11,9,0.0
chb08,chb08_11.edf,904.0,908.0,0.5,0.0,72,0.18642507739616473,ok,0,6,5,0.0
chb08,chb08_11.edf,904.0,908.0,0.5,0.0,73,0.6286253346157429,ok,0,10,9,0.0
chb08,chb08_11.edf,904.0,908.0,0.5,0.0,74,0.6476197533905482,ok,0,9,7,0.0
chb08,chb08_11.edf,904.0,908.0,0.5,0.0,75,0.9626906857352386,ok,0,12,10,0.0
chb08,chb08_11.edf,904.0,908.0,0.5,0.0,76,0.48840569686484475,ok,0,10,9,0.0
chb08,chb08_11.edf,904.0,908.0,0.5,0.0,77,1.4397992123948258,ok,0,10,9,0.0
chb08,chb08_11.edf,904.0,908.0,0.5,0.0,78,0.8783739115481473,ok,0,10,9,0.0
chb08,chb08_11.edf,904.0,908.0,0.5,0.0,79,0.6660998123404629,ok,0,8,7,0.0
chb08,chb08_11.edf,904.0,908.0,0.5,0.0,80,0.48943288169382493,ok,0,10,8,0.0
chb08,chb08_11.edf,904.0,908.0,0.5,0.0,81,1.3487816138931745,ok,0,10,9,0.0
chb08,chb08_11.edf,904.0,908.0,0.5,0.175,62,0.6654994536836131,ok,0,11,10,0.0
chb08,chb08_11.edf,904.0,908.0,0.5,0.175,63,0.16726057798219393,ok,0,8,7,0.0
chb08,chb08_11.edf,904.0,908.0,0.5,0.175,64,0.33066737835270793,ok,0,10,9,0.0
chb08,chb08_11.edf,904.0,908.0,0.5,0.175,65,0.5518250131061467,ok,0,10,8,0.0
chb08,chb08_11.edf,904.0,908.0,0.5,0.175,66,0.3428004452807938,ok,0,11,9,0.0
chb08,chb08_11.edf,904.0,908.0,0.5,0.175,67,0.8841785669893321,ok,0,7,6,0.0
chb08,chb08_11.edf,904.0,908.0,0.5,0.175,68,1.3869827491048006,ok,0,10,9,0.0
chb08,chb08_11.edf,904.0,908.0,0.5,0.175,69,1.1682562182790923,ok,0,9,7,0.0
chb08,chb08_11.edf,904.0,908.0,0.5,0.175,70,0.509154547108042,ok,0,14,13,0.0
chb08,chb08_11.edf,904.0,908.0,0.5,0.175,71,1.8179982256514546,ok,0,11,9,0.0
chb08,chb08_11.edf,904.0,908.0,0.5,0.175,72,0.15927485905071012,ok,0,6,5,0.0
chb08,chb08_11.edf,904.0,908.0,0.5,0.175,73,0.6055742018279381,ok,0,9,8,0.0
chb08,chb08_11.edf,904.0,908.0,0.5,0.175,74,0.6476197533905482,ok,0,9,7,0.0
chb08,chb08_11.edf,904.0,908.0,0.5,0.175,75,0.7675209779263974,ok,0,13,11,0.0
chb08,chb08_11.edf,904.0,908.0,0.5,0.175,76,0.49210873425856594,ok,0,10,9,0.0
chb08,chb08_11.edf,904.0,908.0,0.5,0.175,77,1.487661106245009,ok,0,9,8,0.0
chb08,chb08_11.edf,904.0,908.0,0.5,0.175,78,0.8783739115481473,ok,0,10,9,0.0
chb08,chb08_11.edf,904.0,908.0,0.5,0.175,79,0.6660998123404629,ok,0,8,7,0.0
chb08,chb08_11.edf,904.0,908.0,0.5,0.175,80,0.8667296522251868,ok,0,9,7,0.0
chb08,chb08_11.edf,904.0,908.0,0.5,0.175,81,1.3487816138931745,ok,0,10,9,0.0
chb08,chb08_11.edf,904.0,908.0,0.5,0.35,62,0.6527414579686754,ok,0,11,10,0.0
chb08,chb08_11.edf,904.0,908.0,0.5,0.35,63,0.16726057798219393,ok,0,8,7,0.0
chb08,chb08_11.edf,904.0,908.0,0.5,0.35,64,0.33066737835270793,ok,0,10,9,0.0
chb08,chb08_11.edf,904.0,908.0,0.5,0.35,65,0.5518250131061467,ok,0,10,8,0.0
chb08,chb08_11.edf,904.0,908.0,0.5,0.35,66,0.3428004452807938,ok,0,11,9,0.0
chb08,chb08_11.edf,904.0,908.0,0.5,0.35,67,0.7733910456952837,ok,0,6,5,0.0
chb08,chb08_11.edf,904.0,908.0,0.5,0.35,68,1.3856201814466502,ok,0,10,9,0.0
chb08,chb08_11.edf,904.0,908.0,0.5,0.35,69,1.2338030580487438,ok,0,10,8,0.0
chb08,chb08_11.edf,904.0,908.0,0.5,0.35,70,0.5061085554802268,ok,0,13,12,0.0
chb08,chb08_11.edf,904.0,908.0,0.5,0.35,71,1.8814282450408817,ok,0,11,10,0.0
chb08,chb08_11.edf,904.0,908.0,0.5,0.35,72,0.22848925854368135,ok,0,6,5,0.0
chb08,chb08_11.edf,904.0,908.0,0.5,0.35,73,0.5748110033473974,ok,0,8,7,0.0
chb08,chb08_11.edf,904.0,908.0,0.5,0.35,74,0.6476197533905482,ok,0,9,7,0.0
chb08,chb08_11.edf,904.0,908.0,0.5,0.35,75,0.767815369197876,ok,0,13,11,0.0
chb08,chb08_11.edf,904.0,908.0,0.5,0.35,76,0.49585752748975154,ok,0,11,10,0.0
chb08,chb08_11.edf,904.0,908.0,0.5,0.35,77,1.487661106245009,ok,0,9,8,0.0
chb08,chb08_11.edf,904.0,908.0,0.5,0.35,78,0.8340545397213711,ok,0,10,8,0.0
chb08,chb08_11.edf,904.0,908.0,0.5,0.35,79,0.6660998123404629,ok,0,8,7,0.0
chb08,chb08_11.edf,904.0,908.0,0.5,0.35,80,0.822565229374394,ok,0,8,7,0.0
chb08,chb08_11.edf,904.0,908.0,0.5,0.35,81,1.3487816138931745,ok,0,10,9,0.0
chb08,chb08_11.edf,904.0,908.0,0.5,0.7,62,0.6527414579686754,ok,0,11,10,0.0
chb08,chb08_11.edf,904.0,908.0,0.5,0.7,63,0.5946050294951504,ok,0,9,8,0.0
chb08,chb08_11.edf,904.0,908.0,0.5,0.7,64,0.33066737835270793,ok,0,10,9,0.0
chb08,chb08_11.edf,904.0,908.0,0.5,0.7,65,0.5474024512937127,ok,0,10,7,0.0
chb08,chb08_11.edf,904.0,908.0,0.5,0.7,66,0.3428004452807938,ok,0,11,9,0.0
chb08,chb08_11.edf,904.0,908.0,0.5,0.7,67,0.8823896081150283,ok,0,7,6,0.0
chb08,chb08_11.edf,904.0,908.0,0.5,0.7,68,1.293341211471254,ok,0,9,8,0.0
chb08,chb08_11.edf,904.0,908.0,0.5,0.7,69,1.06283311345681,ok,0,11,8,0.0
chb08,chb08_11.edf,904.0,908.0,0.5,0.7,70,0.5501659857316705,ok,0,13,12,0.0
chb08,chb08_11.edf,904.0,908.0,0.5,0.7,71,1.3145793234016585,ok,0,11,10,0.0
chb08,chb08_11.edf,904.0,908.0,0.5,0.7,72,0.8845558890086349,ok,0,8,7,0.0
chb08,chb08_11.edf,904.0,908.0,0.5,0.7,73,0.5601422899237357,ok,0,8,7,0.0
chb08,chb08_11.edf,904.0,908.0,0.5,0.7,74,0.6140058598594065,ok,0,8,7,0.0
chb08,chb08_11.edf,904.0,908.0,0.5,0.7,75,0.767815369197876,ok,0,13,11,0.0
chb08,chb08_11.edf,904.0,908.0,0.5,0.7,76,0.49585752748975154,ok,0,11,10,0.0
chb08,chb08_11.edf,904.0,908.0,0.5,0.7,77,1.487661106245009,ok,0,9,8,0.0
chb08,chb08_11.edf,904.0,908.0,0.5,0.7,78,0.9782603872096252,ok,0,8,6,0.0
chb08,chb08_11.edf,904.0,908.0,0.5,0.7,79,0.4602413280008652,ok,0,9,8,0.0
chb08,chb08_11.edf,904.0,908.0,0.5,0.7,80,0.9419579198531853,ok,0,7,6,0.0
chb08,chb08_11.edf,904.0,908.0,0.5,0.7,81,1.3282457340076834,ok,0,10,8,0.0
chb08,chb08_11.edf,904.0,908.0,1.0,0.0,62,0.7743914046997703,ok,0,11,10,0.0
chb08,chb08_11.edf,904.0,908.0,1.0,0.0,63,0.21488489744161204,ok,0,8,7,0.0
chb08,chb08_11.edf,904.0,908.0,1.0,0.0,64,0.17192047651837583,ok,0,10,9,0.0
chb08,chb08_11.edf,904.0,908.0,1.0,0.0,65,0.48620003231413916,ok,0,12,9,0.0
chb08,chb08_11.edf,904.0,908.0,1.0,0.0,66,1.3756822323974554,ok,0,13,11,0.0
chb08,chb08_11.edf,904.0,908.0,1.0,0.0,67,1.0067830609804835,ok,0,9,8,0.0
chb08,chb08_11.edf,904.0,908.0,1.0,0.0,68,1.5176810316646947,ok,0,13,11,0.0
chb08,chb08_11.edf,904.0,908.0,1.0,0.0,69,1.0610836315798138,ok,0,8,5,0.0
chb08,chb08_11.edf,904.0,908.0,1.0,0.0,70,0.981919803246944,ok,0,12,11,0.0
chb08,chb08_11.edf,904.0,908.0,1.0,0.0,71,1.7937447317653397,ok,0,10,8,0.0
chb08,chb08_11.edf,904.0,908.0,1.0,0.0,72,0.18642507739616473,ok,0,6,5,0.0
chb08,chb08_11.edf,904.0,908.0,1.0,0.0,73,0.5987516059102022,ok,0,9,8,0.0
chb08,chb08_11.edf,904.0,908.0,1.0,0.0,74,0.6443582292066723,ok,0,11,10,0.0
chb08,chb08_11.edf,904.0,908.0,1.0,0.0,75,1.65888681246551,ok,0,10,7,0.0
chb08,chb08_11.edf,904.0,908.0,1.0,0.0,76,0.22553402254439306,ok,0,12,11,0.0
chb08,chb08_11.edf,904.0,908.0,1.0,0.0,77,1.261454559020981,ok,0,10,9,0.0
chb08,chb08_11.edf,904.0,908.0,1.0,0.0,78,1.9856992051961986,ok,0,12,11,0.0
chb08,chb08_11.edf,904.0,908.0,1.0,0.0,79,0.1609368397508929,ok,0,7,6,0.0
chb08,chb08_11.edf,904.0,908.0,1.0,0.0,80,0.8375512923759941,ok,0,11,9,0.0
chb08,chb08_11.edf,904.0,908.0,1.0,0.0,81,1.3218647883394035,ok,0,10,8,0.0
chb08,chb08_11.edf,904.0,908.0,1.0,0.175,62,0.7743914046997703,ok,0,11,10,0.0
chb08,chb08_11.edf,904.0,908.0,1.0,0.175,63,0.21488489744161204,ok,0,8,7,0.0
chb08,chb08_11.edf,904.0,908.0,1.0,0.175,64,0.17192047651837583,ok,0,10,9,0.0
chb08,chb08_11.edf,904.0,908.0,1.0,0.175,65,0.48620003231413916,ok,0,12,9,0.0
chb08,chb08_11.edf,904.0,908.0,1.0,0.175,66,1.3756822323974554,ok,0,13,11,0.0
chb08,chb08_11.edf,904.0,908.0,1.0,0.175,67,1.0346292392189875,ok,0,10,9,0.0
chb08,chb08_11.edf,904.0,908.0,1.0,0.175,68,1.4403478634378917,ok,0,12,10,0.0
chb08,chb08_11.edf,904.0,908.0,1.0,0.175,69,1.0610836315798138,ok,0,8,5,0.0
chb08,chb08_11.edf,904.0,908.0,1.0,0.175,70,0.981919803246944,ok,0,12,11,0.0
chb08,chb08_11.edf,904.0,908.0,1.0,0.175,71,1.7937447317653397,ok,0,10,8,0.0
chb08,chb08_11.edf,904.0,908.0,1.0,0.175,72,0.22848925854368135,ok,0,6,5,0.0
chb08,chb08_11.edf,904.0,908.0,1.0,0.175,73,0.5987516059102022,ok,0,9,8,0.0
chb08,chb08_11.edf,904.0,908.0,1.0,0.175,74,0.6443582292066723,ok,0,11,10,0.0
chb08,chb08_11.edf,904.0,908.0,1.0,0.175,75,1.6701884111809937,ok,0,9,6,0.0
chb08,chb08_11.edf,904.0,908.0,1.0,0.175,76,0.21554187051388352,ok,0,13,12,0.0
chb08,chb08_11.edf,904.0,908.0,1.0,0.175,77,1.261454559020981,ok,0,10,9,0.0
chb08,chb08_11.edf,904.0,908.0,1.0,0.175,78,1.9856992051961986,ok,0,12,11,0.0
chb08,chb08_11.edf,904.0,908.0,1.0,0.175,79,0.1609368397508929,ok,0,7,6,0.0
chb08,chb08_11.edf,904.0,908.0,1.0,0.175,80,0.847592558041268,ok,0,12,10,0.0
chb08,chb08_11.edf,904.0,908.0,1.0,0.175,81,1.3218647883394035,ok,0,10,8,0.0
chb08,chb08_11.edf,904.0,908.0,1.0,0.35,62,0.7416796627763578,ok,0,10,9,0.0
chb08,chb08_11.edf,904.0,908.0,1.0,0.35,63,0.21488489744161204,ok,0,8,7,0.0
chb08,chb08_11.edf,904.0,908.0,1.0,0.35,64,0.17192047651837583,ok,0,10,9,0.0
chb08,chb08_11.edf,904.0,908.0,1.0,0.35,65,0.48620003231413916,ok,0,12,9,0.0
chb08,chb08_11.edf,904.0,908.0,1.0,0.35,66,1.4500666645278386,ok,0,13,11,0.0
chb08,chb08_11.edf,904.0,908.0,1.0,0.35,67,1.0415983018471413,ok,0,10,9,0.0
chb08,chb08_11.edf,904.0,908.0,1.0,0.35,68,1.4403478634378917,ok,0,12,10,0.0
chb08,chb08_11.edf,904.0,908.0,1.0,0.35,69,1.0610836315798138,ok,0,8,5,0.0
chb08,chb08_11.edf,904.0,908.0,1.0,0.35,70,0.981919803246944,ok,0,12,11,0.0
chb08,chb08_11.edf,904.0,908.0,1.0,0.35,71,1.7937447317653397,ok,0,10,8,0.0
chb08,chb08_11.edf,904.0,908.0,1.0,0.35,72,0.22848925854368135,ok,0,6,5,0.0
chb08,chb08_11.edf,904.0,908.0,1.0,0.35,73,0.5994183380129673,ok,0,9,8,0.0
chb08,chb08_11.edf,904.0,908.0,1.0,0.35,74,0.6265503624779104,ok,0,10,9,0.0
chb08,chb08_11.edf,904.0,908.0,1.0,0.35,75,0.6711152423179422,ok,0,9,6,0.0
chb08,chb08_11.edf,904.0,908.0,1.0,0.35,76,0.21649345781273435,ok,0,13,12,0.0
chb08,chb08_11.edf,904.0,908.0,1.0,0.35,77,1.261454559020981,ok,0,10,9,0.0
chb08,chb08_11.edf,904.0,908.0,1.0,0.35,78,1.9856992051961986,ok,0,12,11,0.0
chb08,chb08_11.edf,904.0,908.0,1.0,0.35,79,0.1609368397508929,ok,0,7,6,0.0
chb08,chb08_11.edf,904.0,908.0,1.0,0.35,80,0.847592558041268,ok,0,12,10,0.0
chb08,chb08_11.edf,904.0,908.0,1.0,0.35,81,1.3218647883394035,ok,0,10,8,0.0
chb08,chb08_11.edf,904.0,908.0,1.0,0.7,62,0.7743914046997703,ok,0,11,10,0.0
chb08,chb08_11.edf,904.0,908.0,1.0,0.7,63,0.21488489744161204,ok,0,8,7,0.0
chb08,chb08_11.edf,904.0,908.0,1.0,0.7,64,0.16173847447666995,ok,0,10,9,0.0
chb08,chb08_11.edf,904.0,908.0,1.0,0.7,65,0.48620003231413916,ok,0,12,9,0.0
chb08,chb08_11.edf,904.0,908.0,1.0,0.7,66,1.4500666645278386,ok,0,13,11,0.0
chb08,chb08_11.edf,904.0,908.0,1.0,0.7,67,0.9423499319436771,ok,0,9,8,0.0
chb08,chb08_11.edf,904.0,908.0,1.0,0.7,68,1.4403478634378917,ok,0,12,10,0.0
chb08,chb08_11.edf,904.0,908.0,1.0,0.7,69,1.0610836315798138,ok,0,8,5,0.0
chb08,chb08_11.edf,904.0,908.0,1.0,0.7,70,0.8863471430545231,ok,0,11,10,0.0
chb08,chb08_11.edf,904.0,908.0,1.0,0.7,71,1.2558682837555994,ok,0,12,10,0.0
chb08,chb08_11.edf,904.0,908.0,1.0,0.7,72,0.2285362046682789,ok,0,7,6,0.0
chb08,chb08_11.edf,904.0,908.0,1.0,0.7,73,0.5994183380129673,ok,0,9,8,0.0
chb08,chb08_11.edf,904.0,908.0,1.0,0.7,74,0.5945019520885887,ok,0,11,10,0.0
chb08,chb08_11.edf,904.0,908.0,1.0,0.7,75,0.5688331303078272,ok,0,9,7,0.0
chb08,chb08_11.edf,904.0,908.0,1.0,0.7,76,0.22001449343180626,ok,0,12,11,0.0
chb08,chb08_11.edf,904.0,908.0,1.0,0.7,77,1.3815368022591525,ok,0,10,9,0.0
chb08,chb08_11.edf,904.0,908.0,1.0,0.7,78,1.8172274572685043,ok,0,10,9,0.0
chb08,chb08_11.edf,904.0,908.0,1.0,0.7,79,1.6645984136381196,ok,0,8,7,0.0
chb08,chb08_11.edf,904.0,908.0,1.0,0.7,80,0.773086405479733,ok,0,10,9,0.0
chb08,chb08_11.edf,904.0,908.0,1.0,0.7,81,1.3951320693161031,ok,0,9,8,0.0
chb08,chb08_11.edf,2700.0,2704.0,0.25,0.0,62,0.6171842911523988,ok,0,10,9,0.0
chb08,chb08_11.edf,2700.0,2704.0,0.25,0.0,63,2.043747370146671,ok,0,9,8,0.0
chb08,chb08_11.edf,2700.0,2704.0,0.25,0.0,64,0.8756532617719204,ok,0,9,8,0.0
chb08,chb08_11.edf,2700.0,2704.0,0.25,0.0,65,0.9667718123938864,ok,0,11,10,0.0
chb08,chb08_11.edf,2700.0,2704.0,0.25,0.0,66,0.3631787913269073,ok,0,11,9,0.0
chb08,chb08_11.edf,2700.0,2704.0,0.25,0.0,67,0.8092054221906116,ok,0,11,9,0.0
chb08,chb08_11.edf,2700.0,2704.0,0.25,0.0,68,0.9681035064574081,ok,0,9,8,0.0
chb08,chb08_11.edf,2700.0,2704.0,0.25,0.0,69,1.241548694349417,ok,0,10,8,0.0
chb08,chb08_11.edf,2700.0,2704.0,0.25,0.0,70,0.2793983295119334,ok,0,9,8,0.0
chb08,chb08_11.edf,2700.0,2704.0,0.25,0.0,71,1.5904417843670142,ok,0,12,11,0.0
chb08,chb08_11.edf,2700.0,2704.0,0.25,0.0,72,0.9990557900479503,ok,0,11,9,0.0
chb08,chb08_11.edf,2700.0,2704.0,0.25,0.0,73,0.4814093715175572,ok,0,8,7,0.0
chb08,chb08_11.edf,2700.0,2704.0,0.25,0.0,74,0.6162790697674418,ok,0,11,8,0.0
chb08,chb08_11.edf,2700.0,2704.0,0.25,0.0,75,0.35394981220923855,ok,0,12,11,0.0
chb08,chb08_11.edf,2700.0,2704.0,0.25,0.0,76,0.3909772130214703,ok,0,12,11,0.0
chb08,chb08_11.edf,2700.0,2704.0,0.25,0.0,77,0.9447730595988872,ok,0,6,4,0.0
chb08,chb08_11.edf,2700.0,2704.0,0.25,0.0,78,1.3483863463099397,ok,0,11,10,0.0
chb08,chb08_11.edf,2700.0,2704.0,0.25,0.0,79,0.1609368397508929,ok,0,7,6,0.0
chb08,chb08_11.edf,2700.0,2704.0,0.25,0.0,80,0.1797136108456547,ok,0,12,10,0.0
chb08,chb08_11.edf,2700.0,2704.0,0.25,0.0,81,1.4033891062507988,ok,0,10,7,0.0
chb08,chb08_11.edf,2700.0,2704.0,0.25,0.175,62,0.6131091365064931,ok,0,10,9,0.0
chb08,chb08_11.edf,2700.0,2704.0,0.25,0.175,63,2.0341077992701977,ok,0,9,8,0.0
chb08,chb08_11.edf,2700.0,2704.0,0.25,0.175,64,0.8756532617719204,ok,0,9,8,0.0
chb08,chb08_11.edf,2700.0,2704.0,0.25,0.175,65,0.9667718123938864,ok,0,11,10,0.0
chb08,chb08_11.edf,2700.0,2704.0,0.25,0.175,66,0.3428004452807938,ok,0,11,9,0.0
chb08,chb08_11.edf,2700.0,2704.0,0.25,0.175,67,0.8092054221906116,ok,0,11,9,0.0
chb08,chb08_11.edf,2700.0,2704.0,0.25,0.175,68,1.0470256036474586,ok,0,10,9,0.0
chb08,chb08_11.edf,2700.0,2704.0,0.25,0.175,69,1.241548694349417,ok,0,10,8,0.0
chb08,chb08_11.edf,2700.0,2704.0,0.25,0.175,70,0.2793983295119334,ok,0,9,8,0.0
chb08,chb08_11.edf,2700.0,2704.0,0.25,0.175,71,1.5904417843670142,ok,0,12,11,0.0
chb08,chb08_11.edf,2700.0,2704.0,0.25,0.175,72,1.0189295409461563,ok,0,10,8,0.0
chb08,chb08_11.edf,2700.0,2704.0,0.25,0.175,73,0.4407839464942578,ok,0,7,6,0.0
chb08,chb08_11.edf,2700.0,2704.0,0.25,0.175,74,0.5455211211972046,ok,0,11,8,0.0
chb08,chb08_11.edf,2700.0,2704.0,0.25,0.175,75,0.39215394067812964,ok,0,12,11,0.0
chb08,chb08_11.edf,2700.0,2704.0,0.25,0.175,76,0.3909772130214703,ok,0,12,11,0.0
chb08,chb08_11.edf,2700.0,2704.0,0.25,0.175,77,0.9447730595988872,ok,0,6,4,0.0
chb08,chb08_11.edf,2700.0,2704.0,0.25,0.175,78,1.3401467758176164,ok,0,11,10,0.0
chb08,chb08_11.edf,2700.0,2704.0,0.25,0.175,79,0.1609368397508929,ok,0,7,6,0.0
chb08,chb08_11.edf,2700.0,2704.0,0.25,0.175,80,0.21929051768300356,ok,0,12,9,0.0
chb08,chb08_11.edf,2700.0,2704.0,0.25,0.175,81,1.4033891062507988,ok,0,10,7,0.0
chb08,chb08_11.edf,2700.0,2704.0,0.25,0.35,62,0.6054061615961758,ok,0,10,9,0.0
chb08,chb08_11.edf,2700.0,2704.0,0.25,0.35,63,2.0341077992701977,ok,0,9,8,0.0
chb08,chb08_11.edf,2700.0,2704.0,0.25,0.35,64,0.8756532617719204,ok,0,9,8,0.0
chb08,chb08_11.edf,2700.0,2704.0,0.25,0.35,65,0.9298094740999439,ok,0,10,9,0.0
chb08,chb08_11.edf,2700.0,2704.0,0.25,0.35,66,0.3455869941264749,ok,0,11,9,0.0
chb08,chb08_11.edf,2700.0,2704.0,0.25,0.35,67,0.8092054221906116,ok,0,11,9,0.0
chb08,chb08_11.edf,2700.0,2704.0,0.25,0.35,68,1.0470256036474586,ok,0,10,9,0.0
chb08,chb08_11.edf,2700.0,2704.0,0.25,0.35,69,1.241548694349417,ok,0,10,8,0.0
chb08,chb08_11.edf,2700.0,2704.0,0.25,0.35,70,0.2793983295119334,ok,0,9,8,0.0
chb08,chb08_11.edf,2700.0,2704.0,0.25,0.35,71,1.5588154492749142,ok,0,12,11,0.0
chb08,chb08_11.edf,2700.0,2704.0,0.25,0.35,72,1.0189295409461563,ok,0,10,8,0.0
chb08,chb08_11.edf,2700.0,2704.0,0.25,0.35,73,0.44364862114796044,ok,0,7,6,0.0
chb08,chb08_11.edf,2700.0,2704.0,0.25,0.35,74,0.6838032271515522,ok,0,10,8,0.0
chb08,chb08_11.edf,2700.0,2704.0,0.25,0.35,75,0.39215394067812964,ok,0,12,11,0.0
chb08,chb08_11.edf,2700.0,2704.0,0.25,0.35,76,0.4637826937819082,ok,0,14,13,0.0
chb08,chb08_11.edf,2700.0,2704.0,0.25,0.35,77,0.9447730595988872,ok,0,6,4,0.0
chb08,chb08_11.edf,2700.0,2704.0,0.25,0.35,78,1.3401467758176164,ok,0,11,10,0.0
chb08,chb08_11.edf,2700.0,2704.0,0.25,0.35,79,0.1609368397508929,ok,0,7,6,0.0
chb08,chb08_11.edf,2700.0,2704.0,0.25,0.35,80,0.22415763783756912,ok,0,11,8,0.0
chb08,chb08_11.edf,2700.0,2704.0,0.25,0.35,81,1.4033891062507988,ok,0,10,7,0.0
chb08,chb08_11.edf,2700.0,2704.0,0.25,0.7,62,0.8164517433913547,ok,0,10,9,0.0
chb08,chb08_11.edf,2700.0,2704.0,0.25,0.7,63,2.0341077992701977,ok,0,9,8,0.0
chb08,chb08_11.edf,2700.0,2704.0,0.25,0.7,64,0.818535234211095,ok,0,8,7,0.0
chb08,chb08_11.edf,2700.0,2704.0,0.25,0.7,65,0.9182400568042959,ok,0,10,9,0.0
chb08,chb08_11.edf,2700.0,2704.0,0.25,0.7,66,0.3455869941264749,ok,0,11,9,0.0
chb08,chb08_11.edf,2700.0,2704.0,0.25,0.7,67,0.8092462501019673,ok,0,11,9,0.0
chb08,chb08_11.edf,2700.0,2704.0,0.25,0.7,68,0.9598595003958023,ok,0,9,8,0.0
chb08,chb08_11.edf,2700.0,2704.0,0.25,0.7,69,1.2352230978631231,ok,0,10,8,0.0
chb08,chb08_11.edf,2700.0,2704.0,0.25,0.7,70,0.2793983295119334,ok,0,9,8,0.0
chb08,chb08_11.edf,2700.0,2704.0,0.25,0.7,71,1.5714100422120818,ok,0,13,11,0.0
chb08,chb08_11.edf,2700.0,2704.0,0.25,0.7,72,1.0196656406522506,ok,0,10,8,0.0
chb08,chb08_11.edf,2700.0,2704.0,0.25,0.7,73,0.43545339176005565,ok,0,9,8,0.0
chb08,chb08_11.edf,2700.0,2704.0,0.25,0.7,74,0.6838032271515522,ok,0,10,8,0.0
chb08,chb08_11.edf,2700.0,2704.0,0.25,0.7,75,0.495311656269695,ok,0,12,11,0.0
chb08,chb08_11.edf,2700.0,2704.0,0.25,0.7,76,0.46679856278340537,ok,0,14,13,0.0
chb08,chb08_11.edf,2700.0,2704.0,0.25,0.7,77,0.7586385716899586,ok,0,5,3,0.0
chb08,chb08_11.edf,2700.0,2704.0,0.25,0.7,78,1.7074538538011343,ok,0,10,8,0.0
chb08,chb08_11.edf,2700.0,2704.0,0.25,0.7,79,0.1609368397508929,ok,0,7,6,0.0
chb08,chb08_11.edf,2700.0,2704.0,0.25,0.7,80,0.21059035204970733,ok,0,11,9,0.0
chb08,chb08_11.edf,2700.0,2704.0,0.25,0.7,81,1.4033891062507988,ok,0,10,7,0.0
chb08,chb08_11.edf,2700.0,2704.0,0.5,0.0,62,0.5712931377579745,ok,0,12,11,0.0
chb08,chb08_11.edf,2700.0,2704.0,0.5,0.0,63,0.16726057798219393,ok,0,8,7,0.0
chb08,chb08_11.edf,2700.0,2704.0,0.5,0.0,64,0.19637001542360058,ok,0,9,8,0.0
chb08,chb08_11.edf,2700.0,2704.0,0.5,0.0,65,0.546024803519956,ok,0,10,8,0.0
chb08,chb08_11.edf,2700.0,2704.0,0.5,0.0,66,0.3428004452807938,ok,0,11,9,0.0
chb08,chb08_11.edf,2700.0,2704.0,0.5,0.0,67,0.9454773281444654,ok,0,7,6,0.0
chb08,chb08_11.edf,2700.0,2704.0,0.5,0.0,68,1.2291207868644798,ok,0,12,11,0.0
chb08,chb08_11.edf,2700.0,2704.0,0.5,0.0,69,1.1682562182790923,ok,0,9,7,0.0
chb08,chb08_11.edf,2700.0,2704.0,0.5,0.0,70,0.5111811702061327,ok,0,14,13,0.0
chb08,chb08_11.edf,2700.0,2704.0,0.5,0.0,71,1.8179982256514546,ok,0,11,9,0.0
chb08,chb08_11.edf,2700.0,2704.0,0.5,0.0,72,0.18642507739616473,ok,0,6,5,0.0
chb08,chb08_11.edf,2700.0,2704.0,0.5,0.0,73,0.6286253346157429,ok,0,10,9,0.0
chb08,chb08_11.edf,2700.0,2704.0,0.5,0.0,74,0.6476197533905482,ok,0,9,7,0.0
chb08,chb08_11.edf,2700.0,2704.0,0.5,0.0,75,0.9626906857352386,ok,0,12,10,0.0
chb08,chb08_11.edf,2700.0,2704.0,0.5,0.0,76,0.48840569686484475,ok,0,10,9,0.0
chb08,chb08_11.edf,2700.0,2704.0,0.5,0.0,77,1.4397992123948258,ok,0,10,9,0.0
chb08,chb08_11.edf,2700.0,2704.0,0.5,0.0,78,0.8783739115481473,ok,0,10,9,0.0
chb08,chb08_11.edf,2700.0,2704.0,0.5,0.0,79,0.6660998123404629,ok,0,8,7,0.0
chb08,chb08_11.edf,2700.0,2704.0,0.5,0.0,80,0.48943288169382493,ok,0,10,8,0.0
chb08,chb08_11.edf,2700.0,2704.0,0.5,0.0,81,1.3487816138931745,ok,0,10,9,0.0
chb08,chb08_11.edf,2700.0,2704.0,0.5,0.175,62,0.5687028088741318,ok,0,12,11,0.0
chb08,chb08_11.edf,2700.0,2704.0,0.5,0.175,63,0.16726057798219393,ok,0,8,7,0.0
chb08,chb08_11.edf,2700.0,2704.0,0.5,0.175,64,0.19637001542360058,ok,0,9,8,0.0
chb08,chb08_11.edf,2700.0,2704.0,0.5,0.175,65,0.546024803519956,ok,0,10,8,0.0
chb08,chb08_11.edf,2700.0,2704.0,0.5,0.175,66,0.3428004452807938,ok,0,11,9,0.0
chb08,chb08_11.edf,2700.0,2704.0,0.5,0.175,67,0.9454773281444654,ok,0,7,6,0.0
chb08,chb08_11.edf,2700.0,2704.0,0.5,0.175,68,1.2291207868644798,ok,0,12,11,0.0
chb08,chb08_11.edf,2700.0,2704.0,0.5,0.175,69,1.1682562182790923,ok,0,9,7,0.0
chb08,chb08_11.edf,2700.0,2704.0,0.5,0.175,70,0.5111811702061327,ok,0,14,13,0.0
chb08,chb08_11.edf,2700.0,2704.0,0.5,0.175,71,1.8179982256514546,ok,0,11,9,0.0
chb08,chb08_11.edf,2700.0,2704.0,0.5,0.175,72,0.18642507739616473,ok,0,6,5,0.0
chb08,chb08_11.edf,2700.0,2704.0,0.5,0.175,73,0.6806630905161737,ok,0,11,10,0.0
chb08,chb08_11.edf,2700.0,2704.0,0.5,0.175,74,0.6476197533905482,ok,0,9,7,0.0
chb08,chb08_11.edf,2700.0,2704.0,0.5,0.175,75,0.9626906857352386,ok,0,12,10,0.0
chb08,chb08_11.edf,2700.0,2704.0,0.5,0.175,76,0.30531938635746625,ok,0,12,11,0.0
chb08,chb08_11.edf,2700.0,2704.0,0.5,0.175,77,1.4397992123948258,ok,0,10,9,0.0
chb08,chb08_11.edf,2700.0,2704.0,0.5,0.175,78,0.8764622074007292,ok,0,10,9,0.0
chb08,chb08_11.edf,2700.0,2704.0,0.5,0.175,79,0.1609368397508929,ok,0,7,6,0.0
chb08,chb08_11.edf,2700.0,2704.0,0.5,0.175,80,0.48943288169382493,ok,0,10,8,0.0
chb08,chb08_11.edf,2700.0,2704.0,0.5,0.175,81,1.3487816138931745,ok,0,10,9,0.0
chb08,chb08_11.edf,2700.0,2704.0,0.5,0.35,62,0.5764665662856464,ok,0,12,11,0.0
chb08,chb08_11.edf,2700.0,2704.0,0.5,0.35,63,0.16726057798219393,ok,0,8,7,0.0
chb08,chb08_11.edf,2700.0,2704.0,0.5,0.35,64,0.19637001542360058,ok,0,9,8,0.0
chb08,chb08_11.edf,2700.0,2704.0,0.5,0.35,65,0.546024803519956,ok,0,10,8,0.0
chb08,chb08_11.edf,2700.0,2704.0,0.5,0.35,66,0.3428004452807938,ok,0,11,9,0.0
chb08,chb08_11.edf,2700.0,2704.0,0.5,0.35,67,0.9454773281444654,ok,0,7,6,0.0
chb08,chb08_11.edf,2700.0,2704.0,0.5,0.35,68,1.2291207868644798,ok,0,12,11,0.0
chb08,chb08_11.edf,2700.0,2704.0,0.5,0.35,69,1.1682562182790923,ok,0,9,7,0.0
chb08,chb08_11.edf,2700.0,2704.0,0.5,0.35,70,0.5111811702061327,ok,0,14,13,0.0
chb08,chb08_11.edf,2700.0,2704.0,0.5,0.35,71,1.8179982256514546,ok,0,11,9,0.0
chb08,chb08_11.edf,2700.0,2704.0,0.5,0.35,72,0.18642507739616473,ok,0,6,5,0.0
chb08,chb08_11.edf,2700.0,2704.0,0.5,0.35,73,0.593542562272418,ok,0,10,9,0.0
chb08,chb08_11.edf,2700.0,2704.0,0.5,0.35,74,0.6726756261638335,ok,0,10,8,0.0
chb08,chb08_11.edf,2700.0,2704.0,0.5,0.35,75,0.9626906857352386,ok,0,12,10,0.0
chb08,chb08_11.edf,2700.0,2704.0,0.5,0.35,76,0.41481810651347145,ok,0,11,10,0.0
chb08,chb08_11.edf,2700.0,2704.0,0.5,0.35,77,1.4397992123948258,ok,0,10,9,0.0
chb08,chb08_11.edf,2700.0,2704.0,0.5,0.35,78,0.9767891853438435,ok,0,10,9,0.0
chb08,chb08_11.edf,2700.0,2704.0,0.5,0.35,79,0.1609368397508929,ok,0,7,6,0.0
chb08,chb08_11.edf,2700.0,2704.0,0.5,0.35,80,0.48943288169382493,ok,0,10,8,0.0
chb08,chb08_11.edf,2700.0,2704.0,0.5,0.35,81,1.3487816138931745,ok,0,10,9,0.0
chb08,chb08_11.edf,2700.0,2704.0,0.5,0.7,62,0.5600768547206597,ok,0,12,11,0.0
chb08,chb08_11.edf,2700.0,2704.0,0.5,0.7,63,0.17421817208848886,ok,0,8,7,0.0
chb08,chb08_11.edf,2700.0,2704.0,0.5,0.7,64,0.19269613344196232,ok,0,9,8,0.0
chb08,chb08_11.edf,2700.0,2704.0,0.5,0.7,65,0.6344693002245173,ok,0,9,7,0.0
chb08,chb08_11.edf,2700.0,2704.0,0.5,0.7,66,0.340290168399397,ok,0,11,9,0.0
chb08,chb08_11.edf,2700.0,2704.0,0.5,0.7,67,0.8566637469335333,ok,0,8,7,0.0
chb08,chb08_11.edf,2700.0,2704.0,0.5,0.7,68,1.1992942942622316,ok,0,12,10,0.0
chb08,chb08_11.edf,2700.0,2704.0,0.5,0.7,69,1.1698666796376167,ok,0,9,7,0.0
chb08,chb08_11.edf,2700.0,2704.0,0.5,0.7,70,0.4722185583041345,ok,0,13,12,0.0
chb08,chb08_11.edf,2700.0,2704.0,0.5,0.7,71,1.792276952656528,ok,0,12,9,0.0
chb08,chb08_11.edf,2700.0,2704.0,0.5,0.7,72,0.18642507739616473,ok,0,6,5,0.0
chb08,chb08_11.edf,2700.0,2704.0,0.5,0.7,73,0.5674104428111271,ok,0,10,9,0.0
chb08,chb08_11.edf,2700.0,2704.0,0.5,0.7,74,0.5924786873292289,ok,0,9,7,0.0
chb08,chb08_11.edf,2700.0,2704.0,0.5,0.7,75,0.9626906857352386,ok,0,12,10,0.0
chb08,chb08_11.edf,2700.0,2704.0,0.5,0.7,76,0.31209904633354785,ok,0,10,9,0.0
chb08,chb08_11.edf,2700.0,2704.0,0.5,0.7,77,1.4397992123948258,ok,0,10,9,0.0
chb08,chb08_11.edf,2700.0,2704.0,0.5,0.7,78,0.600198038166074,ok,0,10,9,0.0
chb08,chb08_11.edf,2700.0,2704.0,0.5,0.7,79,0.1609368397508929,ok,0,7,6,0.0
chb08,chb08_11.edf,2700.0,2704.0,0.5,0.7,80,0.48943288169382493,ok,0,10,8,0.0
chb08,chb08_11.edf,2700.0,2704.0,0.5,0.7,81,1.3487816138931745,ok,0,10,9,0.0
chb08,chb08_11.edf,2700.0,2704.0,1.0,0.0,62,0.7743914046997703,ok,0,11,10,0.0
chb08,chb08_11.edf,2700.0,2704.0,1.0,0.0,63,0.21488489744161204,ok,0,8,7,0.0
chb08,chb08_11.edf,2700.0,2704.0,1.0,0.0,64,0.17192047651837583,ok,0,10,9,0.0
chb08,chb08_11.edf,2700.0,2704.0,1.0,0.0,65,0.48620003231413916,ok,0,12,9,0.0
chb08,chb08_11.edf,2700.0,2704.0,1.0,0.0,66,1.3756822323974554,ok,0,13,11,0.0
chb08,chb08_11.edf,2700.0,2704.0,1.0,0.0,67,1.0067830609804835,ok,0,9,8,0.0
chb08,chb08_11.edf,2700.0,2704.0,1.0,0.0,68,1.5176810316646947,ok,0,13,11,0.0
chb08,chb08_11.edf,2700.0,2704.0,1.0,0.0,69,1.0610836315798138,ok,0,8,5,0.0
chb08,chb08_11.edf,2700.0,2704.0,1.0,0.0,70,0.981919803246944,ok,0,12,11,0.0
chb08,chb08_11.edf,2700.0,2704.0,1.0,0.0,71,1.7937447317653397,ok,0,10,8,0.0
chb08,chb08_11.edf,2700.0,2704.0,1.0,0.0,72,0.18642507739616473,ok,0,6,5,0.0
chb08,chb08_11.edf,2700.0,2704.0,1.0,0.0,73,0.5987516059102022,ok,0,9,8,0.0
chb08,chb08_11.edf,2700.0,2704.0,1.0,0.0,74,0.6443582292066723,ok,0,11,10,0.0
chb08,chb08_11.edf,2700.0,2704.0,1.0,0.0,75,1.65888681246551,ok,0,10,7,0.0
chb08,chb08_11.edf,2700.0,2704.0,1.0,0.0,76,0.22553402254439306,ok,0,12,11,0.0
chb08,chb08_11.edf,2700.0,2704.0,1.0,0.0,77,1.261454559020981,ok,0,10,9,0.0
chb08,chb08_11.edf,2700.0,2704.0,1.0,0.0,78,1.9856992051961986,ok,0,12,11,0.0
chb08,chb08_11.edf,2700.0,2704.0,1.0,0.0,79,0.1609368397508929,ok,0,7,6,0.0
chb08,chb08_11.edf,2700.0,2704.0,1.0,0.0,80,0.8375512923759941,ok,0,11,9,0.0
chb08,chb08_11.edf,2700.0,2704.0,1.0,0.0,81,1.3218647883394035,ok,0,10,8,0.0
chb08,chb08_11.edf,2700.0,2704.0,1.0,0.175,62,0.8207228509784782,ok,0,12,11,0.0
chb08,chb08_11.edf,2700.0,2704.0,1.0,0.175,63,0.2173990092096237,ok,0,9,8,0.0
chb08,chb08_11.edf,2700.0,2704.0,1.0,0.175,64,0.17192047651837583,ok,0,10,9,0.0
chb08,chb08_11.edf,2700.0,2704.0,1.0,0.175,65,0.48620003231413916,ok,0,12,9,0.0
chb08,chb08_11.edf,2700.0,2704.0,1.0,0.175,66,1.3756822323974554,ok,0,13,11,0.0
chb08,chb08_11.edf,2700.0,2704.0,1.0,0.175,67,1.0067830609804835,ok,0,9,8,0.0
chb08,chb08_11.edf,2700.0,2704.0,1.0,0.175,68,1.5176810316646947,ok,0,13,11,0.0
chb08,chb08_11.edf,2700.0,2704.0,1.0,0.175,69,1.0610836315798138,ok,0,8,5,0.0
chb08,chb08_11.edf,2700.0,2704.0,1.0,0.175,70,0.981919803246944,ok,0,12,11,0.0
chb08,chb08_11.edf,2700.0,2704.0,1.0,0.175,71,1.7937447317653397,ok,0,10,8,0.0
chb08,chb08_11.edf,2700.0,2704.0,1.0,0.175,72,0.18642507739616473,ok,0,6,5,0.0
chb08,chb08_11.edf,2700.0,2704.0,1.0,0.175,73,0.6607166923201049,ok,0,10,9,0.0
chb08,chb08_11.edf,2700.0,2704.0,1.0,0.175,74,0.6443582292066723,ok,0,11,10,0.0
chb08,chb08_11.edf,2700.0,2704.0,1.0,0.175,75,1.65888681246551,ok,0,10,7,0.0
chb08,chb08_11.edf,2700.0,2704.0,1.0,0.175,76,0.22553402254439306,ok,0,12,11,0.0
chb08,chb08_11.edf,2700.0,2704.0,1.0,0.175,77,1.261454559020981,ok,0,10,9,0.0
chb08,chb08_11.edf,2700.0,2704.0,1.0,0.175,78,1.9856992051961986,ok,0,12,11,0.0
chb08,chb08_11.edf,2700.0,2704.0,1.0,0.175,79,0.1609368397508929,ok,0,7,6,0.0
chb08,chb08_11.edf,2700.0,2704.0,1.0,0.175,80,0.9244954663863411,ok,0,10,8,0.0
chb08,chb08_11.edf,2700.0,2704.0,1.0,0.175,81,1.3218647883394035,ok,0,10,8,0.0
chb08,chb08_11.edf,2700.0,2704.0,1.0,0.35,62,0.829051313747091,ok,0,12,11,0.0
chb08,chb08_11.edf,2700.0,2704.0,1.0,0.35,63,0.16726057798219393,ok,0,8,7,0.0
chb08,chb08_11.edf,2700.0,2704.0,1.0,0.35,64,0.17192047651837583,ok,0,10,9,0.0
chb08,chb08_11.edf,2700.0,2704.0,1.0,0.35,65,0.48620003231413916,ok,0,12,9,0.0
chb08,chb08_11.edf,2700.0,2704.0,1.0,0.35,66,1.3756822323974554,ok,0,13,11,0.0
chb08,chb08_11.edf,2700.0,2704.0,1.0,0.35,67,1.0276695755361174,ok,0,9,8,0.0
chb08,chb08_11.edf,2700.0,2704.0,1.0,0.35,68,1.5176810316646947,ok,0,13,11,0.0
chb08,chb08_11.edf,2700.0,2704.0,1.0,0.35,69,1.0610836315798138,ok,0,8,5,0.0
chb08,chb08_11.edf,2700.0,2704.0,1.0,0.35,70,0.981919803246944,ok,0,12,11,0.0
chb08,chb08_11.edf,2700.0,2704.0,1.0,0.35,71,1.8006805731534377,ok,0,11,8,0.0
chb08,chb08_11.edf,2700.0,2704.0,1.0,0.35,72,0.18642507739616473,ok,0,6,5,0.0
chb08,chb08_11.edf,2700.0,2704.0,1.0,0.35,73,0.6607166923201049,ok,0,10,9,0.0
chb08,chb08_11.edf,2700.0,2704.0,1.0,0.35,74,0.6443582292066723,ok,0,11,10,0.0
chb08,chb08_11.edf,2700.0,2704.0,1.0,0.35,75,1.65888681246551,ok,0,9,7,0.0
chb08,chb08_11.edf,2700.0,2704.0,1.0,0.35,76,0.22553402254439306,ok,0,12,11,0.0
chb08,chb08_11.edf,2700.0,2704.0,1.0,0.35,77,1.261454559020981,ok,0,10,9,0.0
chb08,chb08_11.edf,2700.0,2704.0,1.0,0.35,78,1.9856992051961986,ok,0,12,11,0.0
chb08,chb08_11.edf,2700.0,2704.0,1.0,0.35,79,0.1609368397508929,ok,0,7,6,0.0
chb08,chb08_11.edf,2700.0,2704.0,1.0,0.35,80,0.8355892494014844,ok,0,11,9,0.0
chb08,chb08_11.edf,2700.0,2704.0,1.0,0.35,81,1.3218647883394035,ok,0,10,8,0.0
chb08,chb08_11.edf,2700.0,2704.0,1.0,0.7,62,0.8193335236422006,ok,0,12,11,0.0
chb08,chb08_11.edf,2700.0,2704.0,1.0,0.7,63,0.5921667517275981,ok,0,9,8,0.0
chb08,chb08_11.edf,2700.0,2704.0,1.0,0.7,64,0.17192047651837583,ok,0,10,9,0.0
chb08,chb08_11.edf,2700.0,2704.0,1.0,0.7,65,0.48620003231413916,ok,0,12,9,0.0
chb08,chb08_11.edf,2700.0,2704.0,1.0,0.7,66,1.5167540848237777,ok,0,12,10,0.0
chb08,chb08_11.edf,2700.0,2704.0,1.0,0.7,67,1.0152067950810977,ok,0,9,8,0.0
chb08,chb08_11.edf,2700.0,2704.0,1.0,0.7,68,1.5176916499073736,ok,0,13,11,0.0
chb08,chb08_11.edf,2700.0,2704.0,1.0,0.7,69,1.062607072954729,ok,0,9,6,0.0
chb08,chb08_11.edf,2700.0,2704.0,1.0,0.7,70,0.981919803246944,ok,0,12,11,0.0
chb08,chb08_11.edf,2700.0,2704.0,1.0,0.7,71,1.8315640749518536,ok,0,12,9,0.0
chb08,chb08_11.edf,2700.0,2704.0,1.0,0.7,72,0.18642507739616473,ok,0,6,5,0.0
chb08,chb08_11.edf,2700.0,2704.0,1.0,0.7,73,0.5849161394625843,ok,0,10,9,0.0
chb08,chb08_11.edf,2700.0,2704.0,1.0,0.7,74,0.522645941941037,ok,0,12,10,0.0
chb08,chb08_11.edf,2700.0,2704.0,1.0,0.7,75,1.6344462670983373,ok,0,10,8,0.0
chb08,chb08_11.edf,2700.0,2704.0,1.0,0.7,76,0.22553402254439306,ok,0,12,11,0.0
chb08,chb08_11.edf,2700.0,2704.0,1.0,0.7,77,1.261454559020981,ok,0,10,9,0.0
chb08,chb08_11.edf,2700.0,2704.0,1.0,0.7,78,1.9241018879891916,ok,0,12,10,0.0
chb08,chb08_11.edf,2700.0,2704.0,1.0,0.7,79,0.1609368397508929,ok,0,7,6,0.0
chb08,chb08_11.edf,2700.0,2704.0,1.0,0.7,80,0.7744734131392859,ok,0,12,10,0.0
chb08,chb08_11.edf,2700.0,2704.0,1.0,0.7,81,1.3218647883394035,ok,0,10,8,0.0
chb08,chb08_13.edf,904.0,908.0,0.25,0.0,62,0.6171842911523988,ok,0,10,9,0.0
chb08,chb08_13.edf,904.0,908.0,0.25,0.0,63,2.043747370146671,ok,0,9,8,0.0
chb08,chb08_13.edf,904.0,908.0,0.25,0.0,64,0.8756532617719204,ok,0,9,8,0.0
chb08,chb08_13.edf,904.0,908.0,0.25,0.0,65,0.9667718123938864,ok,0,11,10,0.0
chb08,chb08_13.edf,904.0,908.0,0.25,0.0,66,0.3631787913269073,ok,0,11,9,0.0
chb08,chb08_13.edf,904.0,908.0,0.25,0.0,67,0.8092054221906116,ok,0,11,9,0.0
chb08,chb08_13.edf,904.0,908.0,0.25,0.0,68,0.9681035064574081,ok,0,9,8,0.0
chb08,chb08_13.edf,904.0,908.0,0.25,0.0,69,1.241548694349417,ok,0,10,8,0.0
chb08,chb08_13.edf,904.0,908.0,0.25,0.0,70,0.2793983295119334,ok,0,9,8,0.0
chb08,chb08_13.edf,904.0,908.0,0.25,0.0,71,1.5904417843670142,ok,0,12,11,0.0
chb08,chb08_13.edf,904.0,908.0,0.25,0.0,72,0.9990557900479503,ok,0,11,9,0.0
chb08,chb08_13.edf,904.0,908.0,0.25,0.0,73,0.4814093715175572,ok,0,8,7,0.0
chb08,chb08_13.edf,904.0,908.0,0.25,0.0,74,0.6162790697674418,ok,0,11,8,0.0
chb08,chb08_13.edf,904.0,908.0,0.25,0.0,75,0.35394981220923855,ok,0,12,11,0.0
chb08,chb08_13.edf,904.0,908.0,0.25,0.0,76,0.3909772130214703,ok,0,12,11,0.0
chb08,chb08_13.edf,904.0,908.0,0.25,0.0,77,0.9447730595988872,ok,0,6,4,0.0
chb08,chb08_13.edf,904.0,908.0,0.25,0.0,78,1.3483863463099397,ok,0,11,10,0.0
chb08,chb08_13.edf,904.0,908.0,0.25,0.0,79,0.1609368397508929,ok,0,7,6,0.0
chb08,chb08_13.edf,904.0,908.0,0.25,0.0,80,0.1797136108456547,ok,0,12,10,0.0
chb08,chb08_13.edf,904.0,908.0,0.25,0.0,81,1.4033891062507988,ok,0,10,7,0.0
chb08,chb08_13.edf,904.0,908.0,0.25,0.175,62,0.6196207900565306,ok,0,10,9,0.0
chb08,chb08_13.edf,904.0,908.0,0.25,0.175,63,2.043747370146671,ok,0,9,8,0.0
chb08,chb08_13.edf,904.0,908.0,0.25,0.175,64,0.8756532617719204,ok,0,9,8,0.0
chb08,chb08_13.edf,904.0,908.0,0.25,0.175,65,0.9983110463861216,ok,0,11,10,0.0
chb08,chb08_13.edf,904.0,908.0,0.25,0.175,66,0.3455869941264749,ok,0,11,9,0.0
chb08,chb08_13.edf,904.0,908.0,0.25,0.175,67,0.7837496720494512,ok,0,11,9,0.0
chb08,chb08_13.edf,904.0,908.0,0.25,0.175,68,0.9904052677303543,ok,0,9,8,0.0
chb08,chb08_13.edf,904.0,908.0,0.25,0.175,69,1.241548694349417,ok,0,10,8,0.0
chb08,chb08_13.edf,904.0,908.0,0.25,0.175,70,0.2793983295119334,ok,0,9,8,0.0
chb08,chb08_13.edf,904.0,908.0,0.25,0.175,71,1.5904417843670142,ok,0,12,11,0.0
chb08,chb08_13.edf,904.0,908.0,0.25,0.175,72,0.8977130031363687,ok,0,12,10,0.0
chb08,chb08_13.edf,904.0,908.0,0.25,0.175,73,0.5053173768780573,ok,0,8,7,0.0
chb08,chb08_13.edf,904.0,908.0,0.25,0.175,74,0.34155296525885004,ok,0,11,7,0.0
chb08,chb08_13.edf,904.0,908.0,0.25,0.175,75,0.35394981220923855,ok,0,12,11,0.0
chb08,chb08_13.edf,904.0,908.0,0.25,0.175,76,0.41685710561811734,ok,0,13,12,0.0
chb08,chb08_13.edf,904.0,908.0,0.25,0.175,77,0.9447730595988872,ok,0,6,4,0.0
chb08,chb08_13.edf,904.0,908.0,0.25,0.175,78,1.3618046618580464,ok,0,10,9,0.0
chb08,chb08_13.edf,904.0,908.0,0.25,0.175,79,0.1609368397508929,ok,0,7,6,0.0
chb08,chb08_13.edf,904.0,908.0,0.25,0.175,80,0.1797136108456547,ok,0,12,10,0.0
chb08,chb08_13.edf,904.0,908.0,0.25,0.175,81,1.3951320693161031,ok,0,9,8,0.0
chb08,chb08_13.edf,904.0,908.0,0.25,0.35,62,0.6196207900565306,ok,0,10,9,0.0
chb08,chb08_13.edf,904.0,908.0,0.25,0.35,63,2.043747370146671,ok,0,9,8,0.0
chb08,chb08_13.edf,904.0,908.0,0.25,0.35,64,0.8763414757819065,ok,0,9,8,0.0
chb08,chb08_13.edf,904.0,908.0,0.25,0.35,65,1.0095070391998724,ok,0,12,10,0.0
chb08,chb08_13.edf,904.0,908.0,0.25,0.35,66,0.3455869941264749,ok,0,11,9,0.0
chb08,chb08_13.edf,904.0,908.0,0.25,0.35,67,0.7966936727547026,ok,0,9,8,0.0
chb08,chb08_13.edf,904.0,908.0,0.25,0.35,68,1.046349240967186,ok,0,10,9,0.0
chb08,chb08_13.edf,904.0,908.0,0.25,0.35,69,0.99927748690464,ok,0,9,7,0.0
chb08,chb08_13.edf,904.0,908.0,0.25,0.35,70,0.2793983295119334,ok,0,9,8,0.0
chb08,chb08_13.edf,904.0,908.0,0.25,0.35,71,1.6064083802046423,ok,0,12,11,0.0
chb08,chb08_13.edf,904.0,908.0,0.25,0.35,72,0.897926242571753,ok,0,12,10,0.0
chb08,chb08_13.edf,904.0,908.0,0.25,0.35,73,0.5053173768780573,ok,0,8,7,0.0
chb08,chb08_13.edf,904.0,908.0,0.25,0.35,74,0.5211134254069703,ok,0,10,7,0.0
chb08,chb08_13.edf,904.0,908.0,0.25,0.35,75,0.7017356842490111,ok,0,11,10,0.0
chb08,chb08_13.edf,904.0,908.0,0.25,0.35,76,0.4492692972113329,ok,0,14,13,0.0
chb08,chb08_13.edf,904.0,908.0,0.25,0.35,77,0.9447730595988872,ok,0,6,4,0.0
chb08,chb08_13.edf,904.0,908.0,0.25,0.35,78,1.306156354898009,ok,0,10,8,0.0
chb08,chb08_13.edf,904.0,908.0,0.25,0.35,79,0.1609368397508929,ok,0,7,6,0.0
chb08,chb08_13.edf,904.0,908.0,0.25,0.35,80,0.0788289671272977,ok,0,12,10,0.0
chb08,chb08_13.edf,904.0,908.0,0.25,0.35,81,1.3951320693161031,ok,0,9,8,0.0
chb08,chb08_13.edf,904.0,908.0,0.25,0.7,62,0.9900375422970537,ok,0,10,9,0.0
chb08,chb08_13.edf,904.0,908.0,0.25,0.7,63,1.7806502650763734,ok,0,10,9,0.0
chb08,chb08_13.edf,904.0,908.0,0.25,0.7,64,0.8195273820096445,ok,0,8,7,0.0
chb08,chb08_13.edf,904.0,908.0,0.25,0.7,65,0.9584478149866172,ok,0,11,10,0.0
chb08,chb08_13.edf,904.0,908.0,0.25,0.7,66,0.3455869941264749,ok,0,11,9,0.0
chb08,chb08_13.edf,904.0,908.0,0.25,0.7,67,0.733371206693521,ok,0,10,9,0.0
chb08,chb08_13.edf,904.0,908.0,0.25,0.7,68,1.169750365068746,ok,0,9,8,0.0
chb08,chb08_13.edf,904.0,908.0,0.25,0.7,69,0.9991386373582936,ok,0,9,7,0.0
chb08,chb08_13.edf,904.0,908.0,0.25,0.7,70,0.2793983295119334,ok,0,9,8,0.0
chb08,chb08_13.edf,904.0,908.0,0.25,0.7,71,1.6064083802046423,ok,0,12,11,0.0
chb08,chb08_13.edf,904.0,908.0,0.25,0.7,72,0.9376361023886445,ok,0,12,10,0.0
chb08,chb08_13.edf,904.0,908.0,0.25,0.7,73,0.513915674092853,ok,0,9,8,0.0
chb08,chb08_13.edf,904.0,908.0,0.25,0.7,74,0.6154128572228187,ok,0,10,9,0.0
chb08,chb08_13.edf,904.0,908.0,0.25,0.7,75,0.7291449310739562,ok,0,11,10,0.0
chb08,chb08_13.edf,904.0,908.0,0.25,0.7,76,0.4139287594761098,ok,0,12,11,0.0
chb08,chb08_13.edf,904.0,908.0,0.25,0.7,77,0.7379012193041876,ok,0,7,6,0.0
chb08,chb08_13.edf,904.0,908.0,0.25,0.7,78,1.568382970379664,ok,0,10,8,0.0
chb08,chb08_13.edf,904.0,908.0,0.25,0.7,79,0.2272301539919122,ok,0,7,5,0.0
chb08,chb08_13.edf,904.0,908.0,0.25,0.7,80,0.07514341600848125,ok,0,13,11,0.0
chb08,chb08_13.edf,904.0,908.0,0.25,0.7,81,1.3951320693161031,ok,0,9,8,0.0
chb08,chb08_13.edf,904.0,908.0,0.5,0.0,62,0.5712931377579745,ok,0,12,11,0.0
chb08,chb08_13.edf,904.0,908.0,0.5,0.0,63,0.16726057798219393,ok,0,8,7,0.0
chb08,chb08_13.edf,904.0,908.0,0.5,0.0,64,0.19637001542360058,ok,0,9,8,0.0
chb08,chb08_13.edf,904.0,908.0,0.5,0.0,65,0.546024803519956,ok,0,10,8,0.0
chb08,chb08_13.edf,904.0,908.0,0.5,0.0,66,0.3428004452807938,ok,0,11,9,0.0
chb08,chb08_13.edf,904.0,908.0,0.5,0.0,67,0.9454773281444654,ok,0,7,6,0.0
chb08,chb08_13.edf,904.0,908.0,0.5,0.0,68,1.2291207868644798,ok,0,12,11,0.0
chb08,chb08_13.edf,904.0,908.0,0.5,0.0,69,1.1682562182790923,ok,0,9,7,0.0
chb08,chb08_13.edf,904.0,908.0,0.5,0.0,70,0.5111811702061327,ok,0,14,13,0.0
chb08,chb08_13.edf,904.0,908.0,0.5,0.0,71,1.8179982256514546,ok,0,11,9,0.0
chb08,chb08_13.edf,904.0,908.0,0.5,0.0,72,0.18642507739616473,ok,0,6,5,0.0
chb08,chb08_13.edf,904.0,908.0,0.5,0.0,73,0.6286253346157429,ok,0,10,9,0.0
chb08,chb08_13.edf,904.0,908.0,0.5,0.0,74,0.6476197533905482,ok,0,9,7,0.0
chb08,chb08_13.edf,904.0,908.0,0.5,0.0,75,0.9626906857352386,ok,0,12,10,0.0
chb08,chb08_13.edf,904.0,908.0,0.5,0.0,76,0.48840569686484475,ok,0,10,9,0.0
chb08,chb08_13.edf,904.0,908.0,0.5,0.0,77,1.4397992123948258,ok,0,10,9,0.0
chb08,chb08_13.edf,904.0,908.0,0.5,0.0,78,0.8783739115481473,ok,0,10,9,0.0
chb08,chb08_13.edf,904.0,908.0,0.5,0.0,79,0.6660998123404629,ok,0,8,7,0.0
chb08,chb08_13.edf,904.0,908.0,0.5,0.0,80,0.48943288169382493,ok,0,10,8,0.0
chb08,chb08_13.edf,904.0,908.0,0.5,0.0,81,1.3487816138931745,ok,0,10,9,0.0
chb08,chb08_13.edf,904.0,908.0,0.5,0.175,62,0.5707725586448292,ok,0,12,11,0.0
chb08,chb08_13.edf,904.0,908.0,0.5,0.175,63,0.16726057798219393,ok,0,8,7,0.0
chb08,chb08_13.edf,904.0,908.0,0.5,0.175,64,0.19637001542360058,ok,0,9,8,0.0
chb08,chb08_13.edf,904.0,908.0,0.5,0.175,65,0.546024803519956,ok,0,10,8,0.0
chb08,chb08_13.edf,904.0,908.0,0.5,0.175,66,0.3428004452807938,ok,0,11,9,0.0
chb08,chb08_13.edf,904.0,908.0,0.5,0.175,67,0.9454773281444654,ok,0,7,6,0.0
chb08,chb08_13.edf,904.0,908.0,0.5,0.175,68,1.2291207868644798,ok,0,12,11,0.0
chb08,chb08_13.edf,904.0,908.0,0.5,0.175,69,1.2636524125816837,ok,0,9,8,0.0
chb08,chb08_13.edf,904.0,908.0,0.5,0.175,70,0.6317608736214194,ok,0,13,12,0.0
chb08,chb08_13.edf,904.0,908.0,0.5,0.175,71,1.8179982256514546,ok,0,11,9,0.0
chb08,chb08_13.edf,904.0,908.0,0.5,0.175,72,1.669875967966309,ok,0,7,6,0.0
chb08,chb08_13.edf,904.0,908.0,0.5,0.175,73,0.590922190515688,ok,0,11,10,0.0
chb08,chb08_13.edf,904.0,908.0,0.5,0.175,74,0.6476197533905482,ok,0,9,7,0.0
chb08,chb08_13.edf,904.0,908.0,0.5,0.175,75,0.9109122904933337,ok,0,11,10,0.0
chb08,chb08_13.edf,904.0,908.0,0.5,0.175,76,0.36286397755079597,ok,0,11,10,0.0
chb08,chb08_13.edf,904.0,908.0,0.5,0.175,77,1.4397992123948258,ok,0,10,9,0.0
chb08,chb08_13.edf,904.0,908.0,0.5,0.175,78,0.5496293602183737,ok,0,11,10,0.0
chb08,chb08_13.edf,904.0,908.0,0.5,0.175,79,0.1609368397508929,ok,0,7,6,0.0
chb08,chb08_13.edf,904.0,908.0,0.5,0.175,80,0.48943288169382493,ok,0,10,8,0.0
chb08,chb08_13.edf,904.0,908.0,0.5,0.175,81,1.3487816138931745,ok,0,10,9,0.0
chb08,chb08_13.edf,904.0,908.0,0.5,0.35,62,0.5707725586448292,ok,0,12,11,0.0
chb08,chb08_13.edf,904.0,908.0,0.5,0.35,63,0.16726057798219393,ok,0,8,7,0.0
chb08,chb08_13.edf,904.0,908.0,0.5,0.35,64,0.19637001542360058,ok,0,9,8,0.0
chb08,chb08_13.edf,904.0,908.0,0.5,0.35,65,0.546024803519956,ok,0,10,8,0.0
chb08,chb08_13.edf,904.0,908.0,0.5,0.35,66,0.3455869941264749,ok,0,11,9,0.0
chb08,chb08_13.edf,904.0,908.0,0.5,0.35,67,0.9485259577561984,ok,0,7,6,0.0
chb08,chb08_13.edf,904.0,908.0,0.5,0.35,68,1.341276321721398,ok,0,11,10,0.0
chb08,chb08_13.edf,904.0,908.0,0.5,0.35,69,1.2636524125816837,ok,0,9,8,0.0
chb08,chb08_13.edf,904.0,908.0,0.5,0.35,70,0.6346895168537329,ok,0,13,12,0.0
chb08,chb08_13.edf,904.0,908.0,0.5,0.35,71,1.8179982256514546,ok,0,11,9,0.0
chb08,chb08_13.edf,904.0,908.0,0.5,0.35,72,1.1175513899025349,ok,0,8,7,0.0
chb08,chb08_13.edf,904.0,908.0,0.5,0.35,73,0.4143973565303278,ok,0,11,10,0.0
chb08,chb08_13.edf,904.0,908.0,0.5,0.35,74,0.41142804311039616,ok,0,10,7,0.0
chb08,chb08_13.edf,904.0,908.0,0.5,0.35,75,0.9626906857352386,ok,0,12,10,0.0
chb08,chb08_13.edf,904.0,908.0,0.5,0.35,76,0.36286397755079597,ok,0,11,10,0.0
chb08,chb08_13.edf,904.0,908.0,0.5,0.35,77,0.14113296980235743,ok,0,9,8,0.0
chb08,chb08_13.edf,904.0,908.0,0.5,0.35,78,0.6814163355557664,ok,0,10,8,0.0
chb08,chb08_13.edf,904.0,908.0,0.5,0.35,79,0.1609368397508929,ok,0,7,6,0.0
chb08,chb08_13.edf,904.0,908.0,0.5,0.35,80,0.48943288169382493,ok,0,10,8,0.0
chb08,chb08_13.edf,904.0,908.0,0.5,0.35,81,1.3487816138931745,ok,0,10,9,0.0
chb08,chb08_13.edf,904.0,908.0,0.5,0.7,62,0.8689115826517545,ok,0,12,11,0.0
chb08,chb08_13.edf,904.0,908.0,0.5,0.7,63,0.5243445702931802,ok,0,9,8,0.0
chb08,chb08_13.edf,904.0,908.0,0.5,0.7,64,0.21525787152675666,ok,0,9,8,0.0
chb08,chb08_13.edf,904.0,908.0,0.5,0.7,65,0.8134100314457554,ok,0,11,9,0.0
chb08,chb08_13.edf,904.0,908.0,0.5,0.7,66,0.3455869941264749,ok,0,11,9,0.0
chb08,chb08_13.edf,904.0,908.0,0.5,0.7,67,0.7738614518589849,ok,0,6,5,0.0
chb08,chb08_13.edf,904.0,908.0,0.5,0.7,68,1.341276321721398,ok,0,11,10,0.0
chb08,chb08_13.edf,904.0,908.0,0.5,0.7,69,1.1600585422081229,ok,0,10,9,0.0
chb08,chb08_13.edf,904.0,908.0,0.5,0.7,70,0.6893904550079775,ok,0,12,11,0.0
chb08,chb08_13.edf,904.0,908.0,0.5,0.7,71,1.7937447317653397,ok,0,10,8,0.0
chb08,chb08_13.edf,904.0,908.0,0.5,0.7,72,1.1175513899025349,ok,0,8,7,0.0
chb08,chb08_13.edf,904.0,908.0,0.5,0.7,73,0.45646965128234956,ok,0,10,9,0.0
chb08,chb08_13.edf,904.0,908.0,0.5,0.7,74,0.5868558264808225,ok,0,8,7,0.0
chb08,chb08_13.edf,904.0,908.0,0.5,0.7,75,0.8323581375851096,ok,0,13,11,0.0
chb08,chb08_13.edf,904.0,908.0,0.5,0.7,76,0.32444710210071603,ok,0,10,9,0.0
chb08,chb08_13.edf,904.0,908.0,0.5,0.7,77,0.1317317419929554,ok,0,9,8,0.0
chb08,chb08_13.edf,904.0,908.0,0.5,0.7,78,0.7021721738313343,ok,0,10,8,0.0
chb08,chb08_13.edf,904.0,908.0,0.5,0.7,79,0.1568870781527907,ok,0,8,5,0.0
chb08,chb08_13.edf,904.0,908.0,0.5,0.7,80,0.4887592614865882,ok,0,10,8,0.0
chb08,chb08_13.edf,904.0,908.0,0.5,0.7,81,1.3282457340076834,ok,0,10,8,0.0
chb08,chb08_13.edf,904.0,908.0,1.0,0.0,62,0.7743914046997703,ok,0,11,10,0.0
chb08,chb08_13.edf,904.0,908.0,1.0,0.0,63,0.21488489744161204,ok,0,8,7,0.0
chb08,chb08_13.edf,904.0,908.0,1.0,0.0,64,0.17192047651837583,ok,0,10,9,0.0
chb08,chb08_13.edf,904.0,908.0,1.0,0.0,65,0.48620003231413916,ok,0,12,9,0.0
chb08,chb08_13.edf,904.0,908.0,1.0,0.0,66,1.3756822323974554,ok,0,13,11,0.0
chb08,chb08_13.edf,904.0,908.0,1.0,0.0,67,1.0067830609804835,ok,0,9,8,0.0
chb08,chb08_13.edf,904.0,908.0,1.0,0.0,68,1.5176810316646947,ok,0,13,11,0.0
chb08,chb08_13.edf,904.0,908.0,1.0,0.0,69,1.0610836315798138,ok,0,8,5,0.0
chb08,chb08_13.edf,904.0,908.0,1.0,0.0,70,0.981919803246944,ok,0,12,11,0.0
chb08,chb08_13.edf,904.0,908.0,1.0,0.0,71,1.7937447317653397,ok,0,10,8,0.0
chb08,chb08_13.edf,904.0,908.0,1.0,0.0,72,0.18642507739616473,ok,0,6,5,0.0
chb08,chb08_13.edf,904.0,908.0,1.0,0.0,73,0.5987516059102022,ok,0,9,8,0.0
chb08,chb08_13.edf,904.0,908.0,1.0,0.0,74,0.6443582292066723,ok,0,11,10,0.0
chb08,chb08_13.edf,904.0,908.0,1.0,0.0,75,1.65888681246551,ok,0,10,7,0.0
chb08,chb08_13.edf,904.0,908.0,1.0,0.0,76,0.22553402254439306,ok,0,12,11,0.0
chb08,chb08_13.edf,904.0,908.0,1.0,0.0,77,1.261454559020981,ok,0,10,9,0.0
chb08,chb08_13.edf,904.0,908.0,1.0,0.0,78,1.9856992051961986,ok,0,12,11,0.0
chb08,chb08_13.edf,904.0,908.0,1.0,0.0,79,0.1609368397508929,ok,0,7,6,0.0
chb08,chb08_13.edf,904.0,908.0,1.0,0.0,80,0.8375512923759941,ok,0,11,9,0.0
chb08,chb08_13.edf,904.0,908.0,1.0,0.0,81,1.3218647883394035,ok,0,10,8,0.0
chb08,chb08_13.edf,904.0,908.0,1.0,0.175,62,0.8181096350347377,ok,0,12,11,0.0
chb08,chb08_13.edf,904.0,908.0,1.0,0.175,63,0.21488489744161204,ok,0,8,7,0.0
chb08,chb08_13.edf,904.0,908.0,1.0,0.175,64,0.17192047651837583,ok,0,10,9,0.0
chb08,chb08_13.edf,904.0,908.0,1.0,0.175,65,0.48620003231413916,ok,0,12,9,0.0
chb08,chb08_13.edf,904.0,908.0,1.0,0.175,66,1.3756822323974554,ok,0,13,11,0.0
chb08,chb08_13.edf,904.0,908.0,1.0,0.175,67,1.0067830609804835,ok,0,9,8,0.0
chb08,chb08_13.edf,904.0,908.0,1.0,0.175,68,1.5176810316646947,ok,0,13,11,0.0
chb08,chb08_13.edf,904.0,908.0,1.0,0.175,69,1.20327226737019,ok,0,8,6,0.0
chb08,chb08_13.edf,904.0,908.0,1.0,0.175,70,0.981919803246944,ok,0,12,11,0.0
chb08,chb08_13.edf,904.0,908.0,1.0,0.175,71,1.7937447317653397,ok,0,10,8,0.0
chb08,chb08_13.edf,904.0,908.0,1.0,0.175,72,0.18642507739616473,ok,0,6,5,0.0
chb08,chb08_13.edf,904.0,908.0,1.0,0.175,73,0.6699428264072076,ok,0,9,8,0.0
chb08,chb08_13.edf,904.0,908.0,1.0,0.175,74,0.6265503624779104,ok,0,10,9,0.0
chb08,chb08_13.edf,904.0,908.0,1.0,0.175,75,1.5723762842569506,ok,0,9,7,0.0
chb08,chb08_13.edf,904.0,908.0,1.0,0.175,76,0.22553402254439306,ok,0,12,11,0.0
chb08,chb08_13.edf,904.0,908.0,1.0,0.175,77,1.1993834364071327,ok,0,9,8,0.0
chb08,chb08_13.edf,904.0,908.0,1.0,0.175,78,2.0008167178077203,ok,0,11,10,0.0
chb08,chb08_13.edf,904.0,908.0,1.0,0.175,79,0.1609368397508929,ok,0,7,6,0.0
chb08,chb08_13.edf,904.0,908.0,1.0,0.175,80,0.7001723173641382,ok,0,11,9,0.0
chb08,chb08_13.edf,904.0,908.0,1.0,0.175,81,1.3218647883394035,ok,0,10,8,0.0
chb08,chb08_13.edf,904.0,908.0,1.0,0.35,62,0.8181096350347377,ok,0,12,11,0.0
chb08,chb08_13.edf,904.0,908.0,1.0,0.35,63,0.16726057798219393,ok,0,8,7,0.0
chb08,chb08_13.edf,904.0,908.0,1.0,0.35,64,0.17599259780918877,ok,0,10,8,0.0
chb08,chb08_13.edf,904.0,908.0,1.0,0.35,65,0.48620003231413916,ok,0,12,9,0.0
chb08,chb08_13.edf,904.0,908.0,1.0,0.35,66,1.3756822323974554,ok,0,13,11,0.0
chb08,chb08_13.edf,904.0,908.0,1.0,0.35,67,0.9398105896470922,ok,0,10,9,0.0
chb08,chb08_13.edf,904.0,908.0,1.0,0.35,68,1.4921200874339864,ok,0,13,11,0.0
chb08,chb08_13.edf,904.0,908.0,1.0,0.35,69,1.20327226737019,ok,0,8,6,0.0
chb08,chb08_13.edf,904.0,908.0,1.0,0.35,70,1.2882368985122372,ok,0,10,9,0.0
chb08,chb08_13.edf,904.0,908.0,1.0,0.35,71,1.7937447317653397,ok,0,10,8,0.0
chb08,chb08_13.edf,904.0,908.0,1.0,0.35,72,0.18642507739616473,ok,0,6,5,0.0
chb08,chb08_13.edf,904.0,908.0,1.0,0.35,73,0.5724749504721512,ok,0,8,7,0.0
chb08,chb08_13.edf,904.0,908.0,1.0,0.35,74,0.5693595896839266,ok,0,10,8,0.0
chb08,chb08_13.edf,904.0,908.0,1.0,0.35,75,1.557057939702112,ok,0,9,7,0.0
chb08,chb08_13.edf,904.0,908.0,1.0,0.35,76,0.22553402254439306,ok,0,12,11,0.0
chb08,chb08_13.edf,904.0,908.0,1.0,0.35,77,1.191306170729188,ok,0,9,8,0.0
chb08,chb08_13.edf,904.0,908.0,1.0,0.35,78,2.0008167178077203,ok,0,11,10,0.0
chb08,chb08_13.edf,904.0,908.0,1.0,0.35,79,0.1609368397508929,ok,0,7,6,0.0
chb08,chb08_13.edf,904.0,908.0,1.0,0.35,80,0.649919166890902,ok,0,12,10,0.0
chb08,chb08_13.edf,904.0,908.0,1.0,0.35,81,1.3218647883394035,ok,0,10,8,0.0
chb08,chb08_13.edf,904.0,908.0,1.0,0.7,62,0.8181096350347377,ok,0,12,11,0.0
chb08,chb08_13.edf,904.0,908.0,1.0,0.7,63,0.5921667517275981,ok,0,9,8,0.0
chb08,chb08_13.edf,904.0,908.0,1.0,0.7,64,0.19536516236432463,ok,0,10,8,0.0
chb08,chb08_13.edf,904.0,908.0,1.0,0.7,65,0.48620003231413916,ok,0,12,9,0.0
chb08,chb08_13.edf,904.0,908.0,1.0,0.7,66,1.3756822323974554,ok,0,13,11,0.0
chb08,chb08_13.edf,904.0,908.0,1.0,0.7,67,0.9398105896470922,ok,0,10,9,0.0
chb08,chb08_13.edf,904.0,908.0,1.0,0.7,68,1.4668332538640976,ok,0,12,10,0.0
chb08,chb08_13.edf,904.0,908.0,1.0,0.7,69,1.1718308970022255,ok,0,9,7,0.0
chb08,chb08_13.edf,904.0,908.0,1.0,0.7,70,1.5295562984710487,ok,0,10,9,0.0
chb08,chb08_13.edf,904.0,908.0,1.0,0.7,71,1.7937447317653397,ok,0,10,8,0.0
chb08,chb08_13.edf,904.0,908.0,1.0,0.7,72,1.1175513899025349,ok,0,8,7,0.0
chb08,chb08_13.edf,904.0,908.0,1.0,0.7,73,0.526392165110145,ok,0,10,9,0.0
chb08,chb08_13.edf,904.0,908.0,1.0,0.7,74,0.4612846776939771,ok,0,11,9,0.0
chb08,chb08_13.edf,904.0,908.0,1.0,0.7,75,1.5585423039488848,ok,0,8,6,0.0
chb08,chb08_13.edf,904.0,908.0,1.0,0.7,76,0.22553402254439306,ok,0,12,11,0.0
chb08,chb08_13.edf,904.0,908.0,1.0,0.7,77,1.1766067758438852,ok,0,8,7,0.0
chb08,chb08_13.edf,904.0,908.0,1.0,0.7,78,1.9856992051961986,ok,0,12,11,0.0
chb08,chb08_13.edf,904.0,908.0,1.0,0.7,79,0.1609368397508929,ok,0,7,6,0.0
chb08,chb08_13.edf,904.0,908.0,1.0,0.7,80,0.649919166890902,ok,0,12,10,0.0
chb08,chb08_13.edf,904.0,908.0,1.0,0.7,81,1.215686175817603,ok,0,9,7,0.0
chb08,chb08_13.edf,2700.0,2704.0,0.25,0.0,62,0.6171842911523988,ok,0,10,9,0.0
chb08,chb08_13.edf,2700.0,2704.0,0.25,0.0,63,2.043747370146671,ok,0,9,8,0.0
chb08,chb08_13.edf,2700.0,2704.0,0.25,0.0,64,0.8756532617719204,ok,0,9,8,0.0
chb08,chb08_13.edf,2700.0,2704.0,0.25,0.0,65,0.9667718123938864,ok,0,11,10,0.0
chb08,chb08_13.edf,2700.0,2704.0,0.25,0.0,66,0.3631787913269073,ok,0,11,9,0.0
chb08,chb08_13.edf,2700.0,2704.0,0.25,0.0,67,0.8092054221906116,ok,0,11,9,0.0
chb08,chb08_13.edf,2700.0,2704.0,0.25,0.0,68,0.9681035064574081,ok,0,9,8,0.0
chb08,chb08_13.edf,2700.0,2704.0,0.25,0.0,69,1.241548694349417,ok,0,10,8,0.0
chb08,chb08_13.edf,2700.0,2704.0,0.25,0.0,70,0.2793983295119334,ok,0,9,8,0.0
chb08,chb08_13.edf,2700.0,2704.0,0.25,0.0,71,1.5904417843670142,ok,0,12,11,0.0
chb08,chb08_13.edf,2700.0,2704.0,0.25,0.0,72,0.9990557900479503,ok,0,11,9,0.0
chb08,chb08_13.edf,2700.0,2704.0,0.25,0.0,73,0.4814093715175572,ok,0,8,7,0.0
chb08,chb08_13.edf,2700.0,2704.0,0.25,0.0,74,0.6162790697674418,ok,0,11,8,0.0
chb08,chb08_13.edf,2700.0,2704.0,0.25,0.0,75,0.35394981220923855,ok,0,12,11,0.0
chb08,chb08_13.edf,2700.0,2704.0,0.25,0.0,76,0.3909772130214703,ok,0,12,11,0.0
chb08,chb08_13.edf,2700.0,2704.0,0.25,0.0,77,0.9447730595988872,ok,0,6,4,0.0
chb08,chb08_13.edf,2700.0,2704.0,0.25,0.0,78,1.3483863463099397,ok,0,11,10,0.0
chb08,chb08_13.edf,2700.0,2704.0,0.25,0.0,79,0.1609368397508929,ok,0,7,6,0.0
chb08,chb08_13.edf,2700.0,2704.0,0.25,0.0,80,0.1797136108456547,ok,0,12,10,0.0
chb08,chb08_13.edf,2700.0,2704.0,0.25,0.0,81,1.4033891062507988,ok,0,10,7,0.0
chb08,chb08_13.edf,2700.0,2704.0,0.25,0.175,62,0.7273849360614434,ok,0,11,10,0.0
chb08,chb08_13.edf,2700.0,2704.0,0.25,0.175,63,2.0341077992701977,ok,0,9,8,0.0
chb08,chb08_13.edf,2700.0,2704.0,0.25,0.175,64,0.8756532617719204,ok,0,9,8,0.0
chb08,chb08_13.edf,2700.0,2704.0,0.25,0.175,65,0.9667718123938864,ok,0,11,10,0.0
chb08,chb08_13.edf,2700.0,2704.0,0.25,0.175,66,0.3631787913269073,ok,0,11,9,0.0
chb08,chb08_13.edf,2700.0,2704.0,0.25,0.175,67,0.793177848124112,ok,0,11,9,0.0
chb08,chb08_13.edf,2700.0,2704.0,0.25,0.175,68,0.895157178062396,ok,0,8,7,0.0
chb08,chb08_13.edf,2700.0,2704.0,0.25,0.175,69,1.2355382185912218,ok,0,10,8,0.0
chb08,chb08_13.edf,2700.0,2704.0,0.25,0.175,70,0.2793983295119334,ok,0,9,8,0.0
chb08,chb08_13.edf,2700.0,2704.0,0.25,0.175,71,1.5904417843670142,ok,0,12,11,0.0
chb08,chb08_13.edf,2700.0,2704.0,0.25,0.175,72,1.0189295409461563,ok,0,10,8,0.0
chb08,chb08_13.edf,2700.0,2704.0,0.25,0.175,73,0.5156677587738779,ok,0,8,7,0.0
chb08,chb08_13.edf,2700.0,2704.0,0.25,0.175,74,0.360793174048842,ok,0,12,9,0.0
chb08,chb08_13.edf,2700.0,2704.0,0.25,0.175,75,0.5278753702469957,ok,0,13,12,0.0
chb08,chb08_13.edf,2700.0,2704.0,0.25,0.175,76,0.3909772130214703,ok,0,12,11,0.0
chb08,chb08_13.edf,2700.0,2704.0,0.25,0.175,77,0.9447730595988872,ok,0,6,4,0.0
chb08,chb08_13.edf,2700.0,2704.0,0.25,0.175,78,1.3483863463099397,ok,0,11,10,0.0
chb08,chb08_13.edf,2700.0,2704.0,0.25,0.175,79,0.1609368397508929,ok,0,7,6,0.0
chb08,chb08_13.edf,2700.0,2704.0,0.25,0.175,80,0.18508067986596996,ok,0,11,9,0.0
chb08,chb08_13.edf,2700.0,2704.0,0.25,0.175,81,1.3951320693161031,ok,0,9,8,0.0
chb08,chb08_13.edf,2700.0,2704.0,0.25,0.35,62,0.7877462884085299,ok,0,8,7,0.0
chb08,chb08_13.edf,2700.0,2704.0,0.25,0.35,63,2.0341077992701977,ok,0,9,8,0.0
chb08,chb08_13.edf,2700.0,2704.0,0.25,0.35,64,0.8756532617719204,ok,0,9,8,0.0
chb08,chb08_13.edf,2700.0,2704.0,0.25,0.35,65,0.9667718123938864,ok,0,11,10,0.0
chb08,chb08_13.edf,2700.0,2704.0,0.25,0.35,66,0.3428004452807938,ok,0,11,9,0.0
chb08,chb08_13.edf,2700.0,2704.0,0.25,0.35,67,0.6792763691147884,ok,0,11,9,0.0
chb08,chb08_13.edf,2700.0,2704.0,0.25,0.35,68,0.6289955857286919,ok,0,10,9,0.0
chb08,chb08_13.edf,2700.0,2704.0,0.25,0.35,69,1.2998397767842007,ok,0,10,8,0.0
chb08,chb08_13.edf,2700.0,2704.0,0.25,0.35,70,0.2793983295119334,ok,0,9,8,0.0
chb08,chb08_13.edf,2700.0,2704.0,0.25,0.35,71,1.5904417843670142,ok,0,12,11,0.0
chb08,chb08_13.edf,2700.0,2704.0,0.25,0.35,72,1.0191071575166437,ok,0,10,8,0.0
chb08,chb08_13.edf,2700.0,2704.0,0.25,0.35,73,0.47801615944991377,ok,0,7,6,0.0
chb08,chb08_13.edf,2700.0,2704.0,0.25,0.35,74,0.38270806746943753,ok,0,11,7,0.0
chb08,chb08_13.edf,2700.0,2704.0,0.25,0.35,75,0.7171165419614511,ok,0,12,11,0.0
chb08,chb08_13.edf,2700.0,2704.0,0.25,0.35,76,0.3909772130214703,ok,0,12,11,0.0
chb08,chb08_13.edf,2700.0,2704.0,0.25,0.35,77,0.9447730595988872,ok,0,6,4,0.0
chb08,chb08_13.edf,2700.0,2704.0,0.25,0.35,78,1.3475272288530968,ok,0,11,10,0.0
chb08,chb08_13.edf,2700.0,2704.0,0.25,0.35,79,0.1609368397508929,ok,0,7,6,0.0
chb08,chb08_13.edf,2700.0,2704.0,0.25,0.35,80,0.18508067986596996,ok,0,11,9,0.0
chb08,chb08_13.edf,2700.0,2704.0,0.25,0.35,81,1.3951320693161031,ok,0,9,8,0.0
chb08,chb08_13.edf,2700.0,2704.0,0.25,0.7,62,0.7873014216596345,ok,0,8,7,0.0
chb08,chb08_13.edf,2700.0,2704.0,0.25,0.7,63,1.8880701910307307,ok,0,9,7,0.0
chb08,chb08_13.edf,2700.0,2704.0,0.25,0.7,64,0.8389675056960124,ok,0,9,8,0.0
chb08,chb08_13.edf,2700.0,2704.0,0.25,0.7,65,0.7947754540349595,ok,0,12,11,0.0
chb08,chb08_13.edf,2700.0,2704.0,0.25,0.7,66,0.3428004452807938,ok,0,11,9,0.0
chb08,chb08_13.edf,2700.0,2704.0,0.25,0.7,67,0.3910560021142528,ok,0,11,10,0.0
chb08,chb08_13.edf,2700.0,2704.0,0.25,0.7,68,0.6275308693026844,ok,0,10,9,0.0
chb08,chb08_13.edf,2700.0,2704.0,0.25,0.7,69,1.1435552155523705,ok,0,10,7,0.0
chb08,chb08_13.edf,2700.0,2704.0,0.25,0.7,70,0.22257639464756057,ok,0,9,8,0.0
chb08,chb08_13.edf,2700.0,2704.0,0.25,0.7,71,1.5832381035513712,ok,0,12,11,0.0
chb08,chb08_13.edf,2700.0,2704.0,0.25,0.7,72,1.669875967966309,ok,0,7,6,0.0
chb08,chb08_13.edf,2700.0,2704.0,0.25,0.7,73,0.46467886425431265,ok,0,8,6,0.0
chb08,chb08_13.edf,2700.0,2704.0,0.25,0.7,74,0.3345147793786967,ok,0,10,6,0.0
chb08,chb08_13.edf,2700.0,2704.0,0.25,0.7,75,0.7171165419614511,ok,0,12,11,0.0
chb08,chb08_13.edf,2700.0,2704.0,0.25,0.7,76,0.40133528930023293,ok,0,12,11,0.0
chb08,chb08_13.edf,2700.0,2704.0,0.25,0.7,77,0.9447730595988872,ok,0,6,4,0.0
chb08,chb08_13.edf,2700.0,2704.0,0.25,0.7,78,1.3475272288530968,ok,0,11,10,0.0
chb08,chb08_13.edf,2700.0,2704.0,0.25,0.7,79,0.1609368397508929,ok,0,7,6,0.0
chb08,chb08_13.edf,2700.0,2704.0,0.25,0.7,80,0.16139070270625072,ok,0,11,10,0.0
chb08,chb08_13.edf,2700.0,2704.0,0.25,0.7,81,1.3951320693161031,ok,0,9,8,0.0
chb08,chb08_13.edf,2700.0,2704.0,0.5,0.0,62,0.5712931377579745,ok,0,12,11,0.0
chb08,chb08_13.edf,2700.0,2704.0,0.5,0.0,63,0.16726057798219393,ok,0,8,7,0.0
chb08,chb08_13.edf,2700.0,2704.0,0.5,0.0,64,0.19637001542360058,ok,0,9,8,0.0
chb08,chb08_13.edf,2700.0,2704.0,0.5,0.0,65,0.546024803519956,ok,0,10,8,0.0
chb08,chb08_13.edf,2700.0,2704.0,0.5,0.0,66,0.3428004452807938,ok,0,11,9,0.0
chb08,chb08_13.edf,2700.0,2704.0,0.5,0.0,67,0.9454773281444654,ok,0,7,6,0.0
chb08,chb08_13.edf,2700.0,2704.0,0.5,0.0,68,1.2291207868644798,ok,0,12,11,0.0
chb08,chb08_13.edf,2700.0,2704.0,0.5,0.0,69,1.1682562182790923,ok,0,9,7,0.0
chb08,chb08_13.edf,2700.0,2704.0,0.5,0.0,70,0.5111811702061327,ok,0,14,13,0.0
chb08,chb08_13.edf,2700.0,2704.0,0.5,0.0,71,1.8179982256514546,ok,0,11,9,0.0
chb08,chb08_13.edf,2700.0,2704.0,0.5,0.0,72,0.18642507739616473,ok,0,6,5,0.0
chb08,chb08_13.edf,2700.0,2704.0,0.5,0.0,73,0.6286253346157429,ok,0,10,9,0.0
chb08,chb08_13.edf,2700.0,2704.0,0.5,0.0,74,0.6476197533905482,ok,0,9,7,0.0
chb08,chb08_13.edf,2700.0,2704.0,0.5,0.0,75,0.9626906857352386,ok,0,12,10,0.0
chb08,chb08_13.edf,2700.0,2704.0,0.5,0.0,76,0.48840569686484475,ok,0,10,9,0.0
chb08,chb08_13.edf,2700.0,2704.0,0.5,0.0,77,1.4397992123948258,ok,0,10,9,0.0
chb08,chb08_13.edf,2700.0,2704.0,0.5,0.0,78,0.8783739115481473,ok,0,10,9,0.0
chb08,chb08_13.edf,2700.0,2704.0,0.5,0.0,79,0.6660998123404629,ok,0,8,7,0.0
chb08,chb08_13.edf,2700.0,2704.0,0.5,0.0,80,0.48943288169382493,ok,0,10,8,0.0
chb08,chb08_13.edf,2700.0,2704.0,0.5,0.0,81,1.3487816138931745,ok,0,10,9,0.0
chb08,chb08_13.edf,2700.0,2704.0,0.5,0.175,62,0.5712931377579745,ok,0,12,11,0.0
chb08,chb08_13.edf,2700.0,2704.0,0.5,0.175,63,0.16726057798219393,ok,0,8,7,0.0
chb08,chb08_13.edf,2700.0,2704.0,0.5,0.175,64,0.19637001542360058,ok,0,9,8,0.0
chb08,chb08_13.edf,2700.0,2704.0,0.5,0.175,65,0.546024803519956,ok,0,10,8,0.0
chb08,chb08_13.edf,2700.0,2704.0,0.5,0.175,66,0.3428004452807938,ok,0,11,9,0.0
chb08,chb08_13.edf,2700.0,2704.0,0.5,0.175,67,0.9454773281444654,ok,0,7,6,0.0
chb08,chb08_13.edf,2700.0,2704.0,0.5,0.175,68,1.2291207868644798,ok,0,12,11,0.0
chb08,chb08_13.edf,2700.0,2704.0,0.5,0.175,69,1.2023157860598088,ok,0,8,6,0.0
chb08,chb08_13.edf,2700.0,2704.0,0.5,0.175,70,0.5061085554802268,ok,0,13,12,0.0
chb08,chb08_13.edf,2700.0,2704.0,0.5,0.175,71,1.8179982256514546,ok,0,11,9,0.0
chb08,chb08_13.edf,2700.0,2704.0,0.5,0.175,72,0.18642507739616473,ok,0,6,5,0.0
chb08,chb08_13.edf,2700.0,2704.0,0.5,0.175,73,0.6543988134530593,ok,0,11,10,0.0
chb08,chb08_13.edf,2700.0,2704.0,0.5,0.175,74,0.655280757217913,ok,0,10,8,0.0
chb08,chb08_13.edf,2700.0,2704.0,0.5,0.175,75,0.9304566943784026,ok,0,11,10,0.0
chb08,chb08_13.edf,2700.0,2704.0,0.5,0.175,76,0.3297550339148682,ok,0,11,10,0.0
chb08,chb08_13.edf,2700.0,2704.0,0.5,0.175,77,1.4397992123948258,ok,0,10,9,0.0
chb08,chb08_13.edf,2700.0,2704.0,0.5,0.175,78,0.8783739115481473,ok,0,10,9,0.0
chb08,chb08_13.edf,2700.0,2704.0,0.5,0.175,79,0.1609368397508929,ok,0,7,6,0.0
chb08,chb08_13.edf,2700.0,2704.0,0.5,0.175,80,0.5323112117185054,ok,0,9,7,0.0
chb08,chb08_13.edf,2700.0,2704.0,0.5,0.175,81,1.3487816138931745,ok,0,10,9,0.0
chb08,chb08_13.edf,2700.0,2704.0,0.5,0.35,62,0.6559757885363878,ok,0,12,11,0.0
chb08,chb08_13.edf,2700.0,2704.0,0.5,0.35,63,0.19759201224112374,ok,0,9,8,0.0
chb08,chb08_13.edf,2700.0,2704.0,0.5,0.35,64,0.19637001542360058,ok,0,9,8,0.0
chb08,chb08_13.edf,2700.0,2704.0,0.5,0.35,65,0.546024803519956,ok,0,10,8,0.0
chb08,chb08_13.edf,2700.0,2704.0,0.5,0.35,66,0.3428004452807938,ok,0,11,9,0.0
chb08,chb08_13.edf,2700.0,2704.0,0.5,0.35,67,0.9454773281444654,ok,0,7,6,0.0
chb08,chb08_13.edf,2700.0,2704.0,0.5,0.35,68,1.2291207868644798,ok,0,12,11,0.0
chb08,chb08_13.edf,2700.0,2704.0,0.5,0.35,69,1.173190594461471,ok,0,9,7,0.0
chb08,chb08_13.edf,2700.0,2704.0,0.5,0.35,70,0.5061085554802268,ok,0,13,12,0.0
chb08,chb08_13.edf,2700.0,2704.0,0.5,0.35,71,1.8814282450408817,ok,0,11,10,0.0
chb08,chb08_13.edf,2700.0,2704.0,0.5,0.35,72,0.18642507739616473,ok,0,6,5,0.0
chb08,chb08_13.edf,2700.0,2704.0,0.5,0.35,73,0.6543988134530593,ok,0,11,10,0.0
chb08,chb08_13.edf,2700.0,2704.0,0.5,0.35,74,0.5642921002885061,ok,0,9,7,0.0
chb08,chb08_13.edf,2700.0,2704.0,0.5,0.35,75,0.9509373634017847,ok,0,10,9,0.0
chb08,chb08_13.edf,2700.0,2704.0,0.5,0.35,76,0.35122496349376053,ok,0,11,10,0.0
chb08,chb08_13.edf,2700.0,2704.0,0.5,0.35,77,0.14113296980235743,ok,0,9,8,0.0
chb08,chb08_13.edf,2700.0,2704.0,0.5,0.35,78,0.8783739115481473,ok,0,10,9,0.0
chb08,chb08_13.edf,2700.0,2704.0,0.5,0.35,79,0.1609368397508929,ok,0,7,6,0.0
chb08,chb08_13.edf,2700.0,2704.0,0.5,0.35,80,0.5323112117185054,ok,0,9,7,0.0
chb08,chb08_13.edf,2700.0,2704.0,0.5,0.35,81,1.3487816138931745,ok,0,10,9,0.0
chb08,chb08_13.edf,2700.0,2704.0,0.5,0.7,62,0.7027359103299528,ok,0,11,10,0.0
chb08,chb08_13.edf,2700.0,2704.0,0.5,0.7,63,0.1829500100318099,ok,0,8,7,0.0
chb08,chb08_13.edf,2700.0,2704.0,0.5,0.7,64,0.19637001542360058,ok,0,9,8,0.0
chb08,chb08_13.edf,2700.0,2704.0,0.5,0.7,65,1.0208455305553716,ok,0,11,9,0.0
chb08,chb08_13.edf,2700.0,2704.0,0.5,0.7,66,0.3428004452807938,ok,0,11,9,0.0
chb08,chb08_13.edf,2700.0,2704.0,0.5,0.7,67,0.9952854895399461,ok,0,7,6,0.0
chb08,chb08_13.edf,2700.0,2704.0,0.5,0.7,68,1.2291207868644798,ok,0,12,11,0.0
chb08,chb08_13.edf,2700.0,2704.0,0.5,0.7,69,1.301893561650949,ok,0,10,8,0.0
chb08,chb08_13.edf,2700.0,2704.0,0.5,0.7,70,0.495293710031702,ok,0,13,12,0.0
chb08,chb08_13.edf,2700.0,2704.0,0.5,0.7,71,1.8814282450408817,ok,0,11,10,0.0
chb08,chb08_13.edf,2700.0,2704.0,0.5,0.7,72,0.1692486635019696,ok,0,6,5,0.0
chb08,chb08_13.edf,2700.0,2704.0,0.5,0.7,73,0.5738122687411982,ok,0,12,11,0.0
chb08,chb08_13.edf,2700.0,2704.0,0.5,0.7,74,0.5176834303812212,ok,0,9,6,0.0
chb08,chb08_13.edf,2700.0,2704.0,0.5,0.7,75,0.9704418759552915,ok,0,10,9,0.0
chb08,chb08_13.edf,2700.0,2704.0,0.5,0.7,76,0.2623978490963518,ok,0,11,10,0.0
chb08,chb08_13.edf,2700.0,2704.0,0.5,0.7,77,0.14113296980235743,ok,0,9,8,0.0
chb08,chb08_13.edf,2700.0,2704.0,0.5,0.7,78,0.5496293602183737,ok,0,11,10,0.0
chb08,chb08_13.edf,2700.0,2704.0,0.5,0.7,79,0.1568870781527907,ok,0,8,5,0.0
chb08,chb08_13.edf,2700.0,2704.0,0.5,0.7,80,0.5323112117185054,ok,0,9,7,0.0
chb08,chb08_13.edf,2700.0,2704.0,0.5,0.7,81,1.3951320693161031,ok,0,9,8,0.0
chb08,chb08_13.edf,2700.0,2704.0,1.0,0.0,62,0.7743914046997703,ok,0,11,10,0.0
chb08,chb08_13.edf,2700.0,2704.0,1.0,0.0,63,0.21488489744161204,ok,0,8,7,0.0
chb08,chb08_13.edf,2700.0,2704.0,1.0,0.0,64,0.17192047651837583,ok,0,10,9,0.0
chb08,chb08_13.edf,2700.0,2704.0,1.0,0.0,65,0.48620003231413916,ok,0,12,9,0.0
chb08,chb08_13.edf,2700.0,2704.0,1.0,0.0,66,1.3756822323974554,ok,0,13,11,0.0
chb08,chb08_13.edf,2700.0,2704.0,1.0,0.0,67,1.0067830609804835,ok,0,9,8,0.0
chb08,chb08_13.edf,2700.0,2704.0,1.0,0.0,68,1.5176810316646947,ok,0,13,11,0.0
chb08,chb08_13.edf,2700.0,2704.0,1.0,0.0,69,1.0610836315798138,ok,0,8,5,0.0
chb08,chb08_13.edf,2700.0,2704.0,1.0,0.0,70,0.981919803246944,ok,0,12,11,0.0
chb08,chb08_13.edf,2700.0,2704.0,1.0,0.0,71,1.7937447317653397,ok,0,10,8,0.0
chb08,chb08_13.edf,2700.0,2704.0,1.0,0.0,72,0.18642507739616473,ok,0,6,5,0.0
chb08,chb08_13.edf,2700.0,2704.0,1.0,0.0,73,0.5987516059102022,ok,0,9,8,0.0
chb08,chb08_13.edf,2700.0,2704.0,1.0,0.0,74,0.6443582292066723,ok,0,11,10,0.0
chb08,chb08_13.edf,2700.0,2704.0,1.0,0.0,75,1.65888681246551,ok,0,10,7,0.0
chb08,chb08_13.edf,2700.0,2704.0,1.0,0.0,76,0.22553402254439306,ok,0,12,11,0.0
chb08,chb08_13.edf,2700.0,2704.0,1.0,0.0,77,1.261454559020981,ok,0,10,9,0.0
chb08,chb08_13.edf,2700.0,2704.0,1.0,0.0,78,1.9856992051961986,ok,0,12,11,0.0
chb08,chb08_13.edf,2700.0,2704.0,1.0,0.0,79,0.1609368397508929,ok,0,7,6,0.0
chb08,chb08_13.edf,2700.0,2704.0,1.0,0.0,80,0.8375512923759941,ok,0,11,9,0.0
chb08,chb08_13.edf,2700.0,2704.0,1.0,0.0,81,1.3218647883394035,ok,0,10,8,0.0
chb08,chb08_13.edf,2700.0,2704.0,1.0,0.175,62,0.8207228509784782,ok,0,12,11,0.0
chb08,chb08_13.edf,2700.0,2704.0,1.0,0.175,63,0.16726057798219393,ok,0,8,7,0.0
chb08,chb08_13.edf,2700.0,2704.0,1.0,0.175,64,0.17192047651837583,ok,0,10,9,0.0
chb08,chb08_13.edf,2700.0,2704.0,1.0,0.175,65,0.48620003231413916,ok,0,12,9,0.0
chb08,chb08_13.edf,2700.0,2704.0,1.0,0.175,66,1.3756822323974554,ok,0,13,11,0.0
chb08,chb08_13.edf,2700.0,2704.0,1.0,0.175,67,1.0067830609804835,ok,0,9,8,0.0
chb08,chb08_13.edf,2700.0,2704.0,1.0,0.175,68,1.5176810316646947,ok,0,13,11,0.0
chb08,chb08_13.edf,2700.0,2704.0,1.0,0.175,69,1.0610836315798138,ok,0,8,5,0.0
chb08,chb08_13.edf,2700.0,2704.0,1.0,0.175,70,1.0713161689866328,ok,0,12,9,0.0
chb08,chb08_13.edf,2700.0,2704.0,1.0,0.175,71,1.7937447317653397,ok,0,10,8,0.0
chb08,chb08_13.edf,2700.0,2704.0,1.0,0.175,72,0.18642507739616473,ok,0,6,5,0.0
chb08,chb08_13.edf,2700.0,2704.0,1.0,0.175,73,0.5987516059102022,ok,0,9,8,0.0
chb08,chb08_13.edf,2700.0,2704.0,1.0,0.175,74,0.6443582292066723,ok,0,11,10,0.0
chb08,chb08_13.edf,2700.0,2704.0,1.0,0.175,75,1.65888681246551,ok,0,10,7,0.0
chb08,chb08_13.edf,2700.0,2704.0,1.0,0.175,76,0.22553402254439306,ok,0,12,11,0.0
chb08,chb08_13.edf,2700.0,2704.0,1.0,0.175,77,1.261454559020981,ok,0,10,9,0.0
chb08,chb08_13.edf,2700.0,2704.0,1.0,0.175,78,1.9856992051961986,ok,0,12,11,0.0
chb08,chb08_13.edf,2700.0,2704.0,1.0,0.175,79,0.1609368397508929,ok,0,7,6,0.0
chb08,chb08_13.edf,2700.0,2704.0,1.0,0.175,80,0.9244954663863411,ok,0,10,8,0.0
chb08,chb08_13.edf,2700.0,2704.0,1.0,0.175,81,1.3218647883394035,ok,0,10,8,0.0
chb08,chb08_13.edf,2700.0,2704.0,1.0,0.35,62,0.8312504385654137,ok,0,12,11,0.0
chb08,chb08_13.edf,2700.0,2704.0,1.0,0.35,63,0.16726057798219393,ok,0,8,7,0.0
chb08,chb08_13.edf,2700.0,2704.0,1.0,0.35,64,0.17192047651837583,ok,0,10,9,0.0
chb08,chb08_13.edf,2700.0,2704.0,1.0,0.35,65,0.49292157435773215,ok,0,12,10,0.0
chb08,chb08_13.edf,2700.0,2704.0,1.0,0.35,66,1.3756822323974554,ok,0,13,11,0.0
chb08,chb08_13.edf,2700.0,2704.0,1.0,0.35,67,1.0067830609804835,ok,0,9,8,0.0
chb08,chb08_13.edf,2700.0,2704.0,1.0,0.35,68,0.2073097915140307,ok,0,12,10,0.0
chb08,chb08_13.edf,2700.0,2704.0,1.0,0.35,69,1.0610836315798138,ok,0,8,5,0.0
chb08,chb08_13.edf,2700.0,2704.0,1.0,0.35,70,1.0713161689866328,ok,0,12,9,0.0
chb08,chb08_13.edf,2700.0,2704.0,1.0,0.35,71,1.7937447317653397,ok,0,10,8,0.0
chb08,chb08_13.edf,2700.0,2704.0,1.0,0.35,72,0.1692486635019696,ok,0,6,5,0.0
chb08,chb08_13.edf,2700.0,2704.0,1.0,0.35,73,0.5823203888824564,ok,0,8,7,0.0
chb08,chb08_13.edf,2700.0,2704.0,1.0,0.35,74,0.6443582292066723,ok,0,11,10,0.0
chb08,chb08_13.edf,2700.0,2704.0,1.0,0.35,75,1.5948385453898242,ok,0,8,6,0.0
chb08,chb08_13.edf,2700.0,2704.0,1.0,0.35,76,0.2313081498944913,ok,0,11,10,0.0
chb08,chb08_13.edf,2700.0,2704.0,1.0,0.35,77,1.2551471077377274,ok,0,10,9,0.0
chb08,chb08_13.edf,2700.0,2704.0,1.0,0.35,78,2.0008167178077203,ok,0,11,10,0.0
chb08,chb08_13.edf,2700.0,2704.0,1.0,0.35,79,0.1609368397508929,ok,0,7,6,0.0
chb08,chb08_13.edf,2700.0,2704.0,1.0,0.35,80,0.9244954663863411,ok,0,10,8,0.0
chb08,chb08_13.edf,2700.0,2704.0,1.0,0.35,81,1.3218647883394035,ok,0,10,8,0.0
chb08,chb08_13.edf,2700.0,2704.0,1.0,0.7,62,0.828670422082038,ok,0,12,11,0.0
chb08,chb08_13.edf,2700.0,2704.0,1.0,0.7,63,0.16726057798219393,ok,0,8,7,0.0
chb08,chb08_13.edf,2700.0,2704.0,1.0,0.7,64,0.17192047651837583,ok,0,10,9,0.0
chb08,chb08_13.edf,2700.0,2704.0,1.0,0.7,65,0.49292157435773215,ok,0,12,10,0.0
chb08,chb08_13.edf,2700.0,2704.0,1.0,0.7,66,1.3756822323974554,ok,0,13,11,0.0
chb08,chb08_13.edf,2700.0,2704.0,1.0,0.7,67,1.0864381289721323,ok,0,9,8,0.0
chb08,chb08_13.edf,2700.0,2704.0,1.0,0.7,68,0.4737486253278209,ok,0,10,8,0.0
chb08,chb08_13.edf,2700.0,2704.0,1.0,0.7,69,1.0575732520501455,ok,0,9,6,0.0
chb08,chb08_13.edf,2700.0,2704.0,1.0,0.7,70,0.981919803246944,ok,0,12,11,0.0
chb08,chb08_13.edf,2700.0,2704.0,1.0,0.7,71,1.7937447317653397,ok,0,10,8,0.0
chb08,chb08_13.edf,2700.0,2704.0,1.0,0.7,72,0.1692486635019696,ok,0,6,5,0.0
chb08,chb08_13.edf,2700.0,2704.0,1.0,0.7,73,0.7089185188667039,ok,0,10,9,0.0
chb08,chb08_13.edf,2700.0,2704.0,1.0,0.7,74,0.5145882688756745,ok,0,10,8,0.0
chb08,chb08_13.edf,2700.0,2704.0,1.0,0.7,75,1.5229896147360447,ok,0,7,6,0.0
chb08,chb08_13.edf,2700.0,2704.0,1.0,0.7,76,0.2860488512490502,ok,0,11,10,0.0
chb08,chb08_13.edf,2700.0,2704.0,1.0,0.7,77,1.2341611593901847,ok,0,11,10,0.0
chb08,chb08_13.edf,2700.0,2704.0,1.0,0.7,78,2.0009138479953363,ok,0,11,10,0.0
chb08,chb08_13.edf,2700.0,2704.0,1.0,0.7,79,0.1609368397508929,ok,0,7,6,0.0
chb08,chb08_13.edf,2700.0,2704.0,1.0,0.7,80,0.83885612543029,ok,0,11,9,0.0
chb08,chb08_13.edf,2700.0,2704.0,1.0,0.7,81,1.3218647883394035,ok,0,10,8,0.0
chb08,chb08_21.edf,904.0,908.0,0.25,0.0,62,0.6171842911523988,ok,0,10,9,0.0
chb08,chb08_21.edf,904.0,908.0,0.25,0.0,63,2.043747370146671,ok,0,9,8,0.0
chb08,chb08_21.edf,904.0,908.0,0.25,0.0,64,0.8756532617719204,ok,0,9,8,0.0
chb08,chb08_21.edf,904.0,908.0,0.25,0.0,65,0.9667718123938864,ok,0,11,10,0.0
chb08,chb08_21.edf,904.0,908.0,0.25,0.0,66,0.3631787913269073,ok,0,11,9,0.0
chb08,chb08_21.edf,904.0,908.0,0.25,0.0,67,0.8092054221906116,ok,0,11,9,0.0
chb08,chb08_21.edf,904.0,908.0,0.25,0.0,68,0.9681035064574081,ok,0,9,8,0.0
chb08,chb08_21.edf,904.0,908.0,0.25,0.0,69,1.241548694349417,ok,0,10,8,0.0
chb08,chb08_21.edf,904.0,908.0,0.25,0.0,70,0.2793983295119334,ok,0,9,8,0.0
chb08,chb08_21.edf,904.0,908.0,0.25,0.0,71,1.5904417843670142,ok,0,12,11,0.0
chb08,chb08_21.edf,904.0,908.0,0.25,0.0,72,0.9990557900479503,ok,0,11,9,0.0
chb08,chb08_21.edf,904.0,908.0,0.25,0.0,73,0.4814093715175572,ok,0,8,7,0.0
chb08,chb08_21.edf,904.0,908.0,0.25,0.0,74,0.6162790697674418,ok,0,11,8,0.0
chb08,chb08_21.edf,904.0,908.0,0.25,0.0,75,0.35394981220923855,ok,0,12,11,0.0
chb08,chb08_21.edf,904.0,908.0,0.25,0.0,76,0.3909772130214703,ok,0,12,11,0.0
chb08,chb08_21.edf,904.0,908.0,0.25,0.0,77,0.9447730595988872,ok,0,6,4,0.0
chb08,chb08_21.edf,904.0,908.0,0.25,0.0,78,1.3483863463099397,ok,0,11,10,0.0
chb08,chb08_21.edf,904.0,908.0,0.25,0.0,79,0.1609368397508929,ok,0,7,6,0.0
chb08,chb08_21.edf,904.0,908.0,0.25,0.0,80,0.1797136108456547,ok,0,12,10,0.0
chb08,chb08_21.edf,904.0,908.0,0.25,0.0,81,1.4033891062507988,ok,0,10,7,0.0
chb08,chb08_21.edf,904.0,908.0,0.25,0.175,62,0.9014449443960928,ok,0,10,8,0.0
chb08,chb08_21.edf,904.0,908.0,0.25,0.175,63,0.17717083983046134,ok,0,8,6,0.0
chb08,chb08_21.edf,904.0,908.0,0.25,0.175,64,0.8756532617719204,ok,0,9,8,0.0
chb08,chb08_21.edf,904.0,908.0,0.25,0.175,65,0.9797540890510965,ok,0,12,11,0.0
chb08,chb08_21.edf,904.0,908.0,0.25,0.175,66,0.3455869941264749,ok,0,11,9,0.0
chb08,chb08_21.edf,904.0,908.0,0.25,0.175,67,0.5163240000431868,ok,0,12,11,0.0
chb08,chb08_21.edf,904.0,908.0,0.25,0.175,68,1.046349240967186,ok,0,10,9,0.0
chb08,chb08_21.edf,904.0,908.0,0.25,0.175,69,1.241548694349417,ok,0,10,8,0.0
chb08,chb08_21.edf,904.0,908.0,0.25,0.175,70,0.2793983295119334,ok,0,9,8,0.0
chb08,chb08_21.edf,904.0,908.0,0.25,0.175,71,1.55801403286611,ok,0,13,11,0.0
chb08,chb08_21.edf,904.0,908.0,0.25,0.175,72,0.9990557900479503,ok,0,11,9,0.0
chb08,chb08_21.edf,904.0,908.0,0.25,0.175,73,0.6845580569746975,ok,0,7,6,0.0
chb08,chb08_21.edf,904.0,908.0,0.25,0.175,74,0.6162790697674418,ok,0,11,8,0.0
chb08,chb08_21.edf,904.0,908.0,0.25,0.175,75,0.61100352877444,ok,0,11,10,0.0
chb08,chb08_21.edf,904.0,908.0,0.25,0.175,76,0.9401223091596564,ok,0,11,10,0.0
chb08,chb08_21.edf,904.0,908.0,0.25,0.175,77,0.9447730595988872,ok,0,6,4,0.0
chb08,chb08_21.edf,904.0,908.0,0.25,0.175,78,1.7940679572945242,ok,0,9,8,0.0
chb08,chb08_21.edf,904.0,908.0,0.25,0.175,79,0.1609368397508929,ok,0,7,6,0.0
chb08,chb08_21.edf,904.0,908.0,0.25,0.175,80,0.18317349230170574,ok,0,11,9,0.0
chb08,chb08_21.edf,904.0,908.0,0.25,0.175,81,1.3487816138931745,ok,0,10,9,0.0
chb08,chb08_21.edf,904.0,908.0,0.25,0.35,62,0.3752318473936703,ok,0,9,7,0.0
chb08,chb08_21.edf,904.0,908.0,0.25,0.35,63,0.18011082217599067,ok,0,8,6,0.0
chb08,chb08_21.edf,904.0,908.0,0.25,0.35,64,0.8754909611084633,ok,0,9,8,0.0
chb08,chb08_21.edf,904.0,908.0,0.25,0.35,65,0.9797540890510965,ok,0,12,11,0.0
chb08,chb08_21.edf,904.0,908.0,0.25,0.35,66,0.3455869941264749,ok,0,11,9,0.0
chb08,chb08_21.edf,904.0,908.0,0.25,0.35,67,0.5163240000431868,ok,0,12,11,0.0
chb08,chb08_21.edf,904.0,908.0,0.25,0.35,68,1.046349240967186,ok,0,10,9,0.0
chb08,chb08_21.edf,904.0,908.0,0.25,0.35,69,1.241548694349417,ok,0,10,8,0.0
chb08,chb08_21.edf,904.0,908.0,0.25,0.35,70,0.2793983295119334,ok,0,9,8,0.0
chb08,chb08_21.edf,904.0,908.0,0.25,0.35,71,1.3329546294042531,ok,0,14,12,0.0
chb08,chb08_21.edf,904.0,908.0,0.25,0.35,72,1.3479668110204819,ok,0,10,8,0.0
chb08,chb08_21.edf,904.0,908.0,0.25,0.35,73,0.5139191602049942,ok,0,9,8,0.0
chb08,chb08_21.edf,904.0,908.0,0.25,0.35,74,0.6112674682930557,ok,0,11,8,0.0
chb08,chb08_21.edf,904.0,908.0,0.25,0.35,75,0.6366687309922168,ok,0,10,9,0.0
chb08,chb08_21.edf,904.0,908.0,0.25,0.35,76,1.0111452029837773,ok,0,12,11,0.0
chb08,chb08_21.edf,904.0,908.0,0.25,0.35,77,1.0198604286431217,ok,0,5,4,0.0
chb08,chb08_21.edf,904.0,908.0,0.25,0.35,78,1.6933187713743432,ok,0,9,7,0.0
chb08,chb08_21.edf,904.0,908.0,0.25,0.35,79,0.18810959775578426,ok,0,6,5,0.0
chb08,chb08_21.edf,904.0,908.0,0.25,0.35,80,0.20564400731689522,ok,0,13,11,0.0
chb08,chb08_21.edf,904.0,908.0,0.25,0.35,81,1.3487816138931745,ok,0,10,9,0.0
chb08,chb08_21.edf,904.0,908.0,0.25,0.7,62,0.3752318473936703,ok,0,9,7,0.0
chb08,chb08_21.edf,904.0,908.0,0.25,0.7,63,0.18641564359787,ok,0,8,6,0.0
chb08,chb08_21.edf,904.0,908.0,0.25,0.7,64,0.7897646515971697,ok,0,8,7,0.0
chb08,chb08_21.edf,904.0,908.0,0.25,0.7,65,0.7957319205688802,ok,0,13,12,0.0
chb08,chb08_21.edf,904.0,908.0,0.25,0.7,66,0.3455869941264749,ok,0,11,9,0.0
chb08,chb08_21.edf,904.0,908.0,0.25,0.7,67,0.9423545916057632,ok,0,7,6,0.0
chb08,chb08_21.edf,904.0,908.0,0.25,0.7,68,1.2608705039107964,ok,0,8,7,0.0
chb08,chb08_21.edf,904.0,908.0,0.25,0.7,69,1.1493918036983863,ok,0,9,7,0.0
chb08,chb08_21.edf,904.0,908.0,0.25,0.7,70,0.2793983295119334,ok,0,9,8,0.0
chb08,chb08_21.edf,904.0,908.0,0.25,0.7,71,1.3668271700672627,ok,0,15,12,0.0
chb08,chb08_21.edf,904.0,908.0,0.25,0.7,72,1.342584783257957,ok,0,10,8,0.0
chb08,chb08_21.edf,904.0,908.0,0.25,0.7,73,0.5139191602049942,ok,0,9,8,0.0
chb08,chb08_21.edf,904.0,908.0,0.25,0.7,74,0.5355820969532135,ok,0,11,10,0.0
chb08,chb08_21.edf,904.0,908.0,0.25,0.7,75,0.7861128415326816,ok,0,10,9,0.0
chb08,chb08_21.edf,904.0,908.0,0.25,0.7,76,0.4367964414545083,ok,0,10,9,0.0
chb08,chb08_21.edf,904.0,908.0,0.25,0.7,77,0.9359297350567449,ok,0,6,4,0.0
chb08,chb08_21.edf,904.0,908.0,0.25,0.7,78,1.7825083042363952,ok,0,10,8,0.0
chb08,chb08_21.edf,904.0,908.0,0.25,0.7,79,0.12174429546236758,ok,0,8,6,0.0
chb08,chb08_21.edf,904.0,908.0,0.25,0.7,80,0.5488294399099802,ok,0,13,11,0.0
chb08,chb08_21.edf,904.0,908.0,0.25,0.7,81,1.2517780707450488,ok,0,9,8,0.0
chb08,chb08_21.edf,904.0,908.0,0.5,0.0,62,0.5712931377579745,ok,0,12,11,0.0
chb08,chb08_21.edf,904.0,908.0,0.5,0.0,63,0.16726057798219393,ok,0,8,7,0.0
chb08,chb08_21.edf,904.0,908.0,0.5,0.0,64,0.19637001542360058,ok,0,9,8,0.0
chb08,chb08_21.edf,904.0,908.0,0.5,0.0,65,0.546024803519956,ok,0,10,8,0.0
chb08,chb08_21.edf,904.0,908.0,0.5,0.0,66,0.3428004452807938,ok,0,11,9,0.0
chb08,chb08_21.edf,904.0,908.0,0.5,0.0,67,0.9454773281444654,ok,0,7,6,0.0
chb08,chb08_21.edf,904.0,908.0,0.5,0.0,68,1.2291207868644798,ok,0,12,11,0.0
chb08,chb08_21.edf,904.0,908.0,0.5,0.0,69,1.1682562182790923,ok,0,9,7,0.0
chb08,chb08_21.edf,904.0,908.0,0.5,0.0,70,0.5111811702061327,ok,0,14,13,0.0
chb08,chb08_21.edf,904.0,908.0,0.5,0.0,71,1.8179982256514546,ok,0,11,9,0.0
chb08,chb08_21.edf,904.0,908.0,0.5,0.0,72,0.18642507739616473,ok,0,6,5,0.0
chb08,chb08_21.edf,904.0,908.0,0.5,0.0,73,0.6286253346157429,ok,0,10,9,0.0
chb08,chb08_21.edf,904.0,908.0,0.5,0.0,74,0.6476197533905482,ok,0,9,7,0.0
chb08,chb08_21.edf,904.0,908.0,0.5,0.0,75,0.9626906857352386,ok,0,12,10,0.0
chb08,chb08_21.edf,904.0,908.0,0.5,0.0,76,0.48840569686484475,ok,0,10,9,0.0
chb08,chb08_21.edf,904.0,908.0,0.5,0.0,77,1.4397992123948258,ok,0,10,9,0.0
chb08,chb08_21.edf,904.0,908.0,0.5,0.0,78,0.8783739115481473,ok,0,10,9,0.0
chb08,chb08_21.edf,904.0,908.0,0.5,0.0,79,0.6660998123404629,ok,0,8,7,0.0
chb08,chb08_21.edf,904.0,908.0,0.5,0.0,80,0.48943288169382493,ok,0,10,8,0.0
chb08,chb08_21.edf,904.0,908.0,0.5,0.0,81,1.3487816138931745,ok,0,10,9,0.0
chb08,chb08_21.edf,904.0,908.0,0.5,0.175,62,0.5712931377579745,ok,0,12,11,0.0
chb08,chb08_21.edf,904.0,908.0,0.5,0.175,63,0.2173990092096237,ok,0,9,8,0.0
chb08,chb08_21.edf,904.0,908.0,0.5,0.175,64,0.33066737835270793,ok,0,10,9,0.0
chb08,chb08_21.edf,904.0,908.0,0.5,0.175,65,0.546024803519956,ok,0,10,8,0.0
chb08,chb08_21.edf,904.0,908.0,0.5,0.175,66,0.3455869941264749,ok,0,11,9,0.0
chb08,chb08_21.edf,904.0,908.0,0.5,0.175,67,0.9454773281444654,ok,0,7,6,0.0
chb08,chb08_21.edf,904.0,908.0,0.5,0.175,68,1.2280564920118564,ok,0,12,11,0.0
chb08,chb08_21.edf,904.0,908.0,0.5,0.175,69,1.2636524125816837,ok,0,9,8,0.0
chb08,chb08_21.edf,904.0,908.0,0.5,0.175,70,0.5111811702061327,ok,0,14,13,0.0
chb08,chb08_21.edf,904.0,908.0,0.5,0.175,71,1.8179982256514546,ok,0,11,9,0.0
chb08,chb08_21.edf,904.0,908.0,0.5,0.175,72,0.18642507739616473,ok,0,6,5,0.0
chb08,chb08_21.edf,904.0,908.0,0.5,0.175,73,0.6562848932899151,ok,0,11,10,0.0
chb08,chb08_21.edf,904.0,908.0,0.5,0.175,74,0.655280757217913,ok,0,10,8,0.0
chb08,chb08_21.edf,904.0,908.0,0.5,0.175,75,0.9626906857352386,ok,0,12,10,0.0
chb08,chb08_21.edf,904.0,908.0,0.5,0.175,76,0.48840569686484475,ok,0,10,9,0.0
chb08,chb08_21.edf,904.0,908.0,0.5,0.175,77,1.4299542702424968,ok,0,10,9,0.0
chb08,chb08_21.edf,904.0,908.0,0.5,0.175,78,0.876475497501451,ok,0,10,9,0.0
chb08,chb08_21.edf,904.0,908.0,0.5,0.175,79,0.6660998123404629,ok,0,8,7,0.0
chb08,chb08_21.edf,904.0,908.0,0.5,0.175,80,0.7001723173641382,ok,0,11,9,0.0
chb08,chb08_21.edf,904.0,908.0,0.5,0.175,81,1.3487816138931745,ok,0,10,9,0.0
chb08,chb08_21.edf,904.0,908.0,0.5,0.35,62,0.6240882877205884,ok,0,13,12,0.0
chb08,chb08_21.edf,904.0,908.0,0.5,0.35,63,0.20327063173321128,ok,0,9,8,0.0
chb08,chb08_21.edf,904.0,908.0,0.5,0.35,64,0.33066737835270793,ok,0,10,9,0.0
chb08,chb08_21.edf,904.0,908.0,0.5,0.35,65,0.546024803519956,ok,0,10,8,0.0
chb08,chb08_21.edf,904.0,908.0,0.5,0.35,66,0.3455869941264749,ok,0,11,9,0.0
chb08,chb08_21.edf,904.0,908.0,0.5,0.35,67,0.9880734755209108,ok,0,7,6,0.0
chb08,chb08_21.edf,904.0,908.0,0.5,0.35,68,1.3920477991310247,ok,0,12,11,0.0
chb08,chb08_21.edf,904.0,908.0,0.5,0.35,69,1.2636524125816837,ok,0,9,8,0.0
chb08,chb08_21.edf,904.0,908.0,0.5,0.35,70,0.5111811702061327,ok,0,14,13,0.0
chb08,chb08_21.edf,904.0,908.0,0.5,0.35,71,1.4997863260173327,ok,0,13,11,0.0
chb08,chb08_21.edf,904.0,908.0,0.5,0.35,72,1.669875967966309,ok,0,7,6,0.0
chb08,chb08_21.edf,904.0,908.0,0.5,0.35,73,0.605783100866081,ok,0,10,9,0.0
chb08,chb08_21.edf,904.0,908.0,0.5,0.35,74,0.7441414072922211,ok,0,9,8,0.0
chb08,chb08_21.edf,904.0,908.0,0.5,0.35,75,1.0130965411336024,ok,0,11,9,0.0
chb08,chb08_21.edf,904.0,908.0,0.5,0.35,76,0.48840569686484475,ok,0,10,9,0.0
chb08,chb08_21.edf,904.0,908.0,0.5,0.35,77,1.2738014913376523,ok,0,10,8,0.0
chb08,chb08_21.edf,904.0,908.0,0.5,0.35,78,0.8764887874006564,ok,0,10,9,0.0
chb08,chb08_21.edf,904.0,908.0,0.5,0.35,79,0.6660998123404629,ok,0,8,7,0.0
chb08,chb08_21.edf,904.0,908.0,0.5,0.35,80,1.0409944893311094,ok,0,9,7,0.0
chb08,chb08_21.edf,904.0,908.0,0.5,0.35,81,1.3487816138931745,ok,0,10,9,0.0
chb08,chb08_21.edf,904.0,908.0,0.5,0.7,62,0.6587206786417045,ok,0,12,11,0.0
chb08,chb08_21.edf,904.0,908.0,0.5,0.7,63,0.5639208520976641,ok,0,9,7,0.0
chb08,chb08_21.edf,904.0,908.0,0.5,0.7,64,0.2603753647673537,ok,0,8,7,0.0
chb08,chb08_21.edf,904.0,908.0,0.5,0.7,65,0.5816266869948237,ok,0,10,8,0.0
chb08,chb08_21.edf,904.0,908.0,0.5,0.7,66,0.3455869941264749,ok,0,11,9,0.0
chb08,chb08_21.edf,904.0,908.0,0.5,0.7,67,0.9880734755209108,ok,0,7,6,0.0
chb08,chb08_21.edf,904.0,908.0,0.5,0.7,68,1.397359659213473,ok,0,10,9,0.0
chb08,chb08_21.edf,904.0,908.0,0.5,0.7,69,1.2636524125816837,ok,0,9,8,0.0
chb08,chb08_21.edf,904.0,908.0,0.5,0.7,70,0.5111811702061327,ok,0,14,13,0.0
chb08,chb08_21.edf,904.0,908.0,0.5,0.7,71,1.5147466275651045,ok,0,12,10,0.0
chb08,chb08_21.edf,904.0,908.0,0.5,0.7,72,1.669875967966309,ok,0,7,6,0.0
chb08,chb08_21.edf,904.0,908.0,0.5,0.7,73,0.6589560383736298,ok,0,9,8,0.0
chb08,chb08_21.edf,904.0,908.0,0.5,0.7,74,0.8058483757676969,ok,0,10,9,0.0
chb08,chb08_21.edf,904.0,908.0,0.5,0.7,75,0.919664566297585,ok,0,10,8,0.0
chb08,chb08_21.edf,904.0,908.0,0.5,0.7,76,0.4917726859794421,ok,0,11,10,0.0
chb08,chb08_21.edf,904.0,908.0,0.5,0.7,77,1.099968141178635,ok,0,8,6,0.0
chb08,chb08_21.edf,904.0,908.0,0.5,0.7,78,0.4652941378747434,ok,0,11,9,0.0
chb08,chb08_21.edf,904.0,908.0,0.5,0.7,79,0.5037586723819253,ok,0,8,7,0.0
chb08,chb08_21.edf,904.0,908.0,0.5,0.7,80,0.9994053539964866,ok,0,8,6,0.0
chb08,chb08_21.edf,904.0,908.0,0.5,0.7,81,1.221756650452457,ok,0,9,7,0.0
chb08,chb08_21.edf,904.0,908.0,1.0,0.0,62,0.7743914046997703,ok,0,11,10,0.0
chb08,chb08_21.edf,904.0,908.0,1.0,0.0,63,0.21488489744161204,ok,0,8,7,0.0
chb08,chb08_21.edf,904.0,908.0,1.0,0.0,64,0.17192047651837583,ok,0,10,9,0.0
chb08,chb08_21.edf,904.0,908.0,1.0,0.0,65,0.48620003231413916,ok,0,12,9,0.0
chb08,chb08_21.edf,904.0,908.0,1.0,0.0,66,1.3756822323974554,ok,0,13,11,0.0
chb08,chb08_21.edf,904.0,908.0,1.0,0.0,67,1.0067830609804835,ok,0,9,8,0.0
chb08,chb08_21.edf,904.0,908.0,1.0,0.0,68,1.5176810316646947,ok,0,13,11,0.0
chb08,chb08_21.edf,904.0,908.0,1.0,0.0,69,1.0610836315798138,ok,0,8,5,0.0
chb08,chb08_21.edf,904.0,908.0,1.0,0.0,70,0.981919803246944,ok,0,12,11,0.0
chb08,chb08_21.edf,904.0,908.0,1.0,0.0,71,1.7937447317653397,ok,0,10,8,0.0
chb08,chb08_21.edf,904.0,908.0,1.0,0.0,72,0.18642507739616473,ok,0,6,5,0.0
chb08,chb08_21.edf,904.0,908.0,1.0,0.0,73,0.5987516059102022,ok,0,9,8,0.0
chb08,chb08_21.edf,904.0,908.0,1.0,0.0,74,0.6443582292066723,ok,0,11,10,0.0
chb08,chb08_21.edf,904.0,908.0,1.0,0.0,75,1.65888681246551,ok,0,10,7,0.0
chb08,chb08_21.edf,904.0,908.0,1.0,0.0,76,0.22553402254439306,ok,0,12,11,0.0
chb08,chb08_21.edf,904.0,908.0,1.0,0.0,77,1.261454559020981,ok,0,10,9,0.0
chb08,chb08_21.edf,904.0,908.0,1.0,0.0,78,1.9856992051961986,ok,0,12,11,0.0
chb08,chb08_21.edf,904.0,908.0,1.0,0.0,79,0.1609368397508929,ok,0,7,6,0.0
chb08,chb08_21.edf,904.0,908.0,1.0,0.0,80,0.8375512923759941,ok,0,11,9,0.0
chb08,chb08_21.edf,904.0,908.0,1.0,0.0,81,1.3218647883394035,ok,0,10,8,0.0
chb08,chb08_21.edf,904.0,908.0,1.0,0.175,62,0.8181096350347377,ok,0,12,11,0.0
chb08,chb08_21.edf,904.0,908.0,1.0,0.175,63,0.21488489744161204,ok,0,8,7,0.0
chb08,chb08_21.edf,904.0,908.0,1.0,0.175,64,0.18153227362254462,ok,0,10,9,0.0
chb08,chb08_21.edf,904.0,908.0,1.0,0.175,65,0.49292157435773215,ok,0,12,10,0.0
chb08,chb08_21.edf,904.0,908.0,1.0,0.175,66,1.5167540848237777,ok,0,12,10,0.0
chb08,chb08_21.edf,904.0,908.0,1.0,0.175,67,1.0067830609804835,ok,0,9,8,0.0
chb08,chb08_21.edf,904.0,908.0,1.0,0.175,68,0.24501539562955854,ok,0,12,10,0.0
chb08,chb08_21.edf,904.0,908.0,1.0,0.175,69,1.0610836315798138,ok,0,8,5,0.0
chb08,chb08_21.edf,904.0,908.0,1.0,0.175,70,1.0713161689866328,ok,0,12,9,0.0
chb08,chb08_21.edf,904.0,908.0,1.0,0.175,71,1.7937447317653397,ok,0,10,8,0.0
chb08,chb08_21.edf,904.0,908.0,1.0,0.175,72,0.18642507739616473,ok,0,6,5,0.0
chb08,chb08_21.edf,904.0,908.0,1.0,0.175,73,0.6119902858539218,ok,0,8,7,0.0
chb08,chb08_21.edf,904.0,908.0,1.0,0.175,74,0.6350740116464734,ok,0,11,10,0.0
chb08,chb08_21.edf,904.0,908.0,1.0,0.175,75,1.6701884111809937,ok,0,9,6,0.0
chb08,chb08_21.edf,904.0,908.0,1.0,0.175,76,0.21554187051388352,ok,0,13,12,0.0
chb08,chb08_21.edf,904.0,908.0,1.0,0.175,77,1.1993834364071327,ok,0,9,8,0.0
chb08,chb08_21.edf,904.0,908.0,1.0,0.175,78,2.0008167178077203,ok,0,11,10,0.0
chb08,chb08_21.edf,904.0,908.0,1.0,0.175,79,0.1609368397508929,ok,0,7,6,0.0
chb08,chb08_21.edf,904.0,908.0,1.0,0.175,80,0.847592558041268,ok,0,12,10,0.0
chb08,chb08_21.edf,904.0,908.0,1.0,0.175,81,1.215686175817603,ok,0,9,7,0.0
chb08,chb08_21.edf,904.0,908.0,1.0,0.35,62,0.8181096350347377,ok,0,12,11,0.0
chb08,chb08_21.edf,904.0,908.0,1.0,0.35,63,0.12926593967966718,ok,0,7,5,0.0
chb08,chb08_21.edf,904.0,908.0,1.0,0.35,64,0.18153227362254462,ok,0,10,9,0.0
chb08,chb08_21.edf,904.0,908.0,1.0,0.35,65,0.49292157435773215,ok,0,12,10,0.0
chb08,chb08_21.edf,904.0,908.0,1.0,0.35,66,1.4228765045277283,ok,0,11,9,0.0
chb08,chb08_21.edf,904.0,908.0,1.0,0.35,67,1.0067830609804835,ok,0,9,8,0.0
chb08,chb08_21.edf,904.0,908.0,1.0,0.35,68,0.24501539562955854,ok,0,12,10,0.0
chb08,chb08_21.edf,904.0,908.0,1.0,0.35,69,1.0610836315798138,ok,0,8,5,0.0
chb08,chb08_21.edf,904.0,908.0,1.0,0.35,70,1.0713161689866328,ok,0,12,9,0.0
chb08,chb08_21.edf,904.0,908.0,1.0,0.35,71,1.5639309846939895,ok,0,12,9,0.0
chb08,chb08_21.edf,904.0,908.0,1.0,0.35,72,0.18642507739616473,ok,0,6,5,0.0
chb08,chb08_21.edf,904.0,908.0,1.0,0.35,73,0.6119902858539218,ok,0,8,7,0.0
chb08,chb08_21.edf,904.0,908.0,1.0,0.35,74,0.6350740116464734,ok,0,11,10,0.0
chb08,chb08_21.edf,904.0,908.0,1.0,0.35,75,1.6701884111809937,ok,0,9,6,0.0
chb08,chb08_21.edf,904.0,908.0,1.0,0.35,76,0.21554187051388352,ok,0,13,12,0.0
chb08,chb08_21.edf,904.0,908.0,1.0,0.35,77,1.0963077589908394,ok,0,7,6,0.0
chb08,chb08_21.edf,904.0,908.0,1.0,0.35,78,2.0007470558807694,ok,0,11,10,0.0
chb08,chb08_21.edf,904.0,908.0,1.0,0.35,79,0.1609368397508929,ok,0,7,6,0.0
chb08,chb08_21.edf,904.0,908.0,1.0,0.35,80,0.8460001481744026,ok,0,12,10,0.0
chb08,chb08_21.edf,904.0,908.0,1.0,0.35,81,1.215686175817603,ok,0,9,7,0.0
chb08,chb08_21.edf,904.0,908.0,1.0,0.7,62,0.8181096350347377,ok,0,12,11,0.0
chb08,chb08_21.edf,904.0,908.0,1.0,0.7,63,0.1112247747410528,ok,0,7,5,0.0
chb08,chb08_21.edf,904.0,908.0,1.0,0.7,64,0.18290100779949145,ok,0,9,8,0.0
chb08,chb08_21.edf,904.0,908.0,1.0,0.7,65,0.4495805831064902,ok,0,11,10,0.0
chb08,chb08_21.edf,904.0,908.0,1.0,0.7,66,1.4228765045277283,ok,0,11,9,0.0
chb08,chb08_21.edf,904.0,908.0,1.0,0.7,67,1.0276695755361174,ok,0,9,8,0.0
chb08,chb08_21.edf,904.0,908.0,1.0,0.7,68,0.2586107744948662,ok,0,11,9,0.0
chb08,chb08_21.edf,904.0,908.0,1.0,0.7,69,1.20327226737019,ok,0,8,6,0.0
chb08,chb08_21.edf,904.0,908.0,1.0,0.7,70,1.4036960699091838,ok,0,10,7,0.0
chb08,chb08_21.edf,904.0,908.0,1.0,0.7,71,1.6015080442065344,ok,0,13,11,0.0
chb08,chb08_21.edf,904.0,908.0,1.0,0.7,72,0.18642507739616473,ok,0,6,5,0.0
chb08,chb08_21.edf,904.0,908.0,1.0,0.7,73,0.677113768574006,ok,0,9,8,0.0
chb08,chb08_21.edf,904.0,908.0,1.0,0.7,74,0.7366349252978053,ok,0,12,11,0.0
chb08,chb08_21.edf,904.0,908.0,1.0,0.7,75,0.09931587291731003,ok,0,9,7,0.0
chb08,chb08_21.edf,904.0,908.0,1.0,0.7,76,0.26979977611539857,ok,0,12,11,0.0
chb08,chb08_21.edf,904.0,908.0,1.0,0.7,77,1.0571455151694729,ok,0,8,7,0.0
chb08,chb08_21.edf,904.0,908.0,1.0,0.7,78,1.7861142414878195,ok,0,10,8,0.0
chb08,chb08_21.edf,904.0,908.0,1.0,0.7,79,0.1609368397508929,ok,0,7,6,0.0
chb08,chb08_21.edf,904.0,908.0,1.0,0.7,80,0.9247189330305209,ok,0,11,9,0.0
chb08,chb08_21.edf,904.0,908.0,1.0,0.7,81,1.225960337955748,ok,0,8,6,0.0
chb08,chb08_21.edf,2700.0,2704.0,0.25,0.0,62,0.6171842911523988,ok,0,10,9,0.0
chb08,chb08_21.edf,2700.0,2704.0,0.25,0.0,63,2.043747370146671,ok,0,9,8,0.0
chb08,chb08_21.edf,2700.0,2704.0,0.25,0.0,64,0.8756532617719204,ok,0,9,8,0.0
chb08,chb08_21.edf,2700.0,2704.0,0.25,0.0,65,0.9667718123938864,ok,0,11,10,0.0
chb08,chb08_21.edf,2700.0,2704.0,0.25,0.0,66,0.3631787913269073,ok,0,11,9,0.0
chb08,chb08_21.edf,2700.0,2704.0,0.25,0.0,67,0.8092054221906116,ok,0,11,9,0.0
chb08,chb08_21.edf,2700.0,2704.0,0.25,0.0,68,0.9681035064574081,ok,0,9,8,0.0
chb08,chb08_21.edf,2700.0,2704.0,0.25,0.0,69,1.241548694349417,ok,0,10,8,0.0
chb08,chb08_21.edf,2700.0,2704.0,0.25,0.0,70,0.2793983295119334,ok,0,9,8,0.0
chb08,chb08_21.edf,2700.0,2704.0,0.25,0.0,71,1.5904417843670142,ok,0,12,11,0.0
chb08,chb08_21.edf,2700.0,2704.0,0.25,0.0,72,0.9990557900479503,ok,0,11,9,0.0
chb08,chb08_21.edf,2700.0,2704.0,0.25,0.0,73,0.4814093715175572,ok,0,8,7,0.0
chb08,chb08_21.edf,2700.0,2704.0,0.25,0.0,74,0.6162790697674418,ok,0,11,8,0.0
chb08,chb08_21.edf,2700.0,2704.0,0.25,0.0,75,0.35394981220923855,ok,0,12,11,0.0
chb08,chb08_21.edf,2700.0,2704.0,0.25,0.0,76,0.3909772130214703,ok,0,12,11,0.0
chb08,chb08_21.edf,2700.0,2704.0,0.25,0.0,77,0.9447730595988872,ok,0,6,4,0.0
chb08,chb08_21.edf,2700.0,2704.0,0.25,0.0,78,1.3483863463099397,ok,0,11,10,0.0
chb08,chb08_21.edf,2700.0,2704.0,0.25,0.0,79,0.1609368397508929,ok,0,7,6,0.0
chb08,chb08_21.edf,2700.0,2704.0,0.25,0.0,80,0.1797136108456547,ok,0,12,10,0.0
chb08,chb08_21.edf,2700.0,2704.0,0.25,0.0,81,1.4033891062507988,ok,0,10,7,0.0
chb08,chb08_21.edf,2700.0,2704.0,0.25,0.175,62,0.7987387632975776,ok,0,12,11,0.0
chb08,chb08_21.edf,2700.0,2704.0,0.25,0.175,63,0.22908589338703725,ok,0,8,7,0.0
chb08,chb08_21.edf,2700.0,2704.0,0.25,0.175,64,0.8756532617719204,ok,0,9,8,0.0
chb08,chb08_21.edf,2700.0,2704.0,0.25,0.175,65,1.4959296639228927,ok,0,11,9,0.0
chb08,chb08_21.edf,2700.0,2704.0,0.25,0.175,66,0.3428004452807938,ok,0,11,9,0.0
chb08,chb08_21.edf,2700.0,2704.0,0.25,0.175,67,0.3032497609255295,ok,0,10,8,0.0
chb08,chb08_21.edf,2700.0,2704.0,0.25,0.175,68,0.8821717639524773,ok,0,8,7,0.0
chb08,chb08_21.edf,2700.0,2704.0,0.25,0.175,69,1.2745576138377068,ok,0,11,9,0.0
chb08,chb08_21.edf,2700.0,2704.0,0.25,0.175,70,0.2793983295119334,ok,0,9,8,0.0
chb08,chb08_21.edf,2700.0,2704.0,0.25,0.175,71,1.5904417843670142,ok,0,12,11,0.0
chb08,chb08_21.edf,2700.0,2704.0,0.25,0.175,72,1.0189295409461563,ok,0,10,8,0.0
chb08,chb08_21.edf,2700.0,2704.0,0.25,0.175,73,0.5470562007222779,ok,0,8,5,0.0
chb08,chb08_21.edf,2700.0,2704.0,0.25,0.175,74,0.35069153462949404,ok,0,12,9,0.0
chb08,chb08_21.edf,2700.0,2704.0,0.25,0.175,75,0.39215394067812964,ok,0,12,11,0.0
chb08,chb08_21.edf,2700.0,2704.0,0.25,0.175,76,0.6458582493463446,ok,0,11,10,0.0
chb08,chb08_21.edf,2700.0,2704.0,0.25,0.175,77,0.9447730595988872,ok,0,6,4,0.0
chb08,chb08_21.edf,2700.0,2704.0,0.25,0.175,78,1.7982228807586338,ok,0,9,8,0.0
chb08,chb08_21.edf,2700.0,2704.0,0.25,0.175,79,0.1609368397508929,ok,0,7,6,0.0
chb08,chb08_21.edf,2700.0,2704.0,0.25,0.175,80,0.20805602846257226,ok,0,12,9,0.0
chb08,chb08_21.edf,2700.0,2704.0,0.25,0.175,81,1.3581803730064115,ok,0,9,6,0.0
chb08,chb08_21.edf,2700.0,2704.0,0.25,0.35,62,0.7868158256121197,ok,0,8,7,0.0
chb08,chb08_21.edf,2700.0,2704.0,0.25,0.35,63,0.22908589338703725,ok,0,8,7,0.0
chb08,chb08_21.edf,2700.0,2704.0,0.25,0.35,64,1.330661639806081,ok,0,8,7,0.0
chb08,chb08_21.edf,2700.0,2704.0,0.25,0.35,65,1.2437332549040312,ok,0,10,8,0.0
chb08,chb08_21.edf,2700.0,2704.0,0.25,0.35,66,0.3428004452807938,ok,0,11,9,0.0
chb08,chb08_21.edf,2700.0,2704.0,0.25,0.35,67,0.5527033601795724,ok,0,8,7,0.0
chb08,chb08_21.edf,2700.0,2704.0,0.25,0.35,68,0.6895700455266859,ok,0,9,8,0.0
chb08,chb08_21.edf,2700.0,2704.0,0.25,0.35,69,1.1600628290169734,ok,0,10,8,0.0
chb08,chb08_21.edf,2700.0,2704.0,0.25,0.35,70,0.22757873597035821,ok,0,9,8,0.0
chb08,chb08_21.edf,2700.0,2704.0,0.25,0.35,71,1.6099393362383558,ok,0,12,11,0.0
chb08,chb08_21.edf,2700.0,2704.0,0.25,0.35,72,0.9765956320254637,ok,0,9,8,0.0
chb08,chb08_21.edf,2700.0,2704.0,0.25,0.35,73,0.6093589002818186,ok,0,7,5,0.0
chb08,chb08_21.edf,2700.0,2704.0,0.25,0.35,74,0.5237304199796603,ok,0,10,8,0.0
chb08,chb08_21.edf,2700.0,2704.0,0.25,0.35,75,0.5581157353061477,ok,0,13,12,0.0
chb08,chb08_21.edf,2700.0,2704.0,0.25,0.35,76,1.0005015122368073,ok,0,12,11,0.0
chb08,chb08_21.edf,2700.0,2704.0,0.25,0.35,77,0.8585798431358242,ok,0,7,5,0.0
chb08,chb08_21.edf,2700.0,2704.0,0.25,0.35,78,1.684723166792808,ok,0,9,7,0.0
chb08,chb08_21.edf,2700.0,2704.0,0.25,0.35,79,0.1609368397508929,ok,0,7,6,0.0
chb08,chb08_21.edf,2700.0,2704.0,0.25,0.35,80,0.20805602846257226,ok,0,12,9,0.0
chb08,chb08_21.edf,2700.0,2704.0,0.25,0.35,81,1.3457779479260192,ok,0,10,7,0.0
chb08,chb08_21.edf,2700.0,2704.0,0.25,0.7,62,0.7188702347411471,ok,0,10,9,0.0
chb08,chb08_21.edf,2700.0,2704.0,0.25,0.7,63,0.1424438294834653,ok,0,8,6,0.0
chb08,chb08_21.edf,2700.0,2704.0,0.25,0.7,64,1.2852928681493283,ok,0,9,7,0.0
chb08,chb08_21.edf,2700.0,2704.0,0.25,0.7,65,1.2756821818596271,ok,0,11,9,0.0
chb08,chb08_21.edf,2700.0,2704.0,0.25,0.7,66,0.3428004452807938,ok,0,11,9,0.0
chb08,chb08_21.edf,2700.0,2704.0,0.25,0.7,67,0.5136874343799511,ok,0,9,8,0.0
chb08,chb08_21.edf,2700.0,2704.0,0.25,0.7,68,0.6978171262240116,ok,0,8,7,0.0
chb08,chb08_21.edf,2700.0,2704.0,0.25,0.7,69,0.9541804162392995,ok,0,13,10,0.0
chb08,chb08_21.edf,2700.0,2704.0,0.25,0.7,70,0.4174706941105137,ok,0,10,9,0.0
chb08,chb08_21.edf,2700.0,2704.0,0.25,0.7,71,1.5671273200351614,ok,0,12,11,0.0
chb08,chb08_21.edf,2700.0,2704.0,0.25,0.7,72,1.175491910951833,ok,0,9,8,0.0
chb08,chb08_21.edf,2700.0,2704.0,0.25,0.7,73,0.5520630965310399,ok,0,8,6,0.0
chb08,chb08_21.edf,2700.0,2704.0,0.25,0.7,74,0.5135341494082413,ok,0,10,8,0.0
chb08,chb08_21.edf,2700.0,2704.0,0.25,0.7,75,0.5577354422006171,ok,0,14,13,0.0
chb08,chb08_21.edf,2700.0,2704.0,0.25,0.7,76,1.0464605949747412,ok,0,10,8,0.0
chb08,chb08_21.edf,2700.0,2704.0,0.25,0.7,77,1.1351653093890708,ok,0,6,5,0.0
chb08,chb08_21.edf,2700.0,2704.0,0.25,0.7,78,1.376539505555917,ok,0,8,7,0.0
chb08,chb08_21.edf,2700.0,2704.0,0.25,0.7,79,0.1609368397508929,ok,0,7,6,0.0
chb08,chb08_21.edf,2700.0,2704.0,0.25,0.7,80,0.20151451861878789,ok,0,12,9,0.0
chb08,chb08_21.edf,2700.0,2704.0,0.25,0.7,81,1.297668568457238,ok,0,9,7,0.0
chb08,chb08_21.edf,2700.0,2704.0,0.5,0.0,62,0.5712931377579745,ok,0,12,11,0.0
chb08,chb08_21.edf,2700.0,2704.0,0.5,0.0,63,0.16726057798219393,ok,0,8,7,0.0
chb08,chb08_21.edf,2700.0,2704.0,0.5,0.0,64,0.19637001542360058,ok,0,9,8,0.0
chb08,chb08_21.edf,2700.0,2704.0,0.5,0.0,65,0.546024803519956,ok,0,10,8,0.0
chb08,chb08_21.edf,2700.0,2704.0,0.5,0.0,66,0.3428004452807938,ok,0,11,9,0.0
chb08,chb08_21.edf,2700.0,2704.0,0.5,0.0,67,0.9454773281444654,ok,0,7,6,0.0
chb08,chb08_21.edf,2700.0,2704.0,0.5,0.0,68,1.2291207868644798,ok,0,12,11,0.0
chb08,chb08_21.edf,2700.0,2704.0,0.5,0.0,69,1.1682562182790923,ok,0,9,7,0.0
chb08,chb08_21.edf,2700.0,2704.0,0.5,0.0,70,0.5111811702061327,ok,0,14,13,0.0
chb08,chb08_21.edf,2700.0,2704.0,0.5,0.0,71,1.8179982256514546,ok,0,11,9,0.0
chb08,chb08_21.edf,2700.0,2704.0,0.5,0.0,72,0.18642507739616473,ok,0,6,5,0.0
chb08,chb08_21.edf,2700.0,2704.0,0.5,0.0,73,0.6286253346157429,ok,0,10,9,0.0
chb08,chb08_21.edf,2700.0,2704.0,0.5,0.0,74,0.6476197533905482,ok,0,9,7,0.0
chb08,chb08_21.edf,2700.0,2704.0,0.5,0.0,75,0.9626906857352386,ok,0,12,10,0.0
chb08,chb08_21.edf,2700.0,2704.0,0.5,0.0,76,0.48840569686484475,ok,0,10,9,0.0
chb08,chb08_21.edf,2700.0,2704.0,0.5,0.0,77,1.4397992123948258,ok,0,10,9,0.0
chb08,chb08_21.edf,2700.0,2704.0,0.5,0.0,78,0.8783739115481473,ok,0,10,9,0.0
chb08,chb08_21.edf,2700.0,2704.0,0.5,0.0,79,0.6660998123404629,ok,0,8,7,0.0
chb08,chb08_21.edf,2700.0,2704.0,0.5,0.0,80,0.48943288169382493,ok,0,10,8,0.0
chb08,chb08_21.edf,2700.0,2704.0,0.5,0.0,81,1.3487816138931745,ok,0,10,9,0.0
chb08,chb08_21.edf,2700.0,2704.0,0.5,0.175,62,0.5712931377579745,ok,0,12,11,0.0
chb08,chb08_21.edf,2700.0,2704.0,0.5,0.175,63,0.17253466291491212,ok,0,8,7,0.0
chb08,chb08_21.edf,2700.0,2704.0,0.5,0.175,64,0.33066737835270793,ok,0,10,9,0.0
chb08,chb08_21.edf,2700.0,2704.0,0.5,0.175,65,0.5518250131061467,ok,0,10,8,0.0
chb08,chb08_21.edf,2700.0,2704.0,0.5,0.175,66,0.3428004452807938,ok,0,11,9,0.0
chb08,chb08_21.edf,2700.0,2704.0,0.5,0.175,67,0.9454773281444654,ok,0,7,6,0.0
chb08,chb08_21.edf,2700.0,2704.0,0.5,0.175,68,1.3399986404516504,ok,0,11,10,0.0
chb08,chb08_21.edf,2700.0,2704.0,0.5,0.175,69,1.2192157557534467,ok,0,10,8,0.0
chb08,chb08_21.edf,2700.0,2704.0,0.5,0.175,70,0.4986726691485846,ok,0,14,13,0.0
chb08,chb08_21.edf,2700.0,2704.0,0.5,0.175,71,1.8179982256514546,ok,0,11,9,0.0
chb08,chb08_21.edf,2700.0,2704.0,0.5,0.175,72,0.18642507739616473,ok,0,6,5,0.0
chb08,chb08_21.edf,2700.0,2704.0,0.5,0.175,73,0.6803952529590422,ok,0,11,10,0.0
chb08,chb08_21.edf,2700.0,2704.0,0.5,0.175,74,0.7010243601506043,ok,0,10,8,0.0
chb08,chb08_21.edf,2700.0,2704.0,0.5,0.175,75,0.9304566943784026,ok,0,11,10,0.0
chb08,chb08_21.edf,2700.0,2704.0,0.5,0.175,76,0.48840569686484475,ok,0,10,9,0.0
chb08,chb08_21.edf,2700.0,2704.0,0.5,0.175,77,1.487661106245009,ok,0,9,8,0.0
chb08,chb08_21.edf,2700.0,2704.0,0.5,0.175,78,0.5496293602183737,ok,0,11,10,0.0
chb08,chb08_21.edf,2700.0,2704.0,0.5,0.175,79,0.6660998123404629,ok,0,8,7,0.0
chb08,chb08_21.edf,2700.0,2704.0,0.5,0.175,80,0.9244954663863411,ok,0,10,8,0.0
chb08,chb08_21.edf,2700.0,2704.0,0.5,0.175,81,1.3487816138931745,ok,0,10,9,0.0
chb08,chb08_21.edf,2700.0,2704.0,0.5,0.35,62,0.5712931377579745,ok,0,12,11,0.0
chb08,chb08_21.edf,2700.0,2704.0,0.5,0.35,63,0.21488489744161204,ok,0,8,7,0.0
chb08,chb08_21.edf,2700.0,2704.0,0.5,0.35,64,0.33066737835270793,ok,0,10,9,0.0
chb08,chb08_21.edf,2700.0,2704.0,0.5,0.35,65,0.5941625922831012,ok,0,11,8,0.0
chb08,chb08_21.edf,2700.0,2704.0,0.5,0.35,66,0.3428004452807938,ok,0,11,9,0.0
chb08,chb08_21.edf,2700.0,2704.0,0.5,0.35,67,0.9371652832343319,ok,0,7,6,0.0
chb08,chb08_21.edf,2700.0,2704.0,0.5,0.35,68,1.264869436367093,ok,0,10,9,0.0
chb08,chb08_21.edf,2700.0,2704.0,0.5,0.35,69,1.2193460735415613,ok,0,10,8,0.0
chb08,chb08_21.edf,2700.0,2704.0,0.5,0.35,70,0.4986726691485846,ok,0,14,13,0.0
chb08,chb08_21.edf,2700.0,2704.0,0.5,0.35,71,1.7937447317653397,ok,0,10,8,0.0
chb08,chb08_21.edf,2700.0,2704.0,0.5,0.35,72,0.18642507739616473,ok,0,6,5,0.0
chb08,chb08_21.edf,2700.0,2704.0,0.5,0.35,73,0.5577705757436217,ok,0,9,7,0.0
chb08,chb08_21.edf,2700.0,2704.0,0.5,0.35,74,0.44191818548778533,ok,0,10,8,0.0
chb08,chb08_21.edf,2700.0,2704.0,0.5,0.35,75,0.9892197268708094,ok,0,10,9,0.0
chb08,chb08_21.edf,2700.0,2704.0,0.5,0.35,76,0.49585752748975154,ok,0,11,10,0.0
chb08,chb08_21.edf,2700.0,2704.0,0.5,0.35,77,1.487661106245009,ok,0,9,8,0.0
chb08,chb08_21.edf,2700.0,2704.0,0.5,0.35,78,0.5535302296947162,ok,0,11,9,0.0
chb08,chb08_21.edf,2700.0,2704.0,0.5,0.35,79,0.6660998123404629,ok,0,8,7,0.0
chb08,chb08_21.edf,2700.0,2704.0,0.5,0.35,80,0.839194673925047,ok,0,9,7,0.0
chb08,chb08_21.edf,2700.0,2704.0,0.5,0.35,81,1.3487816138931745,ok,0,10,9,0.0
chb08,chb08_21.edf,2700.0,2704.0,0.5,0.7,62,0.5294834872571414,ok,0,12,10,0.0
chb08,chb08_21.edf,2700.0,2704.0,0.5,0.7,63,0.21488489744161204,ok,0,8,7,0.0
chb08,chb08_21.edf,2700.0,2704.0,0.5,0.7,64,0.33066737835270793,ok,0,10,9,0.0
chb08,chb08_21.edf,2700.0,2704.0,0.5,0.7,65,0.060178895934855633,ok,0,10,6,0.0
chb08,chb08_21.edf,2700.0,2704.0,0.5,0.7,66,0.3428004452807938,ok,0,11,9,0.0
chb08,chb08_21.edf,2700.0,2704.0,0.5,0.7,67,0.8311465637425403,ok,0,6,5,0.0
chb08,chb08_21.edf,2700.0,2704.0,0.5,0.7,68,1.435205056795596,ok,0,9,8,0.0
chb08,chb08_21.edf,2700.0,2704.0,0.5,0.7,69,0.9145782581624367,ok,0,12,9,0.0
chb08,chb08_21.edf,2700.0,2704.0,0.5,0.7,70,0.4986726691485846,ok,0,14,13,0.0
chb08,chb08_21.edf,2700.0,2704.0,0.5,0.7,71,1.7207011645682329,ok,0,11,9,0.0
chb08,chb08_21.edf,2700.0,2704.0,0.5,0.7,72,1.3345306750498112,ok,0,7,6,0.0
chb08,chb08_21.edf,2700.0,2704.0,0.5,0.7,73,0.5896720286749154,ok,0,10,7,0.0
chb08,chb08_21.edf,2700.0,2704.0,0.5,0.7,74,0.609278987432197,ok,0,10,9,0.0
chb08,chb08_21.edf,2700.0,2704.0,0.5,0.7,75,0.9008991160673119,ok,0,10,9,0.0
chb08,chb08_21.edf,2700.0,2704.0,0.5,0.7,76,0.5389394287621943,ok,0,12,10,0.0
chb08,chb08_21.edf,2700.0,2704.0,0.5,0.7,77,1.487661106245009,ok,0,9,8,0.0
chb08,chb08_21.edf,2700.0,2704.0,0.5,0.7,78,0.5204392495660282,ok,0,11,9,0.0
chb08,chb08_21.edf,2700.0,2704.0,0.5,0.7,79,0.6660998123404629,ok,0,8,7,0.0
chb08,chb08_21.edf,2700.0,2704.0,0.5,0.7,80,0.5765617157377737,ok,0,11,9,0.0
chb08,chb08_21.edf,2700.0,2704.0,0.5,0.7,81,1.3487816138931745,ok,0,10,9,0.0
chb08,chb08_21.edf,2700.0,2704.0,1.0,0.0,62,0.7743914046997703,ok,0,11,10,0.0
chb08,chb08_21.edf,2700.0,2704.0,1.0,0.0,63,0.21488489744161204,ok,0,8,7,0.0
chb08,chb08_21.edf,2700.0,2704.0,1.0,0.0,64,0.17192047651837583,ok,0,10,9,0.0
chb08,chb08_21.edf,2700.0,2704.0,1.0,0.0,65,0.48620003231413916,ok,0,12,9,0.0
chb08,chb08_21.edf,2700.0,2704.0,1.0,0.0,66,1.3756822323974554,ok,0,13,11,0.0
chb08,chb08_21.edf,2700.0,2704.0,1.0,0.0,67,1.0067830609804835,ok,0,9,8,0.0
chb08,chb08_21.edf,2700.0,2704.0,1.0,0.0,68,1.5176810316646947,ok,0,13,11,0.0
chb08,chb08_21.edf,2700.0,2704.0,1.0,0.0,69,1.0610836315798138,ok,0,8,5,0.0
chb08,chb08_21.edf,2700.0,2704.0,1.0,0.0,70,0.981919803246944,ok,0,12,11,0.0
chb08,chb08_21.edf,2700.0,2704.0,1.0,0.0,71,1.7937447317653397,ok,0,10,8,0.0
chb08,chb08_21.edf,2700.0,2704.0,1.0,0.0,72,0.18642507739616473,ok,0,6,5,0.0
chb08,chb08_21.edf,2700.0,2704.0,1.0,0.0,73,0.5987516059102022,ok,0,9,8,0.0
chb08,chb08_21.edf,2700.0,2704.0,1.0,0.0,74,0.6443582292066723,ok,0,11,10,0.0
chb08,chb08_21.edf,2700.0,2704.0,1.0,0.0,75,1.65888681246551,ok,0,10,7,0.0
chb08,chb08_21.edf,2700.0,2704.0,1.0,0.0,76,0.22553402254439306,ok,0,12,11,0.0
chb08,chb08_21.edf,2700.0,2704.0,1.0,0.0,77,1.261454559020981,ok,0,10,9,0.0
chb08,chb08_21.edf,2700.0,2704.0,1.0,0.0,78,1.9856992051961986,ok,0,12,11,0.0
chb08,chb08_21.edf,2700.0,2704.0,1.0,0.0,79,0.1609368397508929,ok,0,7,6,0.0
chb08,chb08_21.edf,2700.0,2704.0,1.0,0.0,80,0.8375512923759941,ok,0,11,9,0.0
chb08,chb08_21.edf,2700.0,2704.0,1.0,0.0,81,1.3218647883394035,ok,0,10,8,0.0
chb08,chb08_21.edf,2700.0,2704.0,1.0,0.175,62,0.7743914046997703,ok,0,11,10,0.0
chb08,chb08_21.edf,2700.0,2704.0,1.0,0.175,63,0.21488489744161204,ok,0,8,7,0.0
chb08,chb08_21.edf,2700.0,2704.0,1.0,0.175,64,0.17192047651837583,ok,0,10,9,0.0
chb08,chb08_21.edf,2700.0,2704.0,1.0,0.175,65,0.48620003231413916,ok,0,12,9,0.0
chb08,chb08_21.edf,2700.0,2704.0,1.0,0.175,66,1.3756822323974554,ok,0,13,11,0.0
chb08,chb08_21.edf,2700.0,2704.0,1.0,0.175,67,1.0067830609804835,ok,0,9,8,0.0
chb08,chb08_21.edf,2700.0,2704.0,1.0,0.175,68,1.4403478634378917,ok,0,12,10,0.0
chb08,chb08_21.edf,2700.0,2704.0,1.0,0.175,69,1.133030991562399,ok,0,10,7,0.0
chb08,chb08_21.edf,2700.0,2704.0,1.0,0.175,70,1.0503580581633432,ok,0,12,10,0.0
chb08,chb08_21.edf,2700.0,2704.0,1.0,0.175,71,1.7937447317653397,ok,0,10,8,0.0
chb08,chb08_21.edf,2700.0,2704.0,1.0,0.175,72,0.18642507739616473,ok,0,6,5,0.0
chb08,chb08_21.edf,2700.0,2704.0,1.0,0.175,73,0.6813797363286515,ok,0,10,9,0.0
chb08,chb08_21.edf,2700.0,2704.0,1.0,0.175,74,0.6373761215671587,ok,0,11,10,0.0
chb08,chb08_21.edf,2700.0,2704.0,1.0,0.175,75,0.06293706293706293,ok,0,8,5,0.0
chb08,chb08_21.edf,2700.0,2704.0,1.0,0.175,76,0.21554187051388352,ok,0,13,12,0.0
chb08,chb08_21.edf,2700.0,2704.0,1.0,0.175,77,1.261454559020981,ok,0,10,9,0.0
chb08,chb08_21.edf,2700.0,2704.0,1.0,0.175,78,1.9856992051961986,ok,0,12,11,0.0
chb08,chb08_21.edf,2700.0,2704.0,1.0,0.175,79,0.1609368397508929,ok,0,7,6,0.0
chb08,chb08_21.edf,2700.0,2704.0,1.0,0.175,80,0.8375512923759941,ok,0,11,9,0.0
chb08,chb08_21.edf,2700.0,2704.0,1.0,0.175,81,1.3218647883394035,ok,0,10,8,0.0
chb08,chb08_21.edf,2700.0,2704.0,1.0,0.35,62,0.7743914046997703,ok,0,11,10,0.0
chb08,chb08_21.edf,2700.0,2704.0,1.0,0.35,63,0.21488489744161204,ok,0,8,7,0.0
chb08,chb08_21.edf,2700.0,2704.0,1.0,0.35,64,0.17192047651837583,ok,0,10,9,0.0
chb08,chb08_21.edf,2700.0,2704.0,1.0,0.35,65,0.48620003231413916,ok,0,12,9,0.0
chb08,chb08_21.edf,2700.0,2704.0,1.0,0.35,66,1.3756822323974554,ok,0,13,11,0.0
chb08,chb08_21.edf,2700.0,2704.0,1.0,0.35,67,0.9360392022935914,ok,0,10,9,0.0
chb08,chb08_21.edf,2700.0,2704.0,1.0,0.35,68,1.481156597157811,ok,0,12,10,0.0
chb08,chb08_21.edf,2700.0,2704.0,1.0,0.35,69,1.133030991562399,ok,0,10,7,0.0
chb08,chb08_21.edf,2700.0,2704.0,1.0,0.35,70,1.0276969351850234,ok,0,12,10,0.0
chb08,chb08_21.edf,2700.0,2704.0,1.0,0.35,71,1.7530881326685384,ok,0,10,8,0.0
chb08,chb08_21.edf,2700.0,2704.0,1.0,0.35,72,0.18642507739616473,ok,0,6,5,0.0
chb08,chb08_21.edf,2700.0,2704.0,1.0,0.35,73,0.6998990109330644,ok,0,9,8,0.0
chb08,chb08_21.edf,2700.0,2704.0,1.0,0.35,74,0.6029555585889624,ok,0,10,9,0.0
chb08,chb08_21.edf,2700.0,2704.0,1.0,0.35,75,0.10760536471652639,ok,0,9,6,0.0
chb08,chb08_21.edf,2700.0,2704.0,1.0,0.35,76,0.22001449343180626,ok,0,12,11,0.0
chb08,chb08_21.edf,2700.0,2704.0,1.0,0.35,77,1.29355849819842,ok,0,9,8,0.0
chb08,chb08_21.edf,2700.0,2704.0,1.0,0.35,78,1.9858068615153706,ok,0,12,11,0.0
chb08,chb08_21.edf,2700.0,2704.0,1.0,0.35,79,0.1609368397508929,ok,0,7,6,0.0
chb08,chb08_21.edf,2700.0,2704.0,1.0,0.35,80,0.8375512923759941,ok,0,11,9,0.0
chb08,chb08_21.edf,2700.0,2704.0,1.0,0.35,81,1.358734595506705,ok,0,9,7,0.0
chb08,chb08_21.edf,2700.0,2704.0,1.0,0.7,62,0.7235284167972417,ok,0,11,9,0.0
chb08,chb08_21.edf,2700.0,2704.0,1.0,0.7,63,0.12926593967966718,ok,0,7,5,0.0
chb08,chb08_21.edf,2700.0,2704.0,1.0,0.7,64,0.18153227362254462,ok,0,10,9,0.0
chb08,chb08_21.edf,2700.0,2704.0,1.0,0.7,65,0.2685473529413434,ok,0,11,8,0.0
chb08,chb08_21.edf,2700.0,2704.0,1.0,0.7,66,1.3003850543856965,ok,0,12,10,0.0
chb08,chb08_21.edf,2700.0,2704.0,1.0,0.7,67,0.9360392022935914,ok,0,10,9,0.0
chb08,chb08_21.edf,2700.0,2704.0,1.0,0.7,68,1.481156597157811,ok,0,12,10,0.0
chb08,chb08_21.edf,2700.0,2704.0,1.0,0.7,69,0.8072068556575064,ok,0,10,8,0.0
chb08,chb08_21.edf,2700.0,2704.0,1.0,0.7,70,0.7101662633840492,ok,0,11,9,0.0
chb08,chb08_21.edf,2700.0,2704.0,1.0,0.7,71,1.7769625754534446,ok,0,11,9,0.0
chb08,chb08_21.edf,2700.0,2704.0,1.0,0.7,72,0.17941270087025635,ok,0,6,5,0.0
chb08,chb08_21.edf,2700.0,2704.0,1.0,0.7,73,0.7000212921338123,ok,0,9,8,0.0
chb08,chb08_21.edf,2700.0,2704.0,1.0,0.7,74,0.4825904306805487,ok,0,11,10,0.0
chb08,chb08_21.edf,2700.0,2704.0,1.0,0.7,75,0.11134353376110565,ok,0,10,7,0.0
chb08,chb08_21.edf,2700.0,2704.0,1.0,0.7,76,0.22001449343180626,ok,0,12,11,0.0
chb08,chb08_21.edf,2700.0,2704.0,1.0,0.7,77,1.0656184057744567,ok,0,9,8,0.0
chb08,chb08_21.edf,2700.0,2704.0,1.0,0.7,78,1.9857296540400216,ok,0,12,11,0.0
chb08,chb08_21.edf,2700.0,2704.0,1.0,0.7,79,0.1609368397508929,ok,0,7,6,0.0
chb08,chb08_21.edf,2700.0,2704.0,1.0,0.7,80,0.49530981524115625,ok,0,11,9,0.0
chb08,chb08_21.edf,2700.0,2704.0,1.0,0.7,81,1.358734595506705,ok,0,9,7,0.0
